wlData/contour/wl_2023090616.json
{"header": {"refTime": "2023-09-06T16:00:00.000Z", "nx": 21, "ny": 33, "lo1": 113.509, "la1": 22.2235, "lo2": 113.5947, "la2": 22.1034, "dx": 0.0042850000000001385, "dy": 0.003753125000000024, "parameterCategory": 0, "parameterCategoryName": "Temperature", "parameterNumber": 0}, "z": [[0.39, 0.4, 0.42, 0.43, 0.45, 0.45, 0.45, 0.41, 0.35, 0.31, 0.29, 0.28, 0.0, 0.0, 0.0, 0.0, 0.0, 0.0, 0.0, 0.0], [0.39, 0.4, 0.42, 0.44, 0.47, 0.5, 0.5, 0.44, 0.34, 0.28, 0.26, 0.0, 0.0, 0.0, 0.0, 0.0, 0.0, 0.0, 0.0, 0.0], [0.38, 0.39, 0.41, 0.44, 0.49, 0.56, 0.62, 0.49, 0.31, 0.22, 0.0, 0.0, 0.0, 0.0, 0.0, 0.0, 0.0, 0.0, 0.0, 0.0], [0.37, 0.38, 0.39, 0.42, 0.47, 0.58, 0.91, 0.53, 0.23, 0.0, 0.0, 0.0, 0.0, 0.0, 0.0, 0.0, 0.0, 0.0, 0.0, 0.0], [0.36, 0.36, 0.37, 0.38, 0.4, 0.45, 0.49, 0.36, 0.0, 0.0, 0.0, 0.0, 0.0, 0.0, 0.0, 0.0, 0.0, 0.0, 0.0, 0.0], [0.34, 0.34, 0.34, 0.34, 0.33, 0.0, 0.0, 0.0, 0.0, 0.0, 0.0, 0.0, 0.0, 0.0, 0.0, 0.0, 0.0, 0.0, 0.0, 0.0], [0.0, 0.0, 0.0, 0.0, 0.0, 0.0, 0.0, 0.0, 0.0, 0.0, 0.0, 0.0, 0.0, 0.0, 0.0, 0.0, 0.0, 0.0, 0.0, 0.0], [2.0, 1.99, 1.97, 0.0, 0.0, 0.0, 0.0, 0.0, 0.0, 0.0, 0.0, 0.0, 0.0, 0.0, 0.0, 0.0, 0.0, 0.0, 0.0, 0.0], [2.05, 2.06, 2.07, 2.08, 2.08, 1.96, 0.39, 0.0, 0.0, 0.0, 0.0, 0.0, 0.0, 0.0, 0.0, 0.0, 0.0, 0.0, 0.0, 0.0], [2.1, 2.13, 2.18, 2.26, 2.43, 2.93, 5.22, 2.51, 2.07, 1.97, 0.0, 0.0, 0.0, 0.0, 0.0, 0.0, 0.0, 0.0, 0.0, 0.67], [2.15, 2.19, 2.26, 2.37, 2.59, 3.01, 3.37, 2.78, 2.33, 2.14, 2.05, 0.0, 0.0, 0.0, 0.0, 0.0, 0.68, 0.69, 0.69, 0.69], [2.18, 2.23, 2.3, 2.41, 2.56, 2.75, 2.81, 2.63, 2.39, 2.23, 2.13, 2.07, 2.0, 0.68, 0.7, 0.7, 0.7, 0.7, 0.7, 0.7], [2.2, 2.25, 2.31, 2.39, 2.48, 2.57, 2.58, 2.5, 2.37, 2.25, 2.1, 0.64, 0.68, 0.69, 0.7, 0.7, 0.7, 0.7, 0.7, 0.7], [2.21, 2.25, 2.3, 2.35, 2.41, 2.45, 2.42, 2.31, 2.09, 1.86, 0.6, 0.64, 0.69, 0.71, 0.71, 0.71, 0.71, 0.71, 0.7, 0.7], [2.21, 2.24, 2.27, 2.28, 2.27, 2.22, 2.05, 1.82, 1.59, 0.0, 0.58, 0.64, 0.7, 0.72, 0.72, 0.72, 0.72, 0.71, 0.71, 0.7], [2.17, 2.17, 2.16, 2.12, 2.01, 1.85, 1.64, 0.0, 0.0, 0.0, 0.54, 0.65, 0.72, 0.74, 0.74, 0.73, 0.72, 0.71, 0.71, 0.7], [2.1, 2.06, 1.99, 1.9, 1.76, 0.0, 0.0, 0.0, 0.0, 0.0, 0.0, 0.67, 0.76, 0.77, 0.76, 0.74, 0.73, 0.72, 0.71, 0.7], [1.99, 1.93, 1.84, 1.72, 0.0, 0.0, 0.0, 0.0, 0.0, 0.0, 0.0, 0.69, 0.86, 0.83, 0.78, 0.75, 0.73, 0.72, 0.71, 0.7], [1.89, 1.81, 0.0, 0.0, 0.0, 0.0, 0.0, 0.0, 0.0, 0.0, 0.0, 0.42, 1.3, 0.85, 0.78, 0.74, 0.73, 0.72, 0.71, 0.7], [0.0, 0.0, 0.0, 0.0, 0.0, 0.0, 0.0, 0.0, 0.0, 0.0, 0.0, 0.42, 0.7, 0.77, 0.75, 0.73, 0.72, 0.71, 0.7, 0.7], [0.0, 0.0, 0.0, 0.0, 0.0, 0.0, 0.0, 0.0, 0.0, 0.0, 0.0, 0.56, 0.64, 0.7, 0.71, 0.71, 0.71, 0.7, 1.67, 1.68], [0.0, 0.0, 0.0, 0.0, 0.0, 0.0, 0.0, 0.0, 0.0, 0.0, 0.0, 0.6, 0.64, 0.67, 1.68, 1.71, 1.72, 1.72, 1.72, 1.72], [0.0, 0.0, 0.0, 0.0, 0.0, 0.0, 0.0, 0.0, 0.0, 0.0, 1.03, 1.14, 1.27, 1.35, 1.89, 1.86, 1.82, 1.8, 1.78, 1.76], [0.0, 0.0, 0.0, 0.0, 0.0, 0.0, 0.0, 0.99, 1.07, 1.17, 1.32, 1.54, 1.8, 1.86, 2.13, 2.01, 1.93, 1.87, 1.83, 1.81], [0.0, 0.0, 0.0, 0.0, 0.0, 0.93, 0.96, 1.01, 1.08, 1.21, 1.42, 1.78, 2.34, 2.43, 1.98, 2.13, 2.01, 1.93, 1.88, 1.84], [0.0, 0.0, 0.0, 0.91, 0.92, 0.93, 0.94, 0.98, 1.03, 1.13, 1.34, 1.72, 2.28, 2.39, 1.98, 1.71, 2.0, 1.93, 1.89, 1.86], [0.0, 0.91, 0.91, 0.91, 0.91, 0.91, 0.91, 0.91, 0.91, 0.95, 1.1, 1.4, 1.75, 1.88, 1.77, 1.62, 1.5, 1.88, 1.85, 1.83], [0.91, 0.91, 0.91, 0.9, 0.9, 0.88, 0.86, 0.83, 0.77, 0.69, 0.71, 0.99, 1.32, 1.5, 1.53, 1.48, 1.42, 1.82, 1.81, 1.79], [0.91, 0.91, 0.9, 0.9, 0.88, 0.86, 0.83, 0.76, 0.65, 0.42, 0.22, 0.67, 1.03, 1.24, 1.33, 1.35, 1.34, 1.31, 1.76, 1.76], [0.91, 0.91, 0.9, 0.89, 0.88, 0.85, 0.81, 0.74, 0.62, 0.44, 0.33, 0.62, 0.9, 1.09, 1.2, 1.25, 1.26, 1.25, 1.71, 1.72], [0.92, 0.91, 0.9, 0.89, 0.87, 0.85, 0.81, 0.75, 0.67, 0.59, 0.58, 0.7, 0.87, 1.02, 1.11, 1.17, 1.2, 1.21, 1.2, 1.69], [0.92, 0.91, 0.9, 0.89, 0.88, 0.85, 0.82, 0.78, 0.74, 0.7, 0.72, 0.79, 0.89, 0.99, 1.07, 1.12, 1.15, 1.17, 1.17, 1.17]]}