wlData/contour/wl_2023072821.json
{"header": {"refTime": "2023-07-28T21:00:00.000Z", "nx": 21, "ny": 33, "lo1": 113.509, "la1": 22.2235, "lo2": 113.5947, "la2": 22.1034, "dx": 0.0042850000000001385, "dy": 0.003753125000000024, "parameterCategory": 0, "parameterCategoryName": "Temperature", "parameterNumber": 0}, "z": [[0.78, 0.8, 0.83, 0.86, 0.89, 0.91, 0.89, 0.81, 0.71, 0.63, 0.58, 0.56, 0.0, 0.0, 0.0, 0.0, 0.0, 0.0, 0.0, 0.0], [0.77, 0.8, 0.83, 0.89, 0.94, 1.0, 1.0, 0.87, 0.69, 0.56, 0.52, 0.0, 0.0, 0.0, 0.0, 0.0, 0.0, 0.0, 0.0, 0.0], [0.76, 0.78, 0.82, 0.88, 0.98, 1.12, 1.24, 0.99, 0.61, 0.43, 0.0, 0.0, 0.0, 0.0, 0.0, 0.0, 0.0, 0.0, 0.0, 0.0], [0.74, 0.76, 0.79, 0.84, 0.94, 1.16, 1.81, 1.07, 0.46, 0.0, 0.0, 0.0, 0.0, 0.0, 0.0, 0.0, 0.0, 0.0, 0.0, 0.0], [0.71, 0.72, 0.74, 0.76, 0.81, 0.9, 0.97, 0.72, 0.0, 0.0, 0.0, 0.0, 0.0, 0.0, 0.0, 0.0, 0.0, 0.0, 0.0, 0.0], [0.68, 0.68, 0.68, 0.68, 0.66, 0.0, 0.0, 0.0, 0.0, 0.0, 0.0, 0.0, 0.0, 0.0, 0.0, 0.0, 0.0, 0.0, 0.0, 0.0], [0.0, 0.0, 0.0, 0.0, 0.0, 0.0, 0.0, 0.0, 0.0, 0.0, 0.0, 0.0, 0.0, 0.0, 0.0, 0.0, 0.0, 0.0, 0.0, 0.0], [2.34, 2.32, 2.29, 0.0, 0.0, 0.0, 0.0, 0.0, 0.0, 0.0, 0.0, 0.0, 0.0, 0.0, 0.0, 0.0, 0.0, 0.0, 0.0, 0.0], [2.4, 2.41, 2.42, 2.43, 2.43, 2.29, 0.46, 0.0, 0.0, 0.0, 0.0, 0.0, 0.0, 0.0, 0.0, 0.0, 0.0, 0.0, 0.0, 0.0], [2.46, 2.49, 2.54, 2.64, 2.84, 3.42, 6.09, 2.92, 2.42, 2.3, 0.0, 0.0, 0.0, 0.0, 0.0, 0.0, 0.0, 0.0, 0.0, 0.0], [2.51, 2.56, 2.63, 2.77, 3.02, 3.51, 3.93, 3.24, 2.72, 2.5, 2.39, 0.0, 0.0, 0.0, 0.0, 0.0, 0.0, 0.0, 0.0, 0.0], [2.54, 2.6, 2.68, 2.81, 2.99, 3.2, 3.28, 3.07, 2.79, 2.6, 2.48, 2.42, 2.34, 0.0, 0.0, 0.0, 0.0, 0.0, 0.0, 0.0], [2.56, 2.62, 2.69, 2.79, 2.9, 2.99, 3.01, 2.91, 2.76, 2.63, 2.45, 0.0, 0.0, 0.0, 0.0, 0.0, 0.0, 0.0, 0.0, 0.0], [2.57, 2.62, 2.68, 2.75, 2.81, 2.86, 2.83, 2.69, 2.44, 2.17, 0.0, 0.0, 0.0, 0.0, 0.0, 0.0, 0.0, 0.0, 0.0, 0.0], [2.58, 2.62, 2.65, 2.66, 2.64, 2.59, 2.39, 2.13, 1.85, 0.0, 0.0, 0.0, 0.0, 0.0, 0.0, 0.0, 0.0, 0.0, 0.0, 0.0], [2.53, 2.53, 2.52, 2.47, 2.34, 2.16, 1.92, 0.0, 0.0, 0.0, 0.0, 0.0, 0.0, 0.0, 0.0, 0.0, 0.0, 0.0, 0.0, 0.0], [2.45, 2.41, 2.33, 2.21, 2.05, 0.0, 0.0, 0.0, 0.0, 0.0, 0.0, 0.0, 0.0, 0.0, 0.0, 0.0, 0.0, 0.0, 0.0, 0.0], [2.32, 2.25, 2.15, 2.01, 0.0, 0.0, 0.0, 0.0, 0.0, 0.0, 0.0, 0.0, 0.0, 0.0, 0.0, 0.0, 0.0, 0.0, 0.0, 0.0], [2.2, 2.12, 0.0, 0.0, 0.0, 0.0, 0.0, 0.0, 0.0, 0.0, 0.0, 0.0, 0.0, 0.0, 0.0, 0.0, 0.0, 0.0, 0.0, 0.0], [0.0, 0.0, 0.0, 0.0, 0.0, 0.0, 0.0, 0.0, 0.0, 0.0, 0.0, 0.0, 0.0, 0.0, 0.0, 0.0, 0.0, 0.0, 0.0, 0.0], [0.0, 0.0, 0.0, 0.0, 0.0, 0.0, 0.0, 0.0, 0.0, 0.0, 0.0, 0.0, 0.0, 0.0, 0.0, 0.0, 0.0, 0.0, 2.28, 2.32], [0.0, 0.0, 0.0, 0.0, 0.0, 0.0, 0.0, 0.0, 0.0, 0.0, 0.0, 0.0, 0.0, 0.0, 2.35, 2.44, 2.47, 2.48, 2.48, 2.48], [0.0, 0.0, 0.0, 0.0, 0.0, 0.0, 0.0, 0.0, 0.0, 0.0, 2.41, 2.67, 2.97, 3.15, 3.1, 2.98, 2.86, 2.76, 2.69, 2.64], [0.0, 0.0, 0.0, 0.0, 0.0, 0.0, 0.0, 2.32, 2.5, 2.74, 3.07, 3.59, 4.19, 4.33, 3.95, 3.53, 3.23, 3.03, 2.89, 2.79], [0.0, 0.0, 0.0, 0.0, 0.0, 2.18, 2.24, 2.35, 2.53, 2.81, 3.31, 4.16, 5.45, 5.67, 4.63, 3.97, 3.53, 3.25, 3.06, 2.92], [0.0, 0.0, 0.0, 2.13, 2.14, 2.16, 2.2, 2.28, 2.4, 2.64, 3.13, 4.01, 5.33, 5.58, 4.61, 3.99, 3.59, 3.33, 3.14, 3.01], [0.0, 2.12, 2.12, 2.12, 2.12, 2.12, 2.12, 2.12, 2.13, 2.22, 2.56, 3.26, 4.08, 4.38, 4.12, 3.77, 3.49, 3.28, 3.12, 3.0], [2.13, 2.12, 2.12, 2.11, 2.09, 2.06, 2.02, 1.93, 1.79, 1.6, 1.66, 2.32, 3.07, 3.49, 3.56, 3.46, 3.32, 3.18, 3.06, 2.97], [2.13, 2.12, 2.11, 2.09, 2.06, 2.01, 1.93, 1.78, 1.51, 0.99, 0.51, 1.57, 2.4, 2.89, 3.11, 3.15, 3.12, 3.05, 2.98, 2.91], [2.13, 2.12, 2.1, 2.08, 2.04, 1.98, 1.89, 1.72, 1.45, 1.02, 0.78, 1.44, 2.1, 2.54, 2.8, 2.91, 2.94, 2.93, 2.89, 2.85], [2.14, 2.12, 2.1, 2.08, 2.04, 1.98, 1.88, 1.75, 1.57, 1.37, 1.36, 1.64, 2.04, 2.37, 2.6, 2.73, 2.79, 2.81, 2.81, 2.79], [2.14, 2.13, 2.11, 2.08, 2.04, 1.99, 1.91, 1.82, 1.72, 1.64, 1.67, 1.84, 2.07, 2.3, 2.49, 2.61, 2.68, 2.72, 2.73, 2.73]]}