wlData/contour/wl_2023090102.json
{"header": {"refTime": "2023-09-01T02:00:00.000Z", "nx": 21, "ny": 33, "lo1": 113.509, "la1": 22.2235, "lo2": 113.5947, "la2": 22.1034, "dx": 0.0042850000000001385, "dy": 0.003753125000000024, "parameterCategory": 0, "parameterCategoryName": "Temperature", "parameterNumber": 0}, "z": [[0.39, 0.4, 0.42, 0.43, 0.45, 0.45, 0.45, 0.41, 0.35, 0.31, 0.29, 0.28, 0.0, 0.0, 0.0, 0.0, 0.0, 0.0, 0.0, 0.0], [0.39, 0.4, 0.42, 0.44, 0.47, 0.5, 0.5, 0.44, 0.34, 0.28, 0.26, 0.0, 0.0, 0.0, 0.0, 0.0, 0.0, 0.0, 0.0, 0.0], [0.38, 0.39, 0.41, 0.44, 0.49, 0.56, 0.62, 0.49, 0.31, 0.22, 0.0, 0.0, 0.0, 0.0, 0.0, 0.0, 0.0, 0.0, 0.0, 0.0], [0.37, 0.38, 0.39, 0.42, 0.47, 0.58, 0.91, 0.53, 0.23, 0.0, 0.0, 0.0, 0.0, 0.0, 0.0, 0.0, 0.0, 0.0, 0.0, 0.0], [0.36, 0.36, 0.37, 0.38, 0.4, 0.45, 0.49, 0.36, 0.0, 0.0, 0.0, 0.0, 0.0, 0.0, 0.0, 0.0, 0.0, 0.0, 0.0, 0.0], [0.34, 0.34, 0.34, 0.34, 0.33, 0.0, 0.0, 0.0, 0.0, 0.0, 0.0, 0.0, 0.0, 0.0, 0.0, 0.0, 0.0, 0.0, 0.0, 0.0], [0.34, 0.34, 0.33, 0.0, 0.0, 0.0, 0.0, 0.0, 0.0, 0.0, 0.0, 0.0, 0.0, 0.0, 0.0, 0.0, 0.0, 0.0, 0.0, 0.0], [0.67, 0.67, 0.67, 0.35, 0.35, 0.34, 0.0, 0.0, 0.0, 0.0, 0.0, 0.0, 0.0, 0.0, 0.0, 0.0, 0.0, 0.0, 0.0, 0.0], [0.68, 0.69, 0.69, 0.7, 0.71, 0.75, 0.94, 0.37, 0.31, 0.0, 0.0, 0.0, 0.0, 0.0, 0.0, 0.0, 0.0, 0.0, 0.0, 0.0], [0.69, 0.7, 0.71, 0.72, 0.75, 0.82, 0.96, 0.76, 0.68, 0.66, 0.0, 0.0, 0.0, 0.0, 0.0, 0.0, 0.0, 0.0, 0.0, 0.0], [0.7, 0.7, 0.72, 0.73, 0.76, 0.8, 0.83, 0.77, 0.71, 0.68, 0.67, 0.0, 0.0, 0.0, 0.0, 0.0, 0.0, 0.0, 0.0, 0.0], [0.7, 0.71, 0.72, 0.74, 0.75, 0.77, 0.77, 0.75, 0.72, 0.7, 0.68, 0.67, 0.33, 0.0, 0.0, 0.0, 0.0, 0.0, 0.0, 0.0], [0.7, 0.71, 0.72, 0.73, 0.74, 0.75, 0.75, 0.74, 0.72, 0.7, 0.35, 0.0, 0.0, 0.0, 0.0, 0.0, 0.0, 0.0, 0.0, 0.0], [0.7, 0.71, 0.72, 0.72, 0.73, 0.73, 0.72, 0.7, 0.35, 0.31, 0.0, 0.0, 0.0, 0.0, 0.0, 0.0, 0.0, 0.0, 0.0, 0.0], [0.7, 0.71, 0.71, 0.71, 0.69, 0.68, 0.34, 0.3, 0.26, 0.0, 0.0, 0.0, 0.0, 0.0, 0.0, 0.0, 0.0, 0.0, 0.0, 0.0], [0.69, 0.69, 0.68, 0.35, 0.33, 0.31, 0.27, 0.0, 0.0, 0.0, 0.0, 0.0, 0.0, 0.0, 0.0, 0.0, 0.0, 0.0, 0.0, 0.0], [0.67, 0.34, 0.33, 0.32, 0.29, 0.0, 0.0, 0.0, 0.0, 0.0, 0.0, 0.0, 0.0, 0.0, 0.0, 0.0, 0.0, 0.0, 0.0, 0.0], [0.33, 0.32, 0.31, 0.29, 0.0, 0.0, 0.0, 0.0, 0.0, 0.0, 0.0, 0.0, 0.0, 0.0, 0.0, 0.0, 0.0, 0.0, 0.0, 0.0], [0.31, 0.3, 0.0, 0.0, 0.0, 0.0, 0.0, 0.0, 0.0, 0.0, 0.0, 0.0, 0.0, 0.0, 0.0, 0.0, 0.0, 0.0, 0.0, 0.0], [0.0, 0.0, 0.0, 0.0, 0.0, 0.0, 0.0, 0.0, 0.0, 0.0, 0.0, 0.0, 0.0, 0.0, 0.0, 0.0, 0.0, 0.0, 0.0, 0.0], [0.0, 0.0, 0.0, 0.0, 0.0, 0.0, 0.0, 0.0, 0.0, 0.0, 0.0, 0.0, 0.0, 0.0, 0.0, 0.0, 0.0, 0.0, 3.26, 3.32], [0.0, 0.0, 0.0, 0.0, 0.0, 0.0, 0.0, 0.0, 0.0, 0.0, 0.0, 0.0, 0.0, 0.0, 3.36, 3.48, 3.53, 3.55, 3.54, 3.54], [0.0, 0.0, 0.0, 0.0, 0.0, 0.0, 0.0, 0.0, 0.0, 0.0, 3.45, 3.81, 4.24, 4.5, 4.43, 4.25, 4.08, 3.94, 3.84, 3.77], [0.0, 0.0, 0.0, 0.0, 0.0, 0.0, 0.0, 3.32, 3.57, 3.91, 4.39, 5.13, 5.99, 6.19, 5.64, 5.04, 4.62, 4.33, 4.13, 3.98], [0.0, 0.0, 0.0, 0.0, 0.0, 3.11, 3.2, 3.35, 3.61, 4.02, 4.73, 5.94, 7.79, 8.1, 6.61, 5.66, 5.05, 4.64, 4.37, 4.18], [0.0, 0.0, 0.0, 3.04, 3.06, 3.09, 3.15, 3.25, 3.42, 3.77, 4.47, 5.72, 7.61, 7.97, 6.59, 5.7, 5.13, 4.75, 4.49, 4.29], [0.0, 3.03, 3.03, 3.03, 3.03, 3.03, 3.03, 3.03, 3.04, 3.17, 3.65, 4.65, 5.83, 6.26, 5.88, 5.39, 4.99, 4.69, 4.46, 4.28], [3.04, 3.03, 3.02, 3.01, 2.99, 2.95, 2.88, 2.76, 2.55, 2.29, 2.38, 3.31, 4.38, 4.99, 5.08, 4.94, 4.74, 4.54, 4.38, 4.24], [3.05, 3.03, 3.01, 2.99, 2.94, 2.88, 2.76, 2.55, 2.16, 1.42, 0.73, 2.25, 3.43, 4.13, 4.44, 4.51, 4.46, 4.36, 4.26, 4.16], [3.05, 3.03, 3.01, 2.97, 2.92, 2.83, 2.69, 2.46, 2.07, 1.46, 1.12, 2.06, 3.0, 3.63, 3.99, 4.16, 4.2, 4.18, 4.13, 4.07], [3.05, 3.03, 3.0, 2.97, 2.91, 2.82, 2.69, 2.5, 2.24, 1.96, 1.94, 2.35, 2.91, 3.39, 3.71, 3.9, 3.99, 4.02, 4.01, 3.98], [3.06, 3.04, 3.01, 2.97, 2.92, 2.84, 2.74, 2.6, 2.45, 2.35, 2.39, 2.62, 2.96, 3.29, 3.55, 3.73, 3.83, 3.88, 3.9, 3.9]]}