wlData/contour/wl_2023083122.json
{"header": {"refTime": "2023-08-31T22:00:00.000Z", "nx": 21, "ny": 33, "lo1": 113.509, "la1": 22.2235, "lo2": 113.5947, "la2": 22.1034, "dx": 0.0042850000000001385, "dy": 0.003753125000000024, "parameterCategory": 0, "parameterCategoryName": "Temperature", "parameterNumber": 0}, "z": [[0.39, 0.4, 0.42, 0.43, 0.45, 0.45, 0.45, 0.41, 0.35, 0.31, 0.29, 0.28, 0.0, 0.0, 0.0, 0.0, 0.0, 0.0, 0.0, 0.0], [0.39, 0.4, 0.42, 0.44, 0.47, 0.5, 0.5, 0.44, 0.34, 0.28, 0.26, 0.0, 0.0, 0.0, 0.0, 0.0, 0.0, 0.0, 0.0, 0.0], [0.38, 0.39, 0.41, 0.44, 0.49, 0.56, 0.62, 0.49, 0.31, 0.22, 0.0, 0.0, 0.0, 0.0, 0.0, 0.0, 0.0, 0.0, 0.0, 0.0], [0.37, 0.38, 0.39, 0.42, 0.47, 0.58, 0.91, 0.53, 0.23, 0.0, 0.0, 0.0, 0.0, 0.0, 0.0, 0.0, 0.0, 0.0, 0.0, 0.0], [0.36, 0.36, 0.37, 0.38, 0.4, 0.45, 0.49, 0.36, 0.0, 0.0, 0.0, 0.0, 0.0, 0.0, 0.0, 0.0, 0.0, 0.0, 0.0, 0.0], [0.34, 0.34, 0.34, 0.34, 0.33, 0.0, 0.0, 0.0, 0.0, 0.0, 0.0, 0.0, 0.0, 0.0, 0.0, 0.0, 0.0, 0.0, 0.0, 0.0], [0.67, 0.67, 0.67, 0.0, 0.0, 0.0, 0.0, 0.0, 0.0, 0.0, 0.0, 0.0, 0.0, 0.0, 0.0, 0.0, 0.0, 0.0, 0.0, 0.0], [1.01, 1.01, 1.02, 0.7, 0.7, 0.68, 0.0, 0.0, 0.0, 0.0, 0.0, 0.0, 0.0, 0.0, 0.0, 0.0, 0.0, 0.0, 0.0, 0.0], [1.02, 1.03, 1.04, 1.05, 1.08, 1.17, 1.82, 0.73, 0.62, 0.0, 0.0, 0.0, 0.0, 0.0, 0.0, 0.0, 0.0, 0.0, 0.0, 0.0], [1.03, 1.04, 1.05, 1.07, 1.1, 1.14, 1.05, 1.1, 1.01, 0.98, 0.0, 0.0, 0.0, 0.0, 0.0, 0.0, 0.0, 0.0, 0.0, 0.0], [1.04, 1.04, 1.06, 1.07, 1.09, 1.1, 1.09, 1.08, 1.04, 1.01, 1.0, 0.0, 0.0, 0.0, 0.0, 0.0, 0.0, 0.0, 0.0, 0.0], [1.04, 1.05, 1.06, 1.07, 1.08, 1.08, 1.08, 1.06, 1.04, 1.02, 1.01, 1.0, 0.33, 0.0, 0.0, 0.0, 0.0, 0.0, 0.0, 0.0], [1.04, 1.05, 1.05, 1.06, 1.07, 1.07, 1.06, 1.06, 1.04, 1.03, 0.35, 0.0, 0.0, 0.0, 0.0, 0.0, 0.0, 0.0, 0.0, 0.0], [1.04, 1.05, 1.05, 1.06, 1.06, 1.06, 1.04, 1.01, 0.35, 0.31, 0.0, 0.0, 0.0, 0.0, 0.0, 0.0, 0.0, 0.0, 0.0, 0.0], [1.04, 1.04, 1.04, 1.03, 1.01, 0.98, 0.34, 0.3, 0.26, 0.0, 0.0, 0.0, 0.0, 0.0, 0.0, 0.0, 0.0, 0.0, 0.0, 0.0], [1.02, 1.01, 1.0, 0.35, 0.33, 0.31, 0.27, 0.0, 0.0, 0.0, 0.0, 0.0, 0.0, 0.0, 0.0, 0.0, 0.0, 0.0, 0.0, 0.0], [0.99, 0.34, 0.33, 0.32, 0.29, 0.0, 0.0, 0.0, 0.0, 0.0, 0.0, 0.0, 0.0, 0.0, 0.0, 0.0, 0.0, 0.0, 0.0, 0.0], [0.33, 0.32, 0.31, 0.29, 0.0, 0.0, 0.0, 0.0, 0.0, 0.0, 0.0, 0.0, 0.0, 0.0, 0.0, 0.0, 0.0, 0.0, 0.0, 0.0], [0.31, 0.3, 0.0, 0.0, 0.0, 0.0, 0.0, 0.0, 0.0, 0.0, 0.0, 0.0, 0.0, 0.0, 0.0, 0.0, 0.0, 0.0, 0.0, 0.0], [0.0, 0.0, 0.0, 0.0, 0.0, 0.0, 0.0, 0.0, 0.0, 0.0, 0.0, 0.0, 0.0, 0.0, 0.0, 0.0, 0.0, 0.0, 0.0, 0.0], [0.0, 0.0, 0.0, 0.0, 0.0, 0.0, 0.0, 0.0, 0.0, 0.0, 0.0, 0.0, 0.0, 0.0, 0.0, 0.0, 0.0, 0.0, 4.57, 4.64], [0.0, 0.0, 0.0, 0.0, 0.0, 0.0, 0.0, 0.0, 0.0, 0.0, 0.0, 0.0, 0.0, 0.0, 4.71, 4.87, 4.94, 4.96, 4.96, 4.95], [0.0, 0.0, 0.0, 0.0, 0.0, 0.0, 0.0, 0.0, 0.0, 0.0, 4.83, 5.33, 5.94, 6.3, 6.21, 5.95, 5.71, 5.52, 5.38, 5.27], [0.0, 0.0, 0.0, 0.0, 0.0, 0.0, 0.0, 4.64, 5.0, 5.48, 6.15, 7.19, 8.39, 8.67, 7.89, 7.06, 6.46, 6.06, 5.78, 5.58], [0.0, 0.0, 0.0, 0.0, 0.0, 4.35, 4.48, 4.69, 5.05, 5.63, 6.63, 8.31, 10.9, 11.34, 9.26, 7.93, 7.06, 6.5, 6.12, 5.85], [0.0, 0.0, 0.0, 4.25, 4.28, 4.32, 4.41, 4.55, 4.79, 5.28, 6.26, 8.01, 10.66, 11.16, 9.22, 7.97, 7.18, 6.65, 6.28, 6.01], [0.0, 4.25, 4.24, 4.24, 4.24, 4.24, 4.24, 4.24, 4.26, 4.44, 5.11, 6.52, 8.16, 8.77, 8.24, 7.54, 6.98, 6.56, 6.24, 6.0], [4.26, 4.25, 4.23, 4.21, 4.18, 4.13, 4.04, 3.87, 3.57, 3.2, 3.33, 4.64, 6.14, 6.98, 7.12, 6.91, 6.63, 6.36, 6.13, 5.93], [4.27, 4.25, 4.22, 4.18, 4.12, 4.03, 3.86, 3.56, 3.02, 1.98, 1.03, 3.15, 4.8, 5.78, 6.22, 6.31, 6.24, 6.11, 5.96, 5.83], [4.27, 4.24, 4.21, 4.16, 4.08, 3.97, 3.77, 3.44, 2.9, 2.05, 1.56, 2.88, 4.2, 5.09, 5.59, 5.82, 5.88, 5.86, 5.79, 5.7], [4.27, 4.25, 4.21, 4.15, 4.07, 3.95, 3.77, 3.5, 3.13, 2.75, 2.71, 3.29, 4.08, 4.75, 5.2, 5.46, 5.59, 5.63, 5.62, 5.58], [4.28, 4.25, 4.21, 4.16, 4.08, 3.98, 3.83, 3.64, 3.43, 3.29, 3.34, 3.67, 4.15, 4.61, 4.97, 5.22, 5.36, 5.44, 5.46, 5.46]]}