wlData/contour/wl_2023090709.json
{"header": {"refTime": "2023-09-07T09:00:00.000Z", "nx": 21, "ny": 33, "lo1": 113.509, "la1": 22.2235, "lo2": 113.5947, "la2": 22.1034, "dx": 0.0042850000000001385, "dy": 0.003753125000000024, "parameterCategory": 0, "parameterCategoryName": "Temperature", "parameterNumber": 0}, "z": [[0.39, 0.4, 0.42, 0.43, 0.45, 0.45, 0.45, 0.41, 0.35, 0.31, 0.29, 0.28, 0.0, 0.0, 0.0, 0.0, 0.0, 0.0, 0.0, 0.0], [0.39, 0.4, 0.42, 0.44, 0.47, 0.5, 0.5, 0.44, 0.34, 0.28, 0.26, 0.0, 0.0, 0.0, 0.0, 0.0, 0.0, 0.0, 0.0, 0.0], [0.38, 0.39, 0.41, 0.44, 0.49, 0.56, 0.62, 0.49, 0.31, 0.22, 0.0, 0.0, 0.0, 0.0, 0.0, 0.0, 0.0, 0.0, 0.0, 0.0], [0.37, 0.38, 0.39, 0.42, 0.47, 0.58, 0.91, 0.53, 0.23, 0.0, 0.0, 0.0, 0.0, 0.0, 0.0, 0.0, 0.0, 0.0, 0.0, 0.0], [0.36, 0.36, 0.37, 0.38, 0.4, 0.45, 0.49, 0.36, 0.0, 0.0, 0.0, 0.0, 0.0, 0.0, 0.0, 0.0, 0.0, 0.0, 0.0, 0.0], [0.34, 0.34, 0.34, 0.34, 0.33, 0.0, 0.0, 0.0, 0.0, 0.0, 0.0, 0.0, 0.0, 0.0, 0.0, 0.0, 0.0, 0.0, 0.0, 0.0], [0.0, 0.0, 0.0, 0.0, 0.0, 0.0, 0.0, 0.0, 0.0, 0.0, 0.0, 0.0, 0.0, 0.0, 0.0, 0.0, 0.0, 0.0, 0.0, 0.0], [3.34, 3.32, 3.28, 0.0, 0.0, 0.0, 0.0, 0.0, 0.0, 0.0, 0.0, 0.0, 0.0, 0.0, 0.0, 0.0, 0.0, 0.0, 0.0, 0.0], [3.42, 3.44, 3.45, 3.47, 3.47, 3.27, 0.66, 0.0, 0.0, 0.0, 0.0, 0.0, 0.0, 0.0, 0.0, 0.0, 0.0, 0.0, 0.0, 0.0], [3.51, 3.56, 3.63, 3.77, 4.05, 4.89, 8.69, 4.18, 3.46, 3.28, 0.0, 0.0, 0.0, 0.0, 0.0, 0.0, 0.0, 0.0, 0.0, 0.67], [3.58, 3.65, 3.76, 3.96, 4.32, 5.02, 5.62, 4.63, 3.89, 3.56, 3.42, 0.0, 0.0, 0.0, 0.0, 0.0, 0.68, 0.69, 0.69, 0.69], [3.63, 3.71, 3.83, 4.01, 4.27, 4.58, 4.69, 4.38, 3.99, 3.71, 3.55, 3.45, 3.34, 0.68, 0.7, 0.7, 0.7, 0.7, 0.7, 0.7], [3.66, 3.74, 3.85, 3.98, 4.14, 4.28, 4.3, 4.16, 3.95, 3.76, 3.49, 0.64, 0.68, 0.69, 0.7, 0.7, 0.7, 0.7, 0.7, 0.7], [3.68, 3.75, 3.83, 3.92, 4.02, 4.08, 4.04, 3.85, 3.49, 3.1, 0.6, 0.64, 0.69, 0.71, 0.71, 0.71, 0.71, 0.71, 0.7, 0.7], [3.68, 3.74, 3.79, 3.8, 3.78, 3.7, 3.41, 3.04, 2.65, 0.0, 0.58, 0.64, 0.7, 0.72, 0.72, 0.72, 0.72, 0.71, 0.71, 0.7], [3.62, 3.61, 3.6, 3.53, 3.35, 3.09, 2.74, 0.0, 0.0, 0.0, 0.54, 0.65, 0.72, 0.74, 0.74, 0.73, 0.72, 0.71, 0.71, 0.7], [3.5, 3.44, 3.32, 3.16, 2.93, 0.0, 0.0, 0.0, 0.0, 0.0, 0.0, 0.67, 0.76, 0.77, 0.76, 0.74, 0.73, 0.72, 0.71, 0.7], [3.31, 3.21, 3.06, 2.87, 0.0, 0.0, 0.0, 0.0, 0.0, 0.0, 0.0, 0.69, 0.86, 0.83, 0.78, 0.75, 0.73, 0.72, 0.71, 0.7], [3.15, 3.02, 0.0, 0.0, 0.0, 0.0, 0.0, 0.0, 0.0, 0.0, 0.0, 0.42, 1.3, 0.85, 0.78, 0.74, 0.73, 0.72, 0.71, 0.7], [0.0, 0.0, 0.0, 0.0, 0.0, 0.0, 0.0, 0.0, 0.0, 0.0, 0.0, 0.42, 0.7, 0.77, 0.75, 0.73, 0.72, 0.71, 0.7, 0.7], [0.0, 0.0, 0.0, 0.0, 0.0, 0.0, 0.0, 0.0, 0.0, 0.0, 0.0, 0.56, 0.64, 0.7, 0.71, 0.71, 0.71, 0.7, 5.26, 5.33], [0.0, 0.0, 0.0, 0.0, 0.0, 0.0, 0.0, 0.0, 0.0, 0.0, 0.0, 0.6, 0.64, 0.67, 5.38, 5.54, 5.6, 5.62, 5.62, 5.61], [0.0, 0.0, 0.0, 0.0, 0.0, 0.0, 0.0, 0.0, 0.0, 0.0, 4.83, 5.33, 5.94, 6.3, 6.77, 6.53, 6.31, 6.14, 6.01, 5.91], [0.0, 0.0, 0.0, 0.0, 0.0, 0.0, 0.0, 4.64, 5.0, 5.48, 6.15, 7.19, 8.39, 8.67, 8.33, 7.56, 7.01, 6.63, 6.37, 6.19], [0.0, 0.0, 0.0, 0.0, 0.0, 4.35, 4.48, 4.69, 5.05, 5.63, 6.63, 8.31, 10.9, 11.34, 9.26, 8.36, 7.56, 7.04, 6.69, 6.43], [0.0, 0.0, 0.0, 4.25, 4.28, 4.32, 4.41, 4.55, 4.79, 5.28, 6.26, 8.01, 10.66, 11.16, 9.22, 7.97, 7.64, 7.16, 6.82, 6.58], [0.0, 4.25, 4.24, 4.24, 4.24, 4.24, 4.24, 4.24, 4.26, 4.44, 5.11, 6.52, 8.16, 8.77, 8.24, 7.54, 6.98, 7.04, 6.76, 6.54], [4.26, 4.25, 4.23, 4.21, 4.18, 4.13, 4.04, 3.87, 3.57, 3.2, 3.33, 4.64, 6.14, 6.98, 7.12, 6.91, 6.63, 6.82, 6.62, 6.45], [4.27, 4.25, 4.22, 4.18, 4.12, 4.03, 3.86, 3.56, 3.02, 1.98, 1.03, 3.15, 4.8, 5.78, 6.22, 6.31, 6.24, 6.11, 6.45, 6.34], [4.27, 4.24, 4.21, 4.16, 4.08, 3.97, 3.77, 3.44, 2.9, 2.05, 1.56, 2.88, 4.2, 5.09, 5.59, 5.82, 5.88, 5.86, 6.26, 6.2], [4.27, 4.25, 4.21, 4.15, 4.07, 3.95, 3.77, 3.5, 3.13, 2.75, 2.71, 3.29, 4.08, 4.75, 5.2, 5.46, 5.59, 5.63, 5.62, 6.07], [4.28, 4.25, 4.21, 4.16, 4.08, 3.98, 3.83, 3.64, 3.43, 3.29, 3.34, 3.67, 4.15, 4.61, 4.97, 5.22, 5.36, 5.44, 5.46, 5.46]]}