wlData/contour/wl_2023083123.json
{"header": {"refTime": "2023-08-31T23:00:00.000Z", "nx": 21, "ny": 33, "lo1": 113.509, "la1": 22.2235, "lo2": 113.5947, "la2": 22.1034, "dx": 0.0042850000000001385, "dy": 0.003753125000000024, "parameterCategory": 0, "parameterCategoryName": "Temperature", "parameterNumber": 0}, "z": [[0.39, 0.4, 0.42, 0.43, 0.45, 0.45, 0.45, 0.41, 0.35, 0.31, 0.29, 0.28, 0.0, 0.0, 0.0, 0.0, 0.0, 0.0, 0.0, 0.0], [0.39, 0.4, 0.42, 0.44, 0.47, 0.5, 0.5, 0.44, 0.34, 0.28, 0.26, 0.0, 0.0, 0.0, 0.0, 0.0, 0.0, 0.0, 0.0, 0.0], [0.38, 0.39, 0.41, 0.44, 0.49, 0.56, 0.62, 0.49, 0.31, 0.22, 0.0, 0.0, 0.0, 0.0, 0.0, 0.0, 0.0, 0.0, 0.0, 0.0], [0.37, 0.38, 0.39, 0.42, 0.47, 0.58, 0.91, 0.53, 0.23, 0.0, 0.0, 0.0, 0.0, 0.0, 0.0, 0.0, 0.0, 0.0, 0.0, 0.0], [0.36, 0.36, 0.37, 0.38, 0.4, 0.45, 0.49, 0.36, 0.0, 0.0, 0.0, 0.0, 0.0, 0.0, 0.0, 0.0, 0.0, 0.0, 0.0, 0.0], [0.34, 0.34, 0.34, 0.34, 0.33, 0.0, 0.0, 0.0, 0.0, 0.0, 0.0, 0.0, 0.0, 0.0, 0.0, 0.0, 0.0, 0.0, 0.0, 0.0], [0.67, 0.67, 0.67, 0.0, 0.0, 0.0, 0.0, 0.0, 0.0, 0.0, 0.0, 0.0, 0.0, 0.0, 0.0, 0.0, 0.0, 0.0, 0.0, 0.0], [1.01, 1.01, 1.02, 0.7, 0.7, 0.68, 0.0, 0.0, 0.0, 0.0, 0.0, 0.0, 0.0, 0.0, 0.0, 0.0, 0.0, 0.0, 0.0, 0.0], [1.02, 1.03, 1.04, 1.05, 1.08, 1.17, 1.82, 0.73, 0.62, 0.0, 0.0, 0.0, 0.0, 0.0, 0.0, 0.0, 0.0, 0.0, 0.0, 0.0], [1.03, 1.04, 1.05, 1.07, 1.1, 1.14, 1.05, 1.1, 1.01, 0.98, 0.0, 0.0, 0.0, 0.0, 0.0, 0.0, 0.0, 0.0, 0.0, 0.0], [1.04, 1.04, 1.06, 1.07, 1.09, 1.1, 1.09, 1.08, 1.04, 1.01, 1.0, 0.0, 0.0, 0.0, 0.0, 0.0, 0.0, 0.0, 0.0, 0.0], [1.04, 1.05, 1.06, 1.07, 1.08, 1.08, 1.08, 1.06, 1.04, 1.02, 1.01, 1.0, 0.33, 0.0, 0.0, 0.0, 0.0, 0.0, 0.0, 0.0], [1.04, 1.05, 1.05, 1.06, 1.07, 1.07, 1.06, 1.06, 1.04, 1.03, 0.35, 0.0, 0.0, 0.0, 0.0, 0.0, 0.0, 0.0, 0.0, 0.0], [1.04, 1.05, 1.05, 1.06, 1.06, 1.06, 1.04, 1.01, 0.35, 0.31, 0.0, 0.0, 0.0, 0.0, 0.0, 0.0, 0.0, 0.0, 0.0, 0.0], [1.04, 1.04, 1.04, 1.03, 1.01, 0.98, 0.34, 0.3, 0.26, 0.0, 0.0, 0.0, 0.0, 0.0, 0.0, 0.0, 0.0, 0.0, 0.0, 0.0], [1.02, 1.01, 1.0, 0.35, 0.33, 0.31, 0.27, 0.0, 0.0, 0.0, 0.0, 0.0, 0.0, 0.0, 0.0, 0.0, 0.0, 0.0, 0.0, 0.0], [0.99, 0.34, 0.33, 0.32, 0.29, 0.0, 0.0, 0.0, 0.0, 0.0, 0.0, 0.0, 0.0, 0.0, 0.0, 0.0, 0.0, 0.0, 0.0, 0.0], [0.33, 0.32, 0.31, 0.29, 0.0, 0.0, 0.0, 0.0, 0.0, 0.0, 0.0, 0.0, 0.0, 0.0, 0.0, 0.0, 0.0, 0.0, 0.0, 0.0], [0.31, 0.3, 0.0, 0.0, 0.0, 0.0, 0.0, 0.0, 0.0, 0.0, 0.0, 0.0, 0.0, 0.0, 0.0, 0.0, 0.0, 0.0, 0.0, 0.0], [0.0, 0.0, 0.0, 0.0, 0.0, 0.0, 0.0, 0.0, 0.0, 0.0, 0.0, 0.0, 0.0, 0.0, 0.0, 0.0, 0.0, 0.0, 0.0, 0.0], [0.0, 0.0, 0.0, 0.0, 0.0, 0.0, 0.0, 0.0, 0.0, 0.0, 0.0, 0.0, 0.0, 0.0, 0.0, 0.0, 0.0, 0.0, 3.59, 3.65], [0.0, 0.0, 0.0, 0.0, 0.0, 0.0, 0.0, 0.0, 0.0, 0.0, 0.0, 0.0, 0.0, 0.0, 3.7, 3.83, 3.88, 3.9, 3.9, 3.89], [0.0, 0.0, 0.0, 0.0, 0.0, 0.0, 0.0, 0.0, 0.0, 0.0, 3.79, 4.19, 4.67, 4.95, 4.88, 4.68, 4.49, 4.34, 4.23, 4.14], [0.0, 0.0, 0.0, 0.0, 0.0, 0.0, 0.0, 3.65, 3.93, 4.3, 4.83, 5.65, 6.59, 6.81, 6.2, 5.55, 5.08, 4.76, 4.54, 4.38], [0.0, 0.0, 0.0, 0.0, 0.0, 3.42, 3.52, 3.69, 3.97, 4.42, 5.21, 6.53, 8.57, 8.91, 7.27, 6.23, 5.55, 5.11, 4.81, 4.59], [0.0, 0.0, 0.0, 3.34, 3.36, 3.4, 3.46, 3.58, 3.77, 4.15, 4.91, 6.29, 8.38, 8.77, 7.25, 6.27, 5.64, 5.23, 4.94, 4.72], [0.0, 3.34, 3.33, 3.33, 3.33, 3.33, 3.33, 3.33, 3.35, 3.49, 4.02, 5.12, 6.41, 6.89, 6.47, 5.93, 5.49, 5.15, 4.9, 4.71], [3.35, 3.34, 3.33, 3.31, 3.28, 3.24, 3.17, 3.04, 2.81, 2.51, 2.61, 3.64, 4.82, 5.48, 5.59, 5.43, 5.21, 5.0, 4.81, 4.66], [3.35, 3.34, 3.32, 3.29, 3.24, 3.16, 3.04, 2.8, 2.37, 1.56, 0.81, 2.47, 3.78, 4.55, 4.88, 4.96, 4.9, 4.8, 4.69, 4.58], [3.35, 3.33, 3.31, 3.27, 3.21, 3.12, 2.96, 2.71, 2.28, 1.61, 1.23, 2.26, 3.3, 4.0, 4.39, 4.57, 4.62, 4.6, 4.55, 4.48], [3.36, 3.34, 3.31, 3.26, 3.2, 3.1, 2.96, 2.75, 2.46, 2.16, 2.13, 2.58, 3.21, 3.73, 4.08, 4.29, 4.39, 4.42, 4.41, 4.38], [3.36, 3.34, 3.31, 3.27, 3.21, 3.13, 3.01, 2.86, 2.7, 2.58, 2.63, 2.88, 3.26, 3.62, 3.91, 4.1, 4.21, 4.27, 4.29, 4.29]]}