wlData/contour/wl_2023090706.json
{"header": {"refTime": "2023-09-07T06:00:00.000Z", "nx": 21, "ny": 33, "lo1": 113.509, "la1": 22.2235, "lo2": 113.5947, "la2": 22.1034, "dx": 0.0042850000000001385, "dy": 0.003753125000000024, "parameterCategory": 0, "parameterCategoryName": "Temperature", "parameterNumber": 0}, "z": [[0.39, 0.4, 0.42, 0.43, 0.45, 0.45, 0.45, 0.41, 0.35, 0.31, 0.29, 0.28, 0.0, 0.0, 0.0, 0.0, 0.0, 0.0, 0.0, 0.0], [0.39, 0.4, 0.42, 0.44, 0.47, 0.5, 0.5, 0.44, 0.34, 0.28, 0.26, 0.0, 0.0, 0.0, 0.0, 0.0, 0.0, 0.0, 0.0, 0.0], [0.38, 0.39, 0.41, 0.44, 0.49, 0.56, 0.62, 0.49, 0.31, 0.22, 0.0, 0.0, 0.0, 0.0, 0.0, 0.0, 0.0, 0.0, 0.0, 0.0], [0.37, 0.38, 0.39, 0.42, 0.47, 0.58, 0.91, 0.53, 0.23, 0.0, 0.0, 0.0, 0.0, 0.0, 0.0, 0.0, 0.0, 0.0, 0.0, 0.0], [0.36, 0.36, 0.37, 0.38, 0.4, 0.45, 0.49, 0.36, 0.0, 0.0, 0.0, 0.0, 0.0, 0.0, 0.0, 0.0, 0.0, 0.0, 0.0, 0.0], [0.34, 0.34, 0.34, 0.34, 0.33, 0.0, 0.0, 0.0, 0.0, 0.0, 0.0, 0.0, 0.0, 0.0, 0.0, 0.0, 0.0, 0.0, 0.0, 0.0], [0.0, 0.0, 0.0, 0.0, 0.0, 0.0, 0.0, 0.0, 0.0, 0.0, 0.0, 0.0, 0.0, 0.0, 0.0, 0.0, 0.0, 0.0, 0.0, 0.0], [2.0, 1.99, 1.97, 0.0, 0.0, 0.0, 0.0, 0.0, 0.0, 0.0, 0.0, 0.0, 0.0, 0.0, 0.0, 0.0, 0.0, 0.0, 0.0, 0.0], [2.05, 2.06, 2.07, 2.08, 2.08, 1.96, 0.39, 0.0, 0.0, 0.0, 0.0, 0.0, 0.0, 0.0, 0.0, 0.0, 0.0, 0.0, 0.0, 0.0], [2.1, 2.13, 2.18, 2.26, 2.43, 2.93, 5.22, 2.51, 2.07, 1.97, 0.0, 0.0, 0.0, 0.0, 0.0, 0.0, 0.0, 0.0, 0.0, 0.67], [2.15, 2.19, 2.26, 2.37, 2.59, 3.01, 3.37, 2.78, 2.33, 2.14, 2.05, 0.0, 0.0, 0.0, 0.0, 0.0, 0.68, 0.69, 0.69, 0.69], [2.18, 2.23, 2.3, 2.41, 2.56, 2.75, 2.81, 2.63, 2.39, 2.23, 2.13, 2.07, 2.0, 0.68, 0.7, 0.7, 0.7, 0.7, 0.7, 0.7], [2.2, 2.25, 2.31, 2.39, 2.48, 2.57, 2.58, 2.5, 2.37, 2.25, 2.1, 0.64, 0.68, 0.69, 0.7, 0.7, 0.7, 0.7, 0.7, 0.7], [2.21, 2.25, 2.3, 2.35, 2.41, 2.45, 2.42, 2.31, 2.09, 1.86, 0.6, 0.64, 0.69, 0.71, 0.71, 0.71, 0.71, 0.71, 0.7, 0.7], [2.21, 2.24, 2.27, 2.28, 2.27, 2.22, 2.05, 1.82, 1.59, 0.0, 0.58, 0.64, 0.7, 0.72, 0.72, 0.72, 0.72, 0.71, 0.71, 0.7], [2.17, 2.17, 2.16, 2.12, 2.01, 1.85, 1.64, 0.0, 0.0, 0.0, 0.54, 0.65, 0.72, 0.74, 0.74, 0.73, 0.72, 0.71, 0.71, 0.7], [2.1, 2.06, 1.99, 1.9, 1.76, 0.0, 0.0, 0.0, 0.0, 0.0, 0.0, 0.67, 0.76, 0.77, 0.76, 0.74, 0.73, 0.72, 0.71, 0.7], [1.99, 1.93, 1.84, 1.72, 0.0, 0.0, 0.0, 0.0, 0.0, 0.0, 0.0, 0.69, 0.86, 0.83, 0.78, 0.75, 0.73, 0.72, 0.71, 0.7], [1.89, 1.81, 0.0, 0.0, 0.0, 0.0, 0.0, 0.0, 0.0, 0.0, 0.0, 0.42, 1.3, 0.85, 0.78, 0.74, 0.73, 0.72, 0.71, 0.7], [0.0, 0.0, 0.0, 0.0, 0.0, 0.0, 0.0, 0.0, 0.0, 0.0, 0.0, 0.42, 0.7, 0.77, 0.75, 0.73, 0.72, 0.71, 0.7, 0.7], [0.0, 0.0, 0.0, 0.0, 0.0, 0.0, 0.0, 0.0, 0.0, 0.0, 0.0, 0.56, 0.64, 0.7, 0.71, 0.71, 0.71, 0.7, 3.63, 3.67], [0.0, 0.0, 0.0, 0.0, 0.0, 0.0, 0.0, 0.0, 0.0, 0.0, 0.0, 0.6, 0.64, 0.67, 3.7, 3.8, 3.84, 3.85, 3.85, 3.84], [0.0, 0.0, 0.0, 0.0, 0.0, 0.0, 0.0, 0.0, 0.0, 0.0, 3.1, 3.43, 3.82, 4.05, 4.55, 4.41, 4.27, 4.17, 4.08, 4.02], [0.0, 0.0, 0.0, 0.0, 0.0, 0.0, 0.0, 2.98, 3.22, 3.52, 3.95, 4.62, 5.39, 5.57, 5.51, 5.04, 4.7, 4.47, 4.31, 4.2], [0.0, 0.0, 0.0, 0.0, 0.0, 2.8, 2.88, 3.02, 3.25, 3.62, 4.26, 5.34, 7.01, 7.29, 5.95, 5.53, 5.04, 4.72, 4.5, 4.35], [0.0, 0.0, 0.0, 2.73, 2.75, 2.78, 2.83, 2.93, 3.08, 3.39, 4.02, 5.15, 6.85, 7.17, 5.93, 5.13, 5.08, 4.78, 4.58, 4.43], [0.0, 2.73, 2.73, 2.73, 2.72, 2.73, 2.73, 2.73, 2.74, 2.86, 3.29, 4.19, 5.25, 5.64, 5.3, 4.85, 4.49, 4.7, 4.53, 4.4], [2.74, 2.73, 2.72, 2.71, 2.69, 2.65, 2.59, 2.49, 2.3, 2.06, 2.14, 2.98, 3.95, 4.49, 4.58, 4.45, 4.26, 4.55, 4.43, 4.34], [2.74, 2.73, 2.71, 2.69, 2.65, 2.59, 2.48, 2.29, 1.94, 1.27, 0.66, 2.02, 3.09, 3.72, 4.0, 4.06, 4.01, 3.93, 4.32, 4.25], [2.74, 2.73, 2.71, 2.67, 2.63, 2.55, 2.42, 2.21, 1.87, 1.31, 1.0, 1.85, 2.7, 3.27, 3.59, 3.74, 3.78, 3.76, 4.2, 4.17], [2.75, 2.73, 2.7, 2.67, 2.62, 2.54, 2.42, 2.25, 2.01, 1.77, 1.74, 2.11, 2.62, 3.05, 3.34, 3.51, 3.59, 3.62, 3.61, 4.08], [2.75, 2.73, 2.71, 2.67, 2.63, 2.56, 2.46, 2.34, 2.21, 2.11, 2.15, 2.36, 2.67, 2.96, 3.2, 3.35, 3.45, 3.5, 3.51, 3.51]]}