awsData/contour/humi_2023092501.json
{"header": {"refTime": "2023-09-25T01:00:00.000Z", "nx": 21, "ny": 33, "lo1": 113.509, "la1": 22.2235, "lo2": 113.5947, "la2": 22.1034, "dx": 0.0042850000000001385, "dy": 0.003753125000000024, "parameterCategory": 0, "parameterCategoryName": "Temperature", "parameterNumber": 0}, "z": [[79.24, 79.22, 79.19, 80.18, 80.07, 78.31, 78.25, 78.19, 78.12, 78.46, 78.45, 78.42, 77.69, 77.68, 77.17, 77.21, 77.79, 77.82, 77.85, 77.88], [79.26, 79.24, 79.21, 79.17, 80.08, 79.91, 78.27, 78.18, 78.1, 78.39, 78.4, 78.34, 77.6, 77.6, 77.12, 77.72, 77.78, 77.83, 77.86, 77.89], [79.28, 79.26, 79.24, 79.21, 80.13, 79.95, 79.66, 78.19, 78.03, 78.35, 78.37, 78.22, 77.45, 77.48, 77.59, 77.71, 77.79, 77.84, 77.88, 77.9], [79.3, 79.29, 79.28, 79.26, 79.22, 80.09, 79.86, 79.47, 79.11, 78.5, 78.41, 78.0, 77.17, 78.3, 77.55, 77.72, 77.81, 77.87, 77.9, 77.92], [79.32, 79.32, 79.32, 79.32, 79.32, 80.3, 80.21, 80.09, 80.08, 78.89, 78.62, 78.14, 76.92, 78.03, 77.58, 77.77, 77.86, 77.91, 77.93, 77.94], [79.34, 79.35, 79.36, 79.38, 79.41, 79.46, 80.54, 80.6, 80.74, 80.97, 79.77, 78.79, 77.82, 77.34, 77.74, 77.87, 77.93, 77.96, 77.96, 77.96], [79.89, 79.37, 79.39, 79.42, 79.48, 79.58, 81.01, 80.92, 81.1, 81.73, 81.85, 79.93, 78.28, 78.04, 77.98, 77.98, 77.99, 77.99, 77.63, 77.5], [79.86, 79.85, 79.84, 79.85, 79.9, 80.7, 80.88, 81.07, 81.17, 81.85, 82.49, 80.92, 80.9, 77.99, 78.74, 78.96, 78.52, 78.37, 78.61, 78.78], [80.15, 80.12, 79.76, 79.73, 79.72, 79.8, 80.04, 80.96, 81.64, 81.64, 81.85, 81.41, 81.19, 81.48, 78.8, 79.04, 78.79, 78.68, 78.74, 78.84], [79.0, 79.0, 79.0, 79.94, 79.8, 79.45, 79.7, 80.04, 82.14, 82.03, 81.18, 81.68, 81.52, 81.6, 78.8, 79.13, 78.96, 78.88, 78.88, 78.91], [79.0, 79.0, 79.0, 79.0, 79.0, 79.0, 79.0, 79.0, 79.71, 81.68, 83.0, 81.86, 81.72, 81.71, 78.78, 79.19, 79.07, 79.0, 78.99, 79.0], [79.0, 79.0, 79.0, 79.0, 79.0, 79.0, 79.0, 79.0, 79.0, -999.0, 83.0, 80.0, 80.0, 81.81, 78.76, 79.26, 79.19, 83.12, 82.99, 82.96], [79.0, 79.0, 79.0, 79.0, 79.0, 79.0, 79.0, 79.0, 79.0, 79.0, -999.0, 80.0, 80.0, 84.57, 82.56, 81.28, 81.21, 82.32, 82.16, 82.06], [79.0, 79.0, 79.0, 79.0, 79.0, 79.0, 79.0, 79.0, 79.0, 79.0, -999.0, 87.0, 87.0, 87.0, 83.15, 82.03, 81.88, 83.01, 82.77, 82.58], [79.0, 79.0, 79.0, 79.0, 79.0, 79.0, 79.0, 82.0, 82.0, 82.0, 82.0, 83.92, 87.0, 87.0, 87.0, 82.88, 82.61, 83.65, 83.33, 83.06], [79.0, 79.0, 80.89, 80.92, 80.98, 82.0, 82.0, 82.0, 82.0, 82.0, 85.15, 84.79, 85.27, 85.68, 85.22, 85.53, 85.31, 85.7, 83.58, 83.33], [80.93, 80.94, 80.06, 80.11, 82.0, 82.0, 82.0, 82.0, 82.0, 82.0, 84.15, 84.77, 85.42, 86.02, 85.96, 86.66, 86.54, 86.45, 86.4, 86.36], [80.07, 80.11, 80.16, 80.24, 82.0, 82.0, 82.0, 82.0, 82.0, 83.27, 83.94, 84.69, 85.47, 85.92, 86.85, 86.69, 86.52, 86.42, 86.36, 86.33], [80.13, 80.18, 80.25, 82.0, 82.0, 82.0, 82.0, 82.0, 82.45, 82.97, 84.18, 84.84, 84.91, 85.56, 86.71, 86.58, 86.43, 86.34, 86.3, 86.29], [80.17, 80.22, 84.29, 84.17, 84.03, 83.81, 83.49, 82.66, 82.91, 83.56, 84.23, 84.79, 84.62, 85.0, 86.46, 86.38, 86.28, 86.23, 86.22, 86.24], [84.44, 84.38, 84.31, 83.65, 83.57, 83.45, 83.3, 83.14, 83.72, 84.02, 84.44, 84.83, 84.35, 86.31, 86.25, 86.16, 86.09, 86.09, 86.14, 86.19], [83.86, 83.85, 83.82, 83.8, 83.76, 83.72, 83.69, 83.39, 84.31, 84.48, 84.71, 84.93, 85.4, 86.19, 86.08, 85.93, 85.84, 85.92, 86.07, 86.17], [83.94, 83.94, 83.94, 83.46, 83.49, 83.55, 83.64, 83.76, 83.91, 83.99, 83.94, 84.03, 85.89, 86.11, 85.96, 85.7, 85.38, 85.72, 86.08, 86.2], [83.43, 83.45, 83.48, 83.52, 83.59, 83.69, 83.85, 84.09, 84.4, 84.54, 84.33, 84.26, 85.91, 85.86, 85.77, 85.67, 84.39, 86.12, 86.32, 86.3], [83.45, 83.48, 83.51, 83.57, 83.65, 83.78, 83.98, 84.31, 84.87, 85.35, 84.65, 84.29, 83.96, 85.92, 85.9, 85.92, 86.51, 87.27, 86.57, 86.39], [83.46, 83.49, 83.53, 83.59, 83.67, 83.79, 83.98, 84.28, 84.8, 85.22, 84.64, 84.14, 83.86, 85.98, 86.01, 85.51, 85.98, 86.21, 86.54, 86.42], [83.47, 83.49, 83.53, 83.58, 83.65, 83.74, 83.86, 84.02, 84.2, 84.2, 84.02, 83.79, 83.67, 84.58, 84.97, 85.32, 85.62, 85.76, 85.73, 85.62], [83.46, 83.49, 83.52, 83.56, 83.6, 83.65, 83.69, 83.71, 83.63, 83.48, 83.26, 84.22, 84.72, 85.22, 84.76, 85.08, 85.32, 85.46, 85.49, 85.46], [83.46, 83.48, 83.5, 83.52, 83.54, 83.55, 83.53, 83.45, 83.24, 82.85, 82.61, 83.65, 84.4, 84.96, 84.56, 84.87, 85.09, 85.23, 85.29, 85.3], [83.45, 83.46, 83.47, 83.48, 83.48, 83.47, 83.42, 83.3, 83.91, 83.31, 82.95, 83.62, 84.29, 84.82, 84.42, 84.7, 84.91, 85.05, 85.13, 85.17], [83.43, 83.44, 83.45, 83.44, 83.43, 83.41, 83.35, 83.25, 84.04, 83.74, 83.66, 83.94, 84.37, 84.78, 84.33, 84.58, 84.77, 84.91, 85.0, 85.05], [83.42, 83.42, 83.42, 83.42, 83.4, 83.37, 83.32, 84.41, 84.23, 84.09, 84.08, 84.24, 84.51, 84.82, 84.29, 84.5, 84.67, 84.8, 84.89, 84.95]]}