awsData/contour/humi_2023092506.json
{"header": {"refTime": "2023-09-25T06:00:00.000Z", "nx": 21, "ny": 33, "lo1": 113.509, "la1": 22.2235, "lo2": 113.5947, "la2": 22.1034, "dx": 0.0042850000000001385, "dy": 0.003753125000000024, "parameterCategory": 0, "parameterCategoryName": "Temperature", "parameterNumber": 0}, "z": [[78.7, 78.71, 78.73, 79.77, 79.74, 78.3, 78.34, 78.37, 78.35, 78.82, 78.72, 78.61, 77.81, 77.75, 77.76, 77.81, 77.87, 77.94, 77.99, 78.02], [78.69, 78.71, 78.72, 78.74, 79.73, 79.67, 78.4, 78.49, 78.53, 78.85, 78.69, 78.51, 77.7, 77.64, 77.68, 77.78, 77.89, 77.97, 78.02, 78.06], [78.68, 78.69, 78.71, 78.73, 79.74, 79.68, 79.58, 78.59, 78.89, 78.88, 78.64, 78.35, 77.5, 77.48, 77.62, 77.79, 77.93, 78.02, 78.08, 78.11], [78.67, 78.68, 78.69, 78.72, 78.74, 79.71, 79.63, 79.51, 79.4, 78.89, 78.58, 78.06, 77.16, 77.87, 77.58, 77.82, 78.0, 78.11, 78.16, 78.18], [78.65, 78.66, 78.67, 78.69, 78.72, 79.75, 79.72, 79.7, 79.74, 79.02, 78.64, 77.76, 76.75, 77.65, 77.6, 77.92, 78.14, 78.25, 78.27, 78.26], [78.63, 78.63, 78.64, 78.66, 78.68, 78.72, 79.77, 79.79, 79.91, 80.17, 79.12, 78.28, 77.48, 77.0, 77.76, 78.08, 78.34, 78.45, 78.41, 78.34], [78.45, 78.6, 78.6, 78.61, 78.64, 78.68, 79.51, 79.71, 79.84, 80.38, 80.65, 79.19, 77.71, 77.53, 77.98, 78.25, 78.61, 78.74, 78.45, 78.26], [78.43, 78.42, 78.42, 78.43, 78.45, 79.3, 79.39, 79.4, 79.34, 80.52, 81.41, 79.92, 79.9, 77.49, 79.0, 79.0, 79.0, 79.0, 79.0, 79.0], [78.57, 78.56, 78.38, 78.37, 78.36, 78.4, 78.52, 79.42, 79.96, 80.28, 80.85, 80.41, 80.19, 80.48, 79.0, 79.0, 79.0, 79.0, 79.0, 79.0], [78.0, 78.0, 78.0, 78.47, 78.4, 78.23, 78.35, 78.52, 80.71, 80.54, 80.18, 80.68, 80.52, 80.6, 79.0, 79.0, 79.0, 79.0, 79.0, 79.0], [78.0, 78.0, 78.0, 78.0, 78.0, 78.0, 78.0, 78.0, 78.35, 80.03, 82.0, 80.86, 80.72, 80.71, 79.0, 79.0, 79.0, 79.0, 79.0, 79.0], [78.0, 78.0, 78.0, 78.0, 78.0, 78.0, 78.0, 78.0, 78.0, -999.0, 82.0, 79.0, 79.0, 80.81, 79.0, 79.0, 79.0, 82.98, 82.88, 82.86], [78.0, 78.0, 78.0, 78.0, 78.0, 78.0, 78.0, 78.0, 78.0, 78.0, -999.0, 79.0, 79.0, 83.57, 81.56, 81.55, 81.5, 82.36, 82.24, 82.16], [78.0, 78.0, 78.0, 78.0, 78.0, 78.0, 78.0, 78.0, 78.0, 78.0, -999.0, 86.0, 86.0, 86.0, 82.15, 82.13, 82.02, 82.9, 82.71, 82.57], [78.0, 78.0, 78.0, 78.0, 78.0, 78.0, 78.0, 80.0, 80.0, 80.0, 80.0, 82.31, 86.0, 86.0, 86.0, 82.8, 82.59, 83.39, 83.14, 82.93], [78.0, 78.0, 79.26, 79.28, 79.32, 80.0, 80.0, 80.0, 80.0, 80.0, 83.78, 83.35, 83.93, 84.42, 83.86, 84.9, 84.73, 85.03, 83.37, 83.18], [79.28, 79.3, 78.71, 78.74, 80.0, 80.0, 80.0, 80.0, 80.0, 80.0, 82.58, 83.32, 84.11, 84.83, 84.95, 85.96, 85.94, 85.94, 85.94, 85.95], [78.71, 78.74, 78.77, 78.83, 80.0, 80.0, 80.0, 80.0, 80.0, 81.52, 82.33, 83.23, 84.17, 84.89, 85.85, 85.95, 85.93, 85.93, 85.93, 85.94], [78.75, 78.79, 78.83, 80.0, 80.0, 80.0, 80.0, 80.0, 80.54, 81.17, 82.84, 83.64, 83.81, 84.55, 85.95, 85.93, 85.91, 85.9, 85.92, 85.93], [78.78, 78.81, 83.43, 83.26, 83.04, 82.72, 82.24, 80.99, 81.23, 82.08, 82.95, 83.63, 83.54, 84.02, 85.9, 85.88, 85.86, 85.87, 85.9, 85.93], [83.66, 83.57, 83.46, 82.48, 82.36, 82.18, 81.95, 81.71, 82.34, 82.74, 83.27, 83.73, 83.31, 85.87, 85.84, 85.8, 85.78, 85.81, 85.88, 85.93], [82.8, 82.77, 82.74, 82.7, 82.64, 82.59, 82.53, 82.78, 83.2, 83.43, 83.7, 83.94, 85.04, 85.84, 85.77, 85.68, 85.63, 85.73, 85.87, 85.96], [82.9, 82.9, 82.91, 83.19, 83.2, 83.23, 83.3, 83.44, 83.62, 83.75, 83.76, 83.44, 85.89, 85.83, 85.73, 85.54, 85.27, 85.61, 85.94, 86.03], [83.3, 83.31, 83.33, 83.37, 83.43, 83.54, 83.71, 83.98, 84.33, 84.51, 84.32, 84.76, 85.91, 85.86, 85.77, 85.55, 84.35, 86.07, 86.21, 86.15], [83.38, 83.41, 83.45, 83.52, 83.61, 83.76, 83.99, 84.35, 84.93, 85.39, 84.77, 84.82, 84.53, 85.92, 85.9, 85.92, 86.46, 87.22, 86.47, 86.26], [83.45, 83.49, 83.55, 83.63, 83.74, 83.9, 84.12, 84.46, 84.96, 85.35, 85.14, 84.78, 84.52, 85.98, 86.01, 85.81, 86.19, 86.4, 86.43, 86.28], [83.51, 83.55, 83.62, 83.7, 83.81, 83.96, 84.14, 84.37, 84.59, 84.67, 84.82, 84.63, 84.47, 85.3, 85.51, 85.73, 85.94, 86.05, 86.02, 85.93], [83.55, 83.6, 83.67, 83.75, 83.85, 83.97, 84.1, 84.23, 84.31, 84.59, 84.47, 85.33, 85.68, 86.05, 85.41, 85.6, 85.76, 85.85, 85.86, 85.83], [83.59, 83.64, 83.7, 83.78, 83.86, 83.95, 84.05, 84.13, 84.16, 84.31, 84.37, 85.0, 85.49, 85.88, 85.31, 85.49, 85.62, 85.7, 85.74, 85.74], [83.61, 83.66, 83.72, 83.79, 83.86, 83.93, 84.0, 84.05, 85.13, 84.78, 84.57, 84.99, 85.43, 85.79, 85.24, 85.39, 85.51, 85.59, 85.64, 85.65], [83.63, 83.68, 83.73, 83.79, 83.85, 83.91, 83.96, 84.0, 85.22, 85.05, 85.01, 85.2, 85.48, 85.76, 85.19, 85.33, 85.43, 85.51, 85.56, 85.58], [83.64, 83.68, 83.73, 83.78, 83.83, 83.88, 83.92, 85.45, 85.35, 85.28, 85.28, 85.39, 85.57, 85.78, 85.17, 85.28, 85.38, 85.45, 85.49, 85.53]]}