awsData/contour/humi_2023092503.json
{"header": {"refTime": "2023-09-25T03:00:00.000Z", "nx": 21, "ny": 33, "lo1": 113.509, "la1": 22.2235, "lo2": 113.5947, "la2": 22.1034, "dx": 0.0042850000000001385, "dy": 0.003753125000000024, "parameterCategory": 0, "parameterCategoryName": "Temperature", "parameterNumber": 0}, "z": [[80.63, 80.62, 80.61, 81.62, 81.54, 80.06, 80.02, 79.98, 79.94, 80.27, 80.24, 80.19, 79.69, 79.68, 79.17, 79.21, 79.79, 79.82, 79.85, 79.88], [80.63, 80.63, 80.62, 80.61, 81.55, 81.42, 80.05, 80.01, 79.96, 80.23, 80.2, 80.12, 79.6, 79.6, 79.12, 79.72, 79.78, 79.83, 79.86, 79.89], [80.64, 80.64, 80.64, 80.63, 81.58, 81.45, 81.24, 80.03, 80.0, 80.2, 80.17, 80.0, 79.45, 79.48, 79.59, 79.71, 79.79, 79.84, 79.88, 79.9], [80.64, 80.65, 80.65, 80.65, 80.65, 81.55, 81.38, 81.09, 80.83, 80.31, 80.18, 79.79, 79.17, 80.1, 79.55, 79.72, 79.81, 79.87, 79.9, 79.92], [80.65, 80.65, 80.66, 80.68, 80.69, 81.7, 81.63, 81.55, 81.55, 80.6, 80.33, 79.95, 78.84, 79.86, 79.58, 79.77, 79.86, 79.91, 79.93, 79.94], [80.65, 80.65, 80.67, 80.69, 80.73, 80.79, 81.87, 81.91, 82.03, 82.24, 81.39, 80.54, 79.68, 79.34, 79.74, 79.87, 79.93, 79.96, 79.96, 79.96], [80.89, 80.65, 80.66, 80.69, 80.74, 80.84, 82.01, 82.1, 82.25, 82.92, 83.1, 81.59, 80.28, 80.04, 79.98, 79.98, 79.99, 79.99, 79.63, 79.5], [80.86, 80.85, 80.84, 80.85, 80.9, 81.7, 81.88, 82.07, 82.23, 83.01, 83.61, 82.61, 82.6, 79.99, 80.74, 80.96, 80.52, 80.37, 80.61, 80.78], [81.15, 81.12, 80.76, 80.73, 80.72, 80.8, 81.04, 81.96, 82.64, 82.85, 83.23, 82.94, 82.79, 82.98, 80.8, 81.04, 80.79, 80.68, 80.74, 80.84], [80.0, 80.0, 80.0, 80.94, 80.8, 80.45, 80.7, 81.04, 83.14, 83.03, 82.78, 83.12, 83.01, 83.06, 80.8, 81.13, 80.96, 80.88, 80.88, 80.91], [80.0, 80.0, 80.0, 80.0, 80.0, 80.0, 80.0, 80.0, 80.71, 82.68, 84.0, 83.24, 83.15, 83.14, 80.78, 81.19, 81.07, 81.0, 80.99, 81.0], [80.0, 80.0, 80.0, 80.0, 80.0, 80.0, 80.0, 80.0, 80.0, -999.0, 84.0, 82.0, 82.0, 83.2, 80.76, 81.26, 81.19, 83.98, 83.88, 83.86], [80.0, 80.0, 80.0, 80.0, 80.0, 80.0, 80.0, 80.0, 80.0, 80.0, -999.0, 82.0, 82.0, 85.26, 83.83, 82.55, 82.5, 83.36, 83.24, 83.16], [80.0, 80.0, 80.0, 80.0, 80.0, 80.0, 80.0, 80.0, 80.0, 80.0, -999.0, 87.0, 87.0, 87.0, 84.25, 83.13, 83.02, 83.9, 83.71, 83.57], [80.0, 80.0, 80.0, 80.0, 80.0, 80.0, 80.0, 82.0, 82.0, 82.0, 82.0, 83.92, 87.0, 87.0, 87.0, 83.8, 83.59, 84.39, 84.14, 83.93], [80.0, 80.0, 81.26, 81.28, 81.32, 82.0, 82.0, 82.0, 82.0, 82.0, 85.15, 84.79, 85.27, 85.68, 85.22, 85.9, 85.73, 86.03, 84.37, 84.18], [81.28, 81.3, 80.71, 80.74, 82.0, 82.0, 82.0, 82.0, 82.0, 82.0, 84.15, 84.77, 85.42, 86.02, 86.07, 86.53, 86.37, 86.24, 86.16, 86.1], [80.71, 80.74, 80.77, 80.83, 82.0, 82.0, 82.0, 82.0, 82.0, 83.27, 83.94, 84.69, 85.47, 86.02, 86.86, 86.58, 86.35, 86.2, 86.11, 86.05], [80.75, 80.79, 80.83, 82.0, 82.0, 82.0, 82.0, 82.0, 82.45, 82.97, 84.0, 84.64, 85.09, 85.71, 86.61, 86.44, 86.24, 86.11, 86.04, 86.0], [80.78, 80.81, 83.71, 83.63, 83.52, 83.36, 83.12, 82.49, 82.8, 83.38, 84.01, 84.56, 84.84, 85.23, 86.29, 86.19, 86.07, 85.98, 85.94, 85.93], [83.83, 83.79, 83.73, 83.24, 83.18, 83.09, 82.98, 82.86, 83.48, 83.76, 84.15, 84.54, 84.62, 86.1, 86.04, 85.95, 85.86, 85.82, 85.83, 85.86], [83.4, 83.38, 83.37, 83.35, 83.32, 83.29, 83.27, 83.04, 83.95, 84.11, 84.33, 84.57, 85.39, 85.94, 85.84, 85.72, 85.62, 85.65, 85.73, 85.8], [83.45, 83.45, 83.45, 83.09, 83.12, 83.16, 83.23, 83.32, 83.43, 83.49, 83.46, 83.85, 85.26, 85.83, 85.7, 85.51, 85.3, 85.47, 85.68, 85.77], [83.07, 83.09, 83.11, 83.14, 83.19, 83.27, 83.39, 83.57, 83.8, 83.91, 83.75, 84.01, 85.26, 85.29, 85.29, 85.45, 84.72, 85.62, 85.76, 85.8], [83.09, 83.11, 83.14, 83.18, 83.24, 83.33, 83.48, 83.73, 84.15, 84.51, 83.99, 83.98, 83.85, 85.31, 85.35, 85.4, 85.81, 86.18, 85.88, 85.83], [83.1, 83.12, 83.15, 83.19, 83.25, 83.34, 83.48, 83.71, 84.1, 84.42, 84.13, 83.85, 83.73, 85.33, 85.39, 85.03, 85.33, 85.47, 85.88, 85.85], [83.1, 83.12, 83.15, 83.19, 83.24, 83.3, 83.4, 83.52, 83.65, 83.65, 83.68, 83.56, 83.56, 84.26, 84.57, 84.85, 85.06, 85.16, 85.14, 85.07], [83.1, 83.12, 83.14, 83.17, 83.2, 83.23, 83.27, 83.28, 83.22, 83.24, 83.07, 83.63, 83.99, 84.34, 84.39, 84.65, 84.84, 84.94, 84.97, 84.95], [83.09, 83.11, 83.12, 83.14, 83.15, 83.16, 83.15, 83.09, 82.93, 82.73, 82.45, 83.21, 83.75, 84.16, 84.22, 84.47, 84.65, 84.76, 84.81, 84.83], [83.08, 83.09, 83.1, 83.11, 83.11, 83.1, 83.06, 82.98, 83.4, 82.96, 82.69, 83.18, 83.67, 84.05, 84.09, 84.33, 84.5, 84.62, 84.68, 84.72], [83.08, 83.08, 83.08, 83.08, 83.08, 83.05, 83.01, 82.94, 83.5, 83.28, 83.21, 83.42, 83.73, 84.02, 84.02, 84.23, 84.39, 84.5, 84.58, 84.62], [83.07, 83.07, 83.07, 83.06, 83.05, 83.03, 82.99, 83.76, 83.63, 83.53, 83.52, 83.63, 83.83, 84.05, 83.99, 84.17, 84.31, 84.41, 84.49, 84.54]]}