awsData/contour/humi_2023092504.json
{"header": {"refTime": "2023-09-25T04:00:00.000Z", "nx": 21, "ny": 33, "lo1": 113.509, "la1": 22.2235, "lo2": 113.5947, "la2": 22.1034, "dx": 0.0042850000000001385, "dy": 0.003753125000000024, "parameterCategory": 0, "parameterCategoryName": "Temperature", "parameterNumber": 0}, "z": [[80.09, 80.12, 80.15, 81.47, 81.45, 80.05, 80.11, 80.16, 80.16, 80.82, 80.72, 80.61, 79.57, 79.49, 79.47, 79.49, 79.25, 79.29, 79.32, 79.35], [80.07, 80.1, 80.13, 80.18, 81.44, 81.41, 80.18, 80.32, 80.39, 80.85, 80.69, 80.51, 79.46, 79.39, 79.39, 79.19, 79.26, 79.31, 79.35, 79.37], [80.04, 80.07, 80.1, 80.15, 81.43, 81.4, 81.35, 80.44, 80.85, 80.88, 80.64, 80.35, 79.28, 79.24, 79.08, 79.19, 79.28, 79.35, 79.39, 79.41], [80.01, 80.03, 80.06, 80.11, 80.17, 81.4, 81.37, 81.31, 81.26, 80.89, 80.58, 80.06, 78.97, 79.64, 79.05, 79.22, 79.33, 79.41, 79.44, 79.45], [79.98, 79.99, 80.01, 80.04, 80.09, 81.4, 81.38, 81.39, 81.46, 81.02, 80.64, 79.56, 78.66, 79.44, 79.07, 79.28, 79.42, 79.5, 79.52, 79.5], [79.93, 79.94, 79.95, 79.97, 80.0, 80.05, 81.35, 81.36, 81.51, 81.84, 80.85, 80.02, 79.28, 78.67, 79.17, 79.39, 79.56, 79.64, 79.61, 79.56], [79.45, 79.88, 79.88, 79.88, 79.9, 79.94, 80.76, 81.14, 81.27, 81.84, 82.2, 80.79, 79.14, 79.02, 79.32, 79.5, 79.74, 79.83, 79.63, 79.5], [79.43, 79.42, 79.42, 79.43, 79.45, 80.53, 80.62, 80.58, 80.45, 82.03, 83.21, 81.23, 81.21, 78.99, 80.0, 80.0, 80.0, 80.0, 80.0, 80.0], [79.57, 79.56, 79.38, 79.37, 79.36, 79.4, 79.52, 80.64, 81.27, 81.7, 82.46, 81.87, 81.59, 81.97, 80.0, 80.0, 80.0, 80.0, 80.0, 80.0], [79.0, 79.0, 79.0, 79.47, 79.4, 79.23, 79.35, 79.52, 82.27, 82.05, 81.57, 82.24, 82.02, 82.13, 80.0, 80.0, 80.0, 80.0, 80.0, 80.0], [79.0, 79.0, 79.0, 79.0, 79.0, 79.0, 79.0, 79.0, 79.35, 81.37, 84.0, 82.48, 82.3, 82.28, 80.0, 80.0, 80.0, 80.0, 80.0, 80.0], [79.0, 79.0, 79.0, 79.0, 79.0, 79.0, 79.0, 79.0, 79.0, -999.0, 84.0, 80.0, 80.0, 82.41, 80.0, 80.0, 80.0, 83.98, 83.88, 83.86], [79.0, 79.0, 79.0, 79.0, 79.0, 79.0, 79.0, 79.0, 79.0, 79.0, -999.0, 80.0, 80.0, 84.57, 82.56, 82.55, 82.5, 83.36, 83.24, 83.16], [79.0, 79.0, 79.0, 79.0, 79.0, 79.0, 79.0, 79.0, 79.0, 79.0, -999.0, 87.0, 87.0, 87.0, 83.15, 83.13, 83.02, 83.9, 83.71, 83.57], [79.0, 79.0, 79.0, 79.0, 79.0, 79.0, 79.0, 82.0, 82.0, 82.0, 82.0, 83.92, 87.0, 87.0, 87.0, 83.8, 83.59, 84.39, 84.14, 83.93], [79.0, 79.0, 80.89, 80.92, 80.98, 82.0, 82.0, 82.0, 82.0, 82.0, 85.15, 84.79, 85.27, 85.68, 85.22, 86.27, 86.16, 86.35, 84.64, 84.47], [80.93, 80.94, 80.06, 80.11, 82.0, 82.0, 82.0, 82.0, 82.0, 82.0, 84.15, 84.77, 85.42, 86.02, 86.18, 86.97, 86.96, 86.96, 86.96, 86.96], [80.07, 80.11, 80.16, 80.24, 82.0, 82.0, 82.0, 82.0, 82.0, 83.27, 83.94, 84.69, 85.47, 86.13, 86.88, 86.97, 86.95, 86.95, 86.95, 86.96], [80.13, 80.18, 80.25, 82.0, 82.0, 82.0, 82.0, 82.0, 82.45, 82.97, 84.18, 84.84, 85.27, 85.86, 86.97, 86.95, 86.94, 86.94, 86.94, 86.96], [80.17, 80.22, 84.29, 84.17, 84.03, 83.81, 83.49, 82.66, 82.91, 83.56, 84.23, 84.79, 85.06, 85.46, 86.93, 86.92, 86.91, 86.91, 86.93, 86.95], [84.44, 84.38, 84.31, 83.65, 83.57, 83.45, 83.3, 83.14, 83.72, 84.02, 84.44, 84.83, 84.9, 86.91, 86.89, 86.86, 86.85, 86.88, 86.92, 86.96], [83.86, 83.85, 83.82, 83.8, 83.76, 83.72, 83.69, 83.39, 84.31, 84.48, 84.71, 84.93, 86.04, 86.89, 86.85, 86.79, 86.75, 86.82, 86.92, 86.97], [83.94, 83.94, 83.94, 83.46, 83.49, 83.55, 83.64, 83.76, 83.91, 83.99, 83.94, 84.56, 86.56, 86.89, 86.82, 86.69, 86.51, 86.74, 86.96, 87.02], [83.43, 83.45, 83.48, 83.52, 83.59, 83.69, 83.85, 84.09, 84.4, 84.54, 84.33, 84.76, 86.55, 86.63, 86.66, 86.7, 85.9, 87.05, 87.14, 87.1], [83.45, 83.48, 83.51, 83.57, 83.65, 83.78, 83.98, 84.31, 84.87, 85.35, 84.65, 84.72, 84.56, 86.65, 86.74, 86.83, 87.3, 87.81, 87.32, 87.17], [83.46, 83.49, 83.53, 83.59, 83.67, 83.79, 83.98, 84.28, 84.8, 85.22, 84.88, 84.53, 84.4, 86.67, 86.78, 86.32, 86.74, 86.92, 87.29, 87.19], [83.47, 83.49, 83.53, 83.58, 83.65, 83.74, 83.86, 84.02, 84.2, 84.2, 84.28, 84.14, 84.15, 85.22, 85.67, 86.06, 86.36, 86.5, 86.47, 86.37], [83.46, 83.49, 83.52, 83.56, 83.6, 83.65, 83.69, 83.71, 83.63, 83.68, 83.47, 84.22, 84.72, 85.22, 85.4, 85.78, 86.04, 86.19, 86.23, 86.2], [83.46, 83.48, 83.5, 83.52, 83.54, 83.55, 83.53, 83.45, 83.24, 83.0, 82.61, 83.65, 84.4, 84.96, 85.16, 85.52, 85.78, 85.94, 86.01, 86.03], [83.45, 83.46, 83.47, 83.48, 83.48, 83.47, 83.42, 83.3, 83.91, 83.31, 82.95, 83.62, 84.29, 84.82, 84.98, 85.32, 85.57, 85.73, 85.83, 85.88], [83.43, 83.44, 83.45, 83.44, 83.43, 83.41, 83.35, 83.25, 84.04, 83.74, 83.66, 83.94, 84.37, 84.78, 84.88, 85.18, 85.41, 85.57, 85.68, 85.74], [83.42, 83.42, 83.42, 83.42, 83.4, 83.37, 83.32, 84.41, 84.23, 84.09, 84.08, 84.24, 84.51, 84.82, 84.84, 85.09, 85.29, 85.44, 85.55, 85.63]]}