awsData/contour/humi_2023092414.json
{"header": {"refTime": "2023-09-24T14:00:00.000Z", "nx": 21, "ny": 33, "lo1": 113.509, "la1": 22.2235, "lo2": 113.5947, "la2": 22.1034, "dx": 0.0042850000000001385, "dy": 0.003753125000000024, "parameterCategory": 0, "parameterCategoryName": "Temperature", "parameterNumber": 0}, "z": [[68.23, 68.19, 68.15, 67.85, 67.81, 66.36, 66.36, 66.35, 66.28, 65.93, 65.68, 65.43, 64.05, 63.89, 65.51, 65.66, 64.76, 64.92, 65.04, 65.13], [68.25, 68.22, 68.18, 68.12, 67.82, 67.75, 66.45, 66.49, 66.49, 66.08, 65.67, 65.3, 63.89, 63.73, 65.38, 64.58, 64.84, 65.05, 65.19, 65.26], [68.28, 68.25, 68.21, 68.16, 67.85, 67.78, 67.65, 66.63, 66.88, 66.22, 65.59, 65.04, 63.61, 63.49, 64.23, 64.63, 64.99, 65.24, 65.39, 65.44], [68.31, 68.29, 68.26, 68.22, 68.16, 67.85, 67.75, 67.58, 67.43, 66.05, 65.37, 64.59, 63.15, 63.41, 64.18, 64.76, 65.24, 65.54, 65.67, 65.67], [68.35, 68.34, 68.32, 68.29, 68.25, 67.95, 67.91, 67.85, 67.81, 65.86, 65.24, 63.37, 62.57, 63.22, 64.22, 65.01, 65.66, 66.02, 66.06, 65.95], [68.39, 68.39, 68.38, 68.38, 68.36, 68.34, 68.09, 68.12, 68.11, 68.07, 64.57, 63.76, 63.08, 62.33, 64.41, 65.41, 66.36, 66.77, 66.55, 66.24], [69.0, 68.44, 68.45, 68.46, 68.47, 68.48, 68.75, 68.39, 68.41, 67.36, 66.92, 64.39, 62.57, 62.51, 64.65, 65.82, 67.33, 67.89, 67.71, 67.27], [69.0, 69.0, 69.0, 69.0, 69.0, 68.77, 68.77, 68.82, 68.54, 67.51, 67.49, 64.54, 64.51, 62.5, 66.77, 66.12, 67.43, 67.9, 67.16, 66.65], [69.0, 69.0, 69.0, 69.0, 69.0, 69.0, 69.0, 68.78, 68.68, 67.29, 66.08, 65.34, 64.98, 65.46, 66.61, 65.87, 66.64, 66.96, 66.78, 66.49], [69.0, 69.0, 69.0, 69.0, 69.0, 69.0, 69.0, 69.0, 68.43, 68.49, 64.96, 65.8, 65.53, 65.66, 66.6, 65.62, 66.11, 66.36, 66.37, 66.26], [69.0, 69.0, 69.0, 69.0, 69.0, 69.0, 69.0, 69.0, 69.0, 68.66, 68.0, 66.09, 65.87, 65.85, 66.67, 65.43, 65.78, 65.99, 66.04, 66.0], [69.0, 69.0, 69.0, 69.0, 69.0, 69.0, 69.0, 69.0, 69.0, -999.0, 68.0, 63.0, 63.0, 66.01, 66.73, 65.22, 65.43, 72.41, 72.33, 72.31], [69.0, 69.0, 69.0, 69.0, 69.0, 69.0, 69.0, 69.0, 69.0, 69.0, -999.0, 63.0, 63.0, 70.83, 67.39, 71.18, 71.14, 71.88, 71.77, 71.71], [69.0, 69.0, 69.0, 69.0, 69.0, 69.0, 69.0, 69.0, 69.0, 69.0, -999.0, 75.0, 75.0, 75.0, 68.4, 71.68, 71.59, 72.34, 72.18, 72.06], [69.0, 69.0, 69.0, 69.0, 69.0, 69.0, 69.0, 68.0, 68.0, 68.0, 68.0, 70.69, 75.0, 75.0, 75.0, 72.25, 72.07, 72.77, 72.55, 72.37], [69.0, 69.0, 68.37, 68.36, 68.34, 68.0, 68.0, 68.0, 68.0, 68.0, 72.4, 71.91, 72.58, 73.15, 72.51, 73.9, 73.73, 74.03, 72.63, 72.45], [68.36, 68.35, 68.65, 68.63, 68.0, 68.0, 68.0, 68.0, 68.0, 68.0, 71.01, 71.88, 72.79, 73.63, 73.83, 74.82, 74.75, 74.71, 74.68, 74.66], [68.64, 68.63, 68.61, 68.59, 68.0, 68.0, 68.0, 68.0, 68.0, 69.78, 70.72, 71.77, 72.86, 73.76, 74.83, 74.83, 74.74, 74.68, 74.66, 74.65], [68.62, 68.61, 68.58, 68.0, 68.0, 68.0, 68.0, 68.0, 68.63, 69.36, 71.32, 72.25, 72.54, 73.38, 74.84, 74.77, 74.69, 74.64, 74.62, 74.62], [68.61, 68.59, 72.0, 71.81, 71.55, 71.17, 70.61, 69.15, 69.43, 70.42, 71.44, 72.23, 72.24, 72.8, 74.7, 74.65, 74.6, 74.57, 74.58, 74.6], [72.27, 72.17, 72.04, 70.9, 70.75, 70.54, 70.28, 70.0, 70.73, 71.2, 71.81, 72.36, 72.0, 74.61, 74.57, 74.51, 74.47, 74.48, 74.53, 74.57], [71.26, 71.23, 71.19, 71.14, 71.09, 71.02, 70.95, 70.08, 71.73, 72.0, 72.31, 72.6, 74.04, 74.54, 74.46, 74.36, 74.29, 74.37, 74.49, 74.57], [71.39, 71.39, 71.39, 70.04, 70.13, 70.26, 70.44, 70.69, 70.96, 71.09, 70.98, 72.15, 74.59, 74.5, 74.39, 74.19, 73.95, 74.23, 74.52, 74.61], [69.92, 69.97, 70.03, 70.13, 70.26, 70.47, 70.78, 71.25, 71.83, 72.1, 71.66, 72.02, 74.62, 74.53, 74.4, 74.18, 73.14, 74.58, 74.73, 74.7], [69.93, 69.99, 70.06, 70.17, 70.33, 70.57, 70.95, 71.6, 72.72, 73.67, 72.24, 71.95, 71.54, 74.58, 74.51, 74.49, 74.91, 75.54, 74.94, 74.78], [69.93, 69.98, 70.06, 70.16, 70.31, 70.53, 70.88, 71.47, 72.52, 73.38, 72.38, 71.54, 71.2, 74.64, 74.62, 73.31, 73.94, 74.19, 74.92, 74.81], [69.91, 69.96, 70.02, 70.1, 70.21, 70.37, 70.58, 70.87, 71.2, 71.17, 71.03, 70.69, 70.67, 71.47, 72.23, 72.87, 73.34, 73.55, 73.51, 73.36], [69.88, 69.92, 69.96, 70.01, 70.07, 70.13, 70.18, 70.15, 69.91, 69.71, 69.22, 70.29, 71.1, 71.86, 71.77, 72.38, 72.82, 73.05, 73.12, 73.08], [69.85, 69.87, 69.89, 69.91, 69.92, 69.89, 69.8, 69.57, 69.01, 68.18, 67.2, 69.15, 70.47, 71.4, 71.35, 71.96, 72.38, 72.64, 72.76, 72.8], [69.81, 69.82, 69.82, 69.81, 69.77, 69.7, 69.54, 69.23, 69.74, 68.55, 67.82, 69.06, 70.25, 71.14, 71.06, 71.62, 72.03, 72.3, 72.46, 72.55], [69.77, 69.76, 69.75, 69.72, 69.66, 69.56, 69.39, 69.12, 69.94, 69.35, 69.15, 69.64, 70.39, 71.08, 70.88, 71.38, 71.76, 72.03, 72.21, 72.33], [69.73, 69.72, 69.69, 69.65, 69.58, 69.48, 69.33, 70.62, 70.27, 69.98, 69.93, 70.19, 70.64, 71.14, 70.81, 71.23, 71.57, 71.83, 72.01, 72.14]]}