awsData/contour/humi_2023092411.json
{"header": {"refTime": "2023-09-24T11:00:00.000Z", "nx": 21, "ny": 33, "lo1": 113.509, "la1": 22.2235, "lo2": 113.5947, "la2": 22.1034, "dx": 0.0042850000000001385, "dy": 0.003753125000000024, "parameterCategory": 0, "parameterCategoryName": "Temperature", "parameterNumber": 0}, "z": [[71.11, 71.14, 71.19, 73.03, 72.98, 71.07, 71.12, 71.15, 71.13, 71.76, 71.63, 71.48, 69.45, 69.31, 70.06, 70.09, 69.07, 69.14, 69.19, 69.23], [71.08, 71.12, 71.17, 71.23, 72.97, 72.9, 71.2, 71.32, 71.37, 71.79, 71.59, 71.35, 69.32, 69.18, 69.96, 68.99, 69.11, 69.2, 69.26, 69.29], [71.04, 71.08, 71.13, 71.2, 72.98, 72.9, 72.78, 71.46, 71.85, 71.84, 71.52, 71.13, 69.11, 69.0, 68.85, 69.02, 69.17, 69.28, 69.35, 69.37], [71.0, 71.03, 71.08, 71.15, 71.23, 72.94, 72.85, 72.68, 72.54, 71.85, 71.44, 70.74, 68.77, 69.58, 68.83, 69.08, 69.28, 69.42, 69.47, 69.47], [70.95, 70.97, 71.01, 71.07, 71.16, 73.0, 72.96, 72.93, 72.98, 72.03, 71.51, 69.57, 68.63, 69.35, 68.84, 69.18, 69.48, 69.63, 69.65, 69.6], [70.88, 70.9, 70.93, 70.97, 71.05, 71.17, 73.03, 73.05, 73.22, 73.57, 71.07, 70.01, 69.17, 68.0, 68.91, 69.36, 69.79, 69.97, 69.88, 69.73], [70.34, 70.81, 70.81, 70.84, 70.91, 71.04, 72.26, 72.95, 73.12, 73.06, 73.18, 70.65, 68.0, 68.0, 69.0, 69.54, 70.23, 70.49, 70.45, 70.26], [70.28, 70.27, 70.26, 70.28, 70.35, 71.77, 72.05, 72.29, 72.22, 73.37, 74.74, 70.46, 70.41, 68.0, 69.88, 69.56, 70.21, 70.45, 70.08, 69.83], [70.72, 70.67, 70.14, 70.1, 70.08, 70.19, 70.56, 72.16, 73.27, 72.85, 72.93, 71.75, 71.17, 71.93, 69.81, 69.44, 69.82, 69.98, 69.89, 69.74], [69.0, 69.0, 69.0, 70.4, 70.21, 69.68, 70.05, 70.56, 74.27, 74.05, 71.14, 72.47, 72.05, 72.25, 69.8, 69.31, 69.55, 69.68, 69.69, 69.63], [69.0, 69.0, 69.0, 69.0, 69.0, 69.0, 69.0, 69.0, 70.06, 73.37, 76.0, 72.95, 72.59, 72.57, 69.83, 69.21, 69.39, 69.49, 69.52, 69.5], [69.0, 69.0, 69.0, 69.0, 69.0, 69.0, 69.0, 69.0, 69.0, -999.0, 76.0, 68.0, 68.0, 72.81, 69.87, 69.11, 69.22, 73.27, 73.22, 73.2], [69.0, 69.0, 69.0, 69.0, 69.0, 69.0, 69.0, 69.0, 69.0, 69.0, -999.0, 68.0, 68.0, 72.57, 70.56, 72.46, 72.43, 72.92, 72.85, 72.81], [69.0, 69.0, 69.0, 69.0, 69.0, 69.0, 69.0, 69.0, 69.0, 69.0, -999.0, 75.0, 75.0, 75.0, 71.15, 72.79, 72.73, 73.23, 73.12, 73.04], [69.0, 69.0, 69.0, 69.0, 69.0, 69.0, 69.0, 73.0, 73.0, 73.0, 73.0, 73.77, 75.0, 75.0, 75.0, 73.17, 73.05, 73.51, 73.37, 73.25], [69.0, 69.0, 71.52, 71.56, 71.64, 73.0, 73.0, 73.0, 73.0, 73.0, 74.26, 74.12, 74.31, 74.47, 74.29, 74.63, 74.58, 74.68, 73.69, 73.59], [71.57, 71.59, 70.41, 70.48, 73.0, 73.0, 73.0, 73.0, 73.0, 73.0, 73.86, 74.11, 74.37, 74.61, 74.65, 75.83, 76.13, 76.37, 76.55, 76.68], [70.43, 70.48, 70.55, 70.65, 73.0, 73.0, 73.0, 73.0, 73.0, 73.51, 73.78, 74.08, 74.39, 74.63, 74.95, 75.73, 76.14, 76.42, 76.62, 76.75], [70.51, 70.57, 70.66, 73.0, 73.0, 73.0, 73.0, 73.0, 73.18, 73.39, 74.32, 74.6, 74.27, 74.52, 75.66, 75.95, 76.3, 76.55, 76.73, 76.85], [70.56, 70.63, 75.29, 75.17, 75.03, 74.81, 74.49, 73.66, 73.63, 74.04, 74.42, 74.67, 74.18, 74.34, 76.17, 76.33, 76.54, 76.73, 76.88, 76.98], [75.44, 75.38, 75.31, 74.65, 74.57, 74.45, 74.3, 74.14, 74.25, 74.44, 74.66, 74.82, 74.1, 76.5, 76.54, 76.64, 76.77, 76.92, 77.05, 77.13], [74.86, 74.85, 74.82, 74.8, 74.76, 74.72, 74.69, 74.39, 74.78, 74.89, 74.98, 75.03, 75.33, 76.75, 76.79, 76.83, 76.9, 77.07, 77.24, 77.31], [74.94, 74.94, 74.94, 74.46, 74.49, 74.55, 74.64, 74.76, 74.91, 74.99, 74.94, 75.03, 77.48, 76.94, 76.97, 76.9, 76.71, 77.16, 77.5, 77.53], [74.43, 74.45, 74.48, 74.52, 74.59, 74.69, 74.85, 75.09, 75.4, 75.54, 75.33, 75.26, 77.49, 77.53, 77.51, 77.07, 75.71, 77.93, 77.97, 77.77], [74.45, 74.48, 74.51, 74.57, 74.65, 74.78, 74.98, 75.31, 75.87, 76.35, 75.65, 75.29, 74.96, 77.6, 77.67, 77.78, 78.44, 79.49, 78.34, 77.93], [74.46, 74.49, 74.53, 74.59, 74.67, 74.79, 74.98, 75.28, 75.8, 76.22, 75.64, 75.14, 74.86, 77.65, 77.79, 77.4, 78.0, 78.31, 78.24, 77.95], [74.47, 74.49, 74.53, 74.58, 74.65, 74.74, 74.86, 75.02, 75.2, 75.2, 75.02, 74.79, 74.67, 76.23, 76.71, 77.16, 77.54, 77.73, 77.69, 77.54], [74.46, 74.49, 74.52, 74.56, 74.6, 74.65, 74.69, 74.71, 74.63, 74.48, 74.26, 75.51, 76.15, 76.81, 76.45, 76.86, 77.17, 77.35, 77.38, 77.34], [74.46, 74.48, 74.5, 74.52, 74.54, 74.55, 74.53, 74.45, 74.24, 73.85, 73.69, 74.88, 75.78, 76.5, 76.21, 76.59, 76.87, 77.05, 77.13, 77.14], [74.45, 74.46, 74.47, 74.48, 74.48, 74.47, 74.42, 74.3, 75.15, 74.48, 74.08, 74.86, 75.66, 76.32, 76.03, 76.38, 76.64, 76.82, 76.92, 76.97], [74.43, 74.44, 74.45, 74.44, 74.43, 74.41, 74.35, 74.25, 75.31, 74.99, 74.9, 75.24, 75.76, 76.28, 75.92, 76.23, 76.47, 76.64, 76.75, 76.82], [74.42, 74.42, 74.42, 74.42, 74.4, 74.37, 74.32, 75.74, 75.55, 75.4, 75.4, 75.6, 75.94, 76.32, 75.87, 76.13, 76.35, 76.51, 76.62, 76.7]]}