awsData/contour/humi_2023092417.json
{"header": {"refTime": "2023-09-24T17:00:00.000Z", "nx": 21, "ny": 33, "lo1": 113.509, "la1": 22.2235, "lo2": 113.5947, "la2": 22.1034, "dx": 0.0042850000000001385, "dy": 0.003753125000000024, "parameterCategory": 0, "parameterCategoryName": "Temperature", "parameterNumber": 0}, "z": [[70.56, 70.53, 70.5, 71.47, 71.35, 70.5, 70.37, 70.23, 70.18, 70.47, 70.67, 70.85, 70.03, 70.09, 71.83, 72.05, 72.51, 72.63, 72.72, 72.78], [70.57, 70.55, 70.52, 70.47, 71.37, 71.17, 70.29, 70.03, 69.87, 70.26, 70.62, 70.87, 70.1, 70.16, 71.89, 72.39, 72.58, 72.73, 72.84, 72.89], [70.6, 70.58, 70.56, 70.52, 71.43, 71.23, 70.89, 69.88, 69.22, 70.09, 70.67, 70.96, 70.22, 70.26, 72.15, 72.44, 72.7, 72.89, 73.0, 73.04], [70.62, 70.62, 70.61, 70.59, 70.55, 71.4, 71.13, 70.68, 70.25, 70.42, 70.89, 71.1, 70.42, 71.36, 72.13, 72.54, 72.9, 73.14, 73.23, 73.22], [70.64, 70.65, 70.65, 70.66, 70.66, 71.65, 71.54, 71.4, 71.36, 71.03, 71.26, 71.39, 71.15, 71.29, 72.15, 72.73, 73.24, 73.52, 73.54, 73.45], [70.66, 70.67, 70.69, 70.73, 70.78, 70.86, 71.96, 72.03, 72.14, 72.31, 71.88, 71.5, 71.24, 70.67, 72.24, 73.02, 73.8, 74.13, 73.95, 73.68], [71.34, 70.69, 70.72, 70.76, 70.85, 71.0, 72.5, 72.49, 72.66, 72.87, 72.79, 71.59, 70.43, 70.49, 72.33, 73.32, 74.6, 75.07, 75.08, 74.76], [71.28, 71.27, 71.26, 71.28, 71.35, 72.09, 72.38, 72.74, 72.94, 73.02, 73.45, 71.23, 71.21, 70.5, 73.77, 73.12, 74.43, 74.9, 74.16, 73.65], [71.72, 71.67, 71.14, 71.1, 71.08, 71.19, 71.56, 72.5, 73.32, 72.79, 72.46, 71.87, 71.59, 71.97, 73.61, 72.87, 73.64, 73.96, 73.78, 73.49], [70.0, 70.0, 70.0, 71.4, 71.21, 70.68, 71.05, 71.56, 73.57, 73.51, 71.57, 72.24, 72.02, 72.13, 73.6, 72.62, 73.11, 73.36, 73.37, 73.26], [70.0, 70.0, 70.0, 70.0, 70.0, 70.0, 70.0, 70.0, 71.06, 73.34, 74.0, 72.48, 72.3, 72.28, 73.67, 72.43, 72.78, 72.99, 73.04, 73.0], [70.0, 70.0, 70.0, 70.0, 70.0, 70.0, 70.0, 70.0, 70.0, -999.0, 74.0, 70.0, 70.0, 72.41, 73.73, 72.22, 72.43, 76.57, 76.55, 76.55], [70.0, 70.0, 70.0, 70.0, 70.0, 70.0, 70.0, 70.0, 70.0, 70.0, -999.0, 70.0, 70.0, 74.57, 72.56, 76.36, 76.36, 76.48, 76.46, 76.45], [70.0, 70.0, 70.0, 70.0, 70.0, 70.0, 70.0, 70.0, 70.0, 70.0, -999.0, 77.0, 77.0, 77.0, 73.15, 76.45, 76.43, 76.56, 76.53, 76.51], [70.0, 70.0, 70.0, 70.0, 70.0, 70.0, 70.0, 67.0, 67.0, 67.0, 67.0, 70.84, 77.0, 77.0, 77.0, 76.54, 76.51, 76.63, 76.59, 76.56], [70.0, 70.0, 68.11, 68.08, 68.02, 67.0, 67.0, 67.0, 67.0, 67.0, 73.29, 72.58, 73.55, 74.36, 73.44, 77.37, 77.42, 77.32, 77.01, 77.01], [68.07, 68.06, 68.94, 68.89, 67.0, 67.0, 67.0, 67.0, 67.0, 67.0, 71.3, 72.54, 73.85, 75.05, 75.92, 77.01, 77.02, 77.02, 77.02, 77.02], [68.93, 68.89, 68.84, 68.76, 67.0, 67.0, 67.0, 67.0, 67.0, 69.54, 70.88, 72.38, 73.94, 75.8, 76.85, 77.02, 77.02, 77.02, 77.02, 77.02], [68.87, 68.82, 68.75, 67.0, 67.0, 67.0, 67.0, 67.0, 67.9, 68.95, 70.81, 72.1, 74.44, 75.48, 77.02, 77.02, 77.03, 77.03, 77.03, 77.02], [68.83, 68.78, 69.86, 69.72, 69.53, 69.27, 68.86, 67.82, 68.49, 69.59, 70.81, 71.9, 74.24, 75.06, 77.03, 77.04, 77.05, 77.04, 77.03, 77.02], [70.05, 69.98, 69.88, 69.07, 68.96, 68.82, 68.63, 68.43, 69.73, 70.26, 71.02, 71.8, 74.17, 77.04, 77.05, 77.07, 77.07, 77.06, 77.04, 77.02], [69.33, 69.31, 69.28, 69.25, 69.2, 69.15, 69.11, 69.43, 70.54, 70.85, 71.29, 71.78, 75.69, 77.05, 77.08, 77.11, 77.12, 77.09, 77.04, 77.01], [69.42, 69.42, 69.42, 69.83, 69.83, 69.85, 69.89, 70.0, 70.14, 70.25, 70.27, 72.11, 75.19, 77.06, 77.09, 77.15, 77.24, 77.13, 77.02, 76.99], [69.94, 69.95, 69.96, 69.99, 70.03, 70.11, 70.25, 70.46, 70.73, 70.87, 70.74, 73.22, 75.06, 75.63, 76.14, 77.15, 77.55, 76.98, 76.93, 76.95], [70.01, 70.04, 70.07, 70.12, 70.2, 70.32, 70.5, 70.78, 71.21, 71.56, 71.11, 73.01, 73.53, 75.54, 76.05, 76.45, 76.85, 76.59, 76.84, 76.91], [70.08, 70.12, 70.16, 70.23, 70.32, 70.45, 70.63, 70.89, 71.26, 71.55, 72.47, 72.83, 73.3, 75.44, 75.89, 76.05, 76.23, 76.25, 76.86, 76.91], [70.14, 70.18, 70.24, 70.31, 70.4, 70.52, 70.68, 70.86, 71.05, 71.12, 72.37, 72.63, 73.05, 74.85, 75.35, 75.71, 75.93, 76.01, 76.01, 75.96], [70.19, 70.23, 70.29, 70.36, 70.45, 70.56, 70.68, 70.8, 70.91, 72.05, 72.02, 72.03, 72.38, 72.76, 75.01, 75.39, 75.63, 75.76, 75.81, 75.8], [70.22, 70.27, 70.33, 70.4, 70.48, 70.57, 70.67, 70.76, 70.85, 71.71, 71.28, 71.79, 72.23, 72.61, 74.72, 75.11, 75.37, 75.53, 75.61, 75.64], [70.25, 70.3, 70.35, 70.42, 70.49, 70.57, 70.65, 70.73, 71.86, 71.6, 71.45, 71.8, 72.18, 72.52, 74.51, 74.88, 75.15, 75.32, 75.43, 75.49], [70.27, 70.32, 70.37, 70.42, 70.49, 70.55, 70.62, 70.69, 71.95, 71.83, 71.81, 71.98, 72.23, 72.5, 74.39, 74.73, 74.98, 75.16, 75.28, 75.36], [70.29, 70.33, 70.37, 70.43, 70.48, 70.54, 70.59, 72.15, 72.07, 72.02, 72.04, 72.14, 72.32, 72.52, 74.35, 74.63, 74.86, 75.03, 75.15, 75.24]]}