awsData/contour/humi_2023092410.json
{"header": {"refTime": "2023-09-24T10:00:00.000Z", "nx": 21, "ny": 33, "lo1": 113.509, "la1": 22.2235, "lo2": 113.5947, "la2": 22.1034, "dx": 0.0042850000000001385, "dy": 0.003753125000000024, "parameterCategory": 0, "parameterCategoryName": "Temperature", "parameterNumber": 0}, "z": [[72.02, 72.03, 72.04, 73.84, 73.75, 72.26, 72.23, 72.2, 72.19, 73.16, 73.27, 73.36, 71.76, 71.74, 71.71, 71.68, 71.38, 71.35, 71.34, 71.33], [72.01, 72.02, 72.03, 72.05, 73.75, 73.61, 72.22, 72.17, 72.14, 72.99, 73.21, 73.33, 71.77, 71.75, 71.71, 71.41, 71.37, 71.34, 71.33, 71.31], [72.0, 72.01, 72.03, 72.05, 73.77, 73.63, 73.4, 72.15, 72.04, 72.86, 73.22, 73.31, 71.77, 71.76, 71.46, 71.4, 71.36, 71.33, 71.31, 71.3], [71.99, 72.0, 72.02, 72.04, 72.07, 73.72, 73.54, 73.23, 72.95, 73.15, 73.38, 73.26, 71.8, 72.95, 71.47, 71.39, 71.33, 71.3, 71.28, 71.27], [71.97, 71.98, 72.0, 72.03, 72.07, 73.85, 73.77, 73.7, 73.76, 73.76, 73.73, 72.98, 72.38, 72.8, 71.47, 71.36, 71.29, 71.25, 71.24, 71.25], [71.95, 71.96, 71.98, 72.0, 72.05, 72.12, 73.96, 74.01, 74.23, 74.69, 74.03, 73.25, 72.68, 71.67, 71.41, 71.31, 71.22, 71.18, 71.2, 71.22], [71.89, 71.93, 71.94, 71.96, 72.01, 72.1, 73.77, 74.0, 74.24, 74.91, 75.24, 73.58, 71.43, 71.49, 71.34, 71.25, 71.13, 71.09, 71.18, 71.25], [71.86, 71.85, 71.84, 71.85, 71.9, 73.37, 73.56, 73.61, 73.45, 75.21, 76.78, 73.15, 73.11, 71.5, 71.0, 71.0, 71.0, 71.0, 71.0, 71.0], [72.15, 72.12, 71.76, 71.73, 71.72, 71.8, 72.04, 73.62, 74.59, 74.7, 75.31, 74.28, 73.78, 74.44, 71.0, 71.0, 71.0, 71.0, 71.0, 71.0], [71.0, 71.0, 71.0, 71.94, 71.8, 71.45, 71.7, 72.04, 75.84, 75.56, 73.74, 74.92, 74.54, 74.72, 71.0, 71.0, 71.0, 71.0, 71.0, 71.0], [71.0, 71.0, 71.0, 71.0, 71.0, 71.0, 71.0, 71.0, 71.71, 74.71, 78.0, 75.33, 75.02, 75.0, 71.0, 71.0, 71.0, 71.0, 71.0, 71.0], [71.0, 71.0, 71.0, 71.0, 71.0, 71.0, 71.0, 71.0, 71.0, -999.0, 78.0, 71.0, 71.0, 75.21, 71.0, 71.0, 71.0, 73.27, 73.22, 73.2], [71.0, 71.0, 71.0, 71.0, 71.0, 71.0, 71.0, 71.0, 71.0, 71.0, -999.0, 71.0, 71.0, 73.61, 72.46, 72.46, 72.43, 72.92, 72.85, 72.81], [71.0, 71.0, 71.0, 71.0, 71.0, 71.0, 71.0, 71.0, 71.0, 71.0, -999.0, 75.0, 75.0, 75.0, 72.8, 72.79, 72.73, 73.23, 73.12, 73.04], [71.0, 71.0, 71.0, 71.0, 71.0, 71.0, 71.0, 75.0, 75.0, 75.0, 75.0, 75.0, 75.0, 75.0, 75.0, 73.17, 73.05, 73.51, 73.37, 73.25], [71.0, 71.0, 73.52, 73.56, 73.64, 75.0, 75.0, 75.0, 75.0, 75.0, 75.0, 75.0, 75.0, 75.0, 75.0, 75.73, 75.84, 75.65, 74.51, 74.47], [73.57, 73.59, 72.41, 72.48, 75.0, 75.0, 75.0, 75.0, 75.0, 75.0, 75.0, 75.0, 75.0, 75.0, 75.22, 76.01, 76.38, 76.66, 76.87, 77.02], [72.43, 72.48, 72.55, 72.65, 75.0, 75.0, 75.0, 75.0, 75.0, 75.0, 75.0, 75.0, 75.0, 75.21, 75.03, 75.9, 76.41, 76.74, 76.96, 77.11], [72.51, 72.57, 72.66, 75.0, 75.0, 75.0, 75.0, 75.0, 75.0, 75.0, 75.0, 75.0, 75.36, 75.3, 75.82, 76.19, 76.61, 76.91, 77.11, 77.23], [72.56, 72.63, 75.0, 75.0, 75.0, 75.0, 75.0, 75.0, 75.0, 75.0, 75.0, 75.0, 75.45, 75.46, 76.48, 76.68, 76.95, 77.16, 77.3, 77.38], [75.0, 75.0, 75.0, 75.0, 75.0, 75.0, 75.0, 75.0, 75.0, 75.0, 75.0, 75.0, 75.55, 76.89, 76.96, 77.12, 77.3, 77.44, 77.52, 77.56], [75.0, 75.0, 75.0, 75.0, 75.0, 75.0, 75.0, 75.0, 75.0, 75.0, 75.0, 75.0, 75.64, 77.21, 77.32, 77.47, 77.6, 77.7, 77.75, 77.74], [75.0, 75.0, 75.0, 75.0, 75.0, 75.0, 75.0, 75.0, 75.0, 75.0, 75.0, 75.53, 77.15, 77.44, 77.58, 77.7, 77.76, 77.92, 77.98, 77.91], [75.0, 75.0, 75.0, 75.0, 75.0, 75.0, 75.0, 75.0, 75.0, 75.0, 75.0, 75.49, 77.08, 77.44, 77.73, 77.88, 77.57, 78.34, 78.24, 78.06], [75.0, 75.0, 75.0, 75.0, 75.0, 75.0, 75.0, 75.0, 75.0, 75.0, 75.0, 75.43, 75.6, 77.42, 77.76, 78.05, 78.53, 78.95, 78.4, 78.15], [75.0, 75.0, 75.0, 75.0, 75.0, 75.0, 75.0, 75.0, 75.0, 75.0, 75.24, 75.38, 75.54, 77.39, 77.73, 78.03, 78.33, 78.47, 78.32, 78.15], [75.0, 75.0, 75.0, 75.0, 75.0, 75.0, 75.0, 75.0, 75.0, 75.0, 75.26, 75.35, 75.48, 77.26, 77.57, 77.85, 78.06, 78.16, 78.14, 78.07], [75.0, 75.0, 75.0, 75.0, 75.0, 75.0, 75.0, 75.0, 75.0, 75.2, 75.21, 75.74, 76.07, 76.46, 77.39, 77.65, 77.84, 77.94, 77.97, 77.95], [75.0, 75.0, 75.0, 75.0, 75.0, 75.0, 75.0, 75.0, 75.0, 75.15, 75.19, 75.59, 75.97, 76.33, 77.22, 77.47, 77.65, 77.76, 77.81, 77.83], [75.0, 75.0, 75.0, 75.0, 75.0, 75.0, 75.0, 75.0, 75.59, 75.42, 75.33, 75.61, 75.94, 76.26, 77.09, 77.33, 77.5, 77.62, 77.68, 77.72], [75.0, 75.0, 75.0, 75.0, 75.0, 75.0, 75.0, 75.0, 75.68, 75.6, 75.61, 75.76, 75.99, 76.24, 77.02, 77.23, 77.39, 77.5, 77.58, 77.62], [75.0, 75.0, 75.0, 75.0, 75.0, 75.0, 75.0, 75.84, 75.79, 75.76, 75.79, 75.9, 76.06, 76.26, 76.99, 77.17, 77.31, 77.41, 77.49, 77.54]]}