awsData/contour/humi_2023092510.json
{"header": {"refTime": "2023-09-25T10:00:00.000Z", "nx": 21, "ny": 33, "lo1": 113.509, "la1": 22.2235, "lo2": 113.5947, "la2": 22.1034, "dx": 0.0042850000000001385, "dy": 0.003753125000000024, "parameterCategory": 0, "parameterCategoryName": "Temperature", "parameterNumber": 0}, "z": [[74.18, 74.23, 74.31, 76.18, 76.17, 73.86, 73.99, 74.11, 74.1, 74.81, 74.49, 74.17, 71.78, 71.55, 71.1, 70.96, 69.27, 69.27, 69.27, 69.27], [74.14, 74.19, 74.27, 74.36, 76.15, 76.15, 74.16, 74.46, 74.62, 74.98, 74.47, 73.98, 71.55, 71.32, 70.91, 69.26, 69.26, 69.26, 69.26, 69.26], [74.09, 74.14, 74.21, 74.3, 76.13, 76.13, 76.12, 74.74, 75.67, 75.14, 74.35, 73.61, 71.16, 70.99, 69.26, 69.26, 69.25, 69.25, 69.24, 69.25], [74.02, 74.07, 74.13, 74.21, 74.33, 76.1, 76.1, 76.1, 76.11, 74.98, 74.09, 72.96, 70.54, 71.2, 69.25, 69.25, 69.24, 69.23, 69.23, 69.23], [73.95, 73.98, 74.02, 74.09, 74.19, 76.05, 76.05, 76.08, 76.17, 74.88, 74.0, 71.15, 69.88, 70.9, 69.25, 69.24, 69.22, 69.2, 69.21, 69.22], [73.87, 73.88, 73.9, 73.94, 74.01, 74.1, 75.93, 75.93, 76.1, 76.5, 73.11, 71.77, 70.67, 69.33, 69.28, 69.24, 69.18, 69.16, 69.18, 69.2], [72.89, 73.77, 73.76, 73.77, 73.81, 73.88, 74.77, 75.56, 75.7, 75.52, 75.73, 72.71, 69.57, 69.51, 69.33, 69.24, 69.12, 69.08, 69.0, 69.0], [72.86, 72.85, 72.84, 72.85, 72.9, 74.37, 74.56, 74.61, 74.33, 75.88, 77.55, 72.76, 72.71, 69.5, 69.37, 69.48, 69.26, 69.18, 69.31, 69.39], [73.15, 73.12, 72.76, 72.73, 72.72, 72.8, 73.04, 74.62, 75.59, 75.28, 75.54, 74.22, 73.57, 74.43, 69.4, 69.52, 69.39, 69.34, 69.37, 69.42], [72.0, 72.0, 72.0, 72.94, 72.8, 72.45, 72.7, 73.04, 76.84, 76.56, 73.53, 75.03, 74.55, 74.79, 69.4, 69.56, 69.48, 69.44, 69.44, 69.46], [72.0, 72.0, 72.0, 72.0, 72.0, 72.0, 72.0, 72.0, 72.71, 75.71, 79.0, 75.57, 75.16, 75.14, 69.39, 69.6, 69.54, 69.5, 69.49, 69.5], [72.0, 72.0, 72.0, 72.0, 72.0, 72.0, 72.0, 72.0, 72.0, -999.0, 79.0, 70.0, 70.0, 75.42, 69.38, 69.63, 69.59, 71.27, 71.22, 71.2], [72.0, 72.0, 72.0, 72.0, 72.0, 72.0, 72.0, 72.0, 72.0, 72.0, -999.0, 70.0, 70.0, 71.96, 71.1, 70.46, 70.43, 70.92, 70.85, 70.81], [72.0, 72.0, 72.0, 72.0, 72.0, 72.0, 72.0, 72.0, 72.0, 72.0, -999.0, 73.0, 73.0, 73.0, 71.35, 70.79, 70.73, 71.23, 71.12, 71.04], [72.0, 72.0, 72.0, 72.0, 72.0, 72.0, 72.0, 74.0, 74.0, 74.0, 74.0, 73.62, 73.0, 73.0, 73.0, 71.17, 71.05, 71.51, 71.37, 71.25], [72.0, 72.0, 73.26, 73.28, 73.32, 74.0, 74.0, 74.0, 74.0, 74.0, 73.37, 73.44, 73.35, 73.26, 73.36, 74.47, 74.69, 74.3, 73.06, 73.05], [73.28, 73.3, 72.71, 72.74, 74.0, 74.0, 74.0, 74.0, 74.0, 74.0, 73.57, 73.45, 73.32, 73.2, 73.57, 73.76, 74.03, 74.24, 74.39, 74.49], [72.71, 72.74, 72.77, 72.83, 74.0, 74.0, 74.0, 74.0, 74.0, 73.75, 73.61, 73.46, 73.31, 73.56, 73.09, 73.68, 74.06, 74.31, 74.46, 74.56], [72.75, 72.79, 72.83, 74.0, 74.0, 74.0, 74.0, 74.0, 73.91, 73.81, 74.08, 73.97, 74.0, 73.77, 73.63, 73.91, 74.23, 74.45, 74.58, 74.65], [72.78, 72.81, 75.14, 75.09, 75.01, 74.91, 74.75, 74.33, 74.13, 74.18, 74.17, 74.09, 74.19, 74.13, 74.14, 74.31, 74.51, 74.66, 74.73, 74.76], [75.22, 75.19, 75.15, 74.83, 74.79, 74.73, 74.65, 74.57, 74.32, 74.33, 74.31, 74.23, 74.41, 74.46, 74.54, 74.69, 74.83, 74.9, 74.91, 74.88], [74.93, 74.92, 74.91, 74.9, 74.88, 74.86, 74.84, 74.34, 74.54, 74.55, 74.51, 74.42, 75.26, 74.71, 74.85, 75.04, 75.17, 75.16, 75.07, 74.99], [74.97, 74.97, 74.97, 74.22, 74.26, 74.32, 74.39, 74.48, 74.57, 74.61, 74.55, 75.67, 75.74, 74.89, 75.07, 75.33, 75.6, 75.42, 75.18, 75.05], [74.13, 74.16, 74.18, 74.22, 74.27, 74.35, 74.46, 74.63, 74.83, 74.92, 74.75, 75.25, 75.74, 75.71, 75.71, 75.44, 76.24, 75.33, 75.13, 75.06], [74.12, 74.14, 74.17, 74.21, 74.26, 74.34, 74.48, 74.71, 75.13, 75.49, 74.93, 75.14, 75.17, 75.69, 75.65, 75.6, 75.13, 74.78, 75.02, 75.03], [74.1, 74.12, 74.14, 74.17, 74.22, 74.29, 74.41, 74.62, 75.02, 75.35, 75.12, 74.91, 74.95, 75.67, 75.61, 74.91, 74.93, 74.88, 75.0, 75.01], [74.08, 74.09, 74.11, 74.13, 74.15, 74.19, 74.26, 74.35, 74.45, 74.42, 74.53, 74.49, 74.64, 74.24, 74.52, 74.71, 74.8, 74.82, 74.82, 74.82], [74.05, 74.06, 74.06, 74.07, 74.07, 74.07, 74.06, 74.02, 73.88, 73.89, 73.67, 73.48, 73.65, 73.76, 74.32, 74.52, 74.64, 74.71, 74.73, 74.74], [74.03, 74.02, 74.02, 74.01, 73.99, 73.96, 73.89, 73.75, 73.47, 73.14, 72.42, 73.06, 73.43, 73.63, 74.15, 74.36, 74.5, 74.59, 74.63, 74.66], [74.0, 73.99, 73.98, 73.96, 73.92, 73.87, 73.77, 73.6, 73.32, 72.89, 72.62, 73.01, 73.35, 73.56, 74.03, 74.24, 74.38, 74.48, 74.54, 74.58], [73.98, 73.96, 73.94, 73.91, 73.87, 73.8, 73.71, 73.56, 73.36, 73.14, 73.05, 73.18, 73.38, 73.54, 73.96, 74.15, 74.29, 74.39, 74.46, 74.51], [73.95, 73.94, 73.91, 73.88, 73.83, 73.77, 73.68, 73.57, 73.44, 73.33, 73.29, 73.34, 73.45, 73.56, 73.94, 74.1, 74.23, 74.32, 74.39, 74.44]]}