awsData/contour/humi_2023092418.json
{"header": {"refTime": "2023-09-24T18:00:00.000Z", "nx": 21, "ny": 33, "lo1": 113.509, "la1": 22.2235, "lo2": 113.5947, "la2": 22.1034, "dx": 0.0042850000000001385, "dy": 0.003753125000000024, "parameterCategory": 0, "parameterCategoryName": "Temperature", "parameterNumber": 0}, "z": [[73.02, 73.03, 73.04, 74.58, 74.51, 73.03, 73.01, 72.99, 72.97, 73.71, 73.76, 73.78, 72.6, 72.58, 74.02, 74.22, 74.4, 74.54, 74.65, 74.72], [73.01, 73.02, 73.03, 73.05, 74.5, 74.38, 73.03, 73.0, 72.98, 73.61, 73.7, 73.72, 72.57, 72.55, 74.0, 74.25, 74.47, 74.65, 74.77, 74.83], [73.0, 73.01, 73.03, 73.05, 74.53, 74.4, 74.2, 73.02, 73.0, 73.53, 73.7, 73.65, 72.5, 72.49, 73.95, 74.29, 74.6, 74.81, 74.94, 74.99], [72.99, 73.0, 73.02, 73.04, 73.07, 74.48, 74.33, 74.06, 73.82, 73.73, 73.78, 73.53, 72.39, 73.41, 73.91, 74.4, 74.81, 75.07, 75.18, 75.18], [72.97, 72.98, 73.0, 73.03, 73.07, 74.6, 74.53, 74.47, 74.51, 74.18, 74.03, 73.37, 72.57, 73.22, 73.94, 74.61, 75.17, 75.47, 75.51, 75.42], [72.95, 72.96, 72.98, 73.0, 73.05, 73.12, 74.7, 74.74, 74.93, 75.29, 74.57, 73.76, 73.08, 72.33, 74.11, 74.96, 75.77, 76.11, 75.93, 75.66], [72.89, 72.93, 72.94, 72.96, 73.01, 73.1, 74.51, 74.77, 74.96, 75.65, 75.95, 74.39, 72.57, 72.51, 74.32, 75.31, 76.59, 77.06, 76.89, 76.51], [72.86, 72.85, 72.84, 72.85, 72.9, 74.15, 74.34, 74.43, 74.39, 75.86, 77.1, 74.54, 74.51, 72.5, 76.14, 75.6, 76.69, 77.08, 76.46, 76.04], [73.15, 73.12, 72.76, 72.73, 72.72, 72.8, 73.04, 74.4, 75.27, 75.49, 76.08, 75.34, 74.98, 75.46, 76.01, 75.39, 76.03, 76.3, 76.15, 75.91], [72.0, 72.0, 72.0, 72.94, 72.8, 72.45, 72.7, 73.04, 76.27, 76.05, 74.96, 75.8, 75.53, 75.66, 76.0, 75.19, 75.59, 75.8, 75.81, 75.72], [72.0, 72.0, 72.0, 72.0, 72.0, 72.0, 72.0, 72.0, 72.71, 75.37, 78.0, 76.09, 75.87, 75.85, 76.06, 75.02, 75.32, 75.49, 75.53, 75.5], [72.0, 72.0, 72.0, 72.0, 72.0, 72.0, 72.0, 72.0, 72.0, -999.0, 78.0, 73.0, 73.0, 76.01, 76.11, 74.85, 75.03, 79.71, 79.66, 79.65], [72.0, 72.0, 72.0, 72.0, 72.0, 72.0, 72.0, 72.0, 72.0, 72.0, -999.0, 73.0, 73.0, 78.22, 75.93, 79.09, 79.07, 79.44, 79.39, 79.35], [72.0, 72.0, 72.0, 72.0, 72.0, 72.0, 72.0, 72.0, 72.0, 72.0, -999.0, 81.0, 81.0, 81.0, 76.6, 79.34, 79.29, 79.67, 79.59, 79.53], [72.0, 72.0, 72.0, 72.0, 72.0, 72.0, 72.0, 75.0, 75.0, 75.0, 75.0, 77.31, 81.0, 81.0, 81.0, 79.63, 79.54, 79.88, 79.78, 79.69], [72.0, 72.0, 73.89, 73.92, 73.98, 75.0, 75.0, 75.0, 75.0, 75.0, 78.78, 78.35, 78.93, 79.42, 78.86, 81.73, 81.84, 81.65, 80.77, 80.75], [73.93, 73.94, 73.06, 73.11, 75.0, 75.0, 75.0, 75.0, 75.0, 75.0, 77.58, 78.32, 79.11, 79.83, 80.51, 81.73, 81.99, 82.2, 82.35, 82.45], [73.07, 73.11, 73.16, 73.24, 75.0, 75.0, 75.0, 75.0, 75.0, 76.52, 77.33, 78.23, 79.17, 80.43, 80.93, 81.65, 82.02, 82.26, 82.41, 82.52], [73.13, 73.18, 73.25, 75.0, 75.0, 75.0, 75.0, 75.0, 75.54, 76.17, 78.03, 78.83, 79.72, 80.3, 81.6, 81.86, 82.17, 82.38, 82.52, 82.61], [73.17, 73.22, 79.0, 78.81, 78.55, 78.17, 77.61, 76.15, 76.34, 77.25, 78.17, 78.86, 79.66, 80.15, 82.07, 82.22, 82.42, 82.57, 82.66, 82.72], [79.27, 79.17, 79.04, 77.9, 77.75, 77.54, 77.28, 77.0, 77.58, 78.0, 78.55, 79.02, 79.68, 82.37, 82.43, 82.56, 82.68, 82.78, 82.82, 82.84], [78.26, 78.23, 78.19, 78.14, 78.09, 78.02, 77.95, 77.6, 78.56, 78.8, 79.07, 79.3, 81.96, 82.61, 82.7, 82.82, 82.93, 82.98, 82.99, 82.96], [78.39, 78.39, 78.39, 77.8, 77.85, 77.94, 78.07, 78.28, 78.53, 78.67, 78.61, 80.2, 82.93, 82.78, 82.89, 83.02, 83.11, 83.16, 83.14, 83.07], [77.78, 77.82, 77.87, 77.94, 78.05, 78.21, 78.48, 78.88, 79.38, 79.62, 79.28, 80.75, 82.9, 83.05, 83.18, 83.14, 83.15, 83.38, 83.27, 83.16], [77.83, 77.88, 77.95, 78.04, 78.18, 78.39, 78.72, 79.27, 80.18, 80.95, 79.83, 80.61, 80.6, 83.04, 83.19, 83.31, 83.43, 83.59, 83.34, 83.2], [77.87, 77.92, 77.99, 78.09, 78.23, 78.44, 78.75, 79.25, 80.09, 80.77, 80.62, 80.27, 80.28, 83.03, 83.17, 82.38, 82.78, 82.9, 83.29, 83.19], [77.89, 77.94, 78.01, 78.1, 78.22, 78.38, 78.59, 78.87, 79.17, 79.19, 79.74, 79.65, 79.84, 80.82, 81.46, 81.98, 82.32, 82.47, 82.45, 82.35], [77.9, 77.95, 78.01, 78.08, 78.16, 78.26, 78.35, 78.4, 78.32, 78.78, 78.46, 78.96, 79.54, 80.1, 81.05, 81.56, 81.9, 82.09, 82.14, 82.12], [77.9, 77.94, 77.98, 78.03, 78.08, 78.12, 78.12, 78.03, 77.74, 77.68, 76.83, 78.18, 79.11, 79.78, 80.69, 81.2, 81.54, 81.76, 81.87, 81.9], [77.89, 77.92, 77.95, 77.98, 78.0, 78.0, 77.95, 77.81, 78.57, 77.76, 77.26, 78.12, 78.96, 79.6, 80.43, 80.91, 81.25, 81.48, 81.62, 81.7], [77.88, 77.9, 77.92, 77.93, 77.93, 77.91, 77.84, 77.71, 78.72, 78.31, 78.18, 78.53, 79.06, 79.55, 80.28, 80.71, 81.03, 81.26, 81.42, 81.51], [77.86, 77.88, 77.89, 77.89, 77.88, 77.85, 77.79, 79.19, 78.95, 78.76, 78.72, 78.91, 79.24, 79.6, 80.21, 80.58, 80.87, 81.09, 81.25, 81.36]]}