awsData/contour/humi_2023092500.json
{"header": {"refTime": "2023-09-25T00:00:00.000Z", "nx": 21, "ny": 33, "lo1": 113.509, "la1": 22.2235, "lo2": 113.5947, "la2": 22.1034, "dx": 0.0042850000000001385, "dy": 0.003753125000000024, "parameterCategory": 0, "parameterCategoryName": "Temperature", "parameterNumber": 0}, "z": [[82.02, 82.03, 82.04, 83.07, 83.02, 81.56, 81.57, 81.57, 81.53, 81.82, 81.72, 81.61, 80.81, 80.75, 80.76, 80.81, 80.87, 80.94, 80.99, 81.02], [82.01, 82.02, 82.03, 82.05, 83.02, 82.94, 81.63, 81.66, 81.67, 81.85, 81.69, 81.51, 80.7, 80.64, 80.68, 80.78, 80.89, 80.97, 81.02, 81.06], [82.0, 82.01, 82.03, 82.05, 83.04, 82.95, 82.81, 81.74, 81.92, 81.88, 81.64, 81.35, 80.5, 80.48, 80.62, 80.79, 80.93, 81.02, 81.08, 81.11], [81.99, 82.0, 82.02, 82.04, 82.07, 83.01, 82.9, 82.72, 82.55, 81.89, 81.58, 81.06, 80.16, 80.87, 80.58, 80.82, 81.0, 81.11, 81.16, 81.18], [81.97, 81.98, 82.0, 82.03, 82.07, 83.1, 83.05, 83.01, 83.02, 82.02, 81.64, 80.76, 79.75, 80.65, 80.6, 80.92, 81.14, 81.25, 81.27, 81.26], [81.95, 81.96, 81.98, 82.0, 82.05, 82.12, 83.19, 83.22, 83.32, 83.51, 82.12, 81.28, 80.48, 80.0, 80.76, 81.08, 81.34, 81.45, 81.41, 81.34], [81.89, 81.93, 81.94, 81.96, 82.01, 82.1, 83.01, 83.29, 83.4, 83.73, 83.85, 82.19, 80.71, 80.53, 80.98, 81.25, 81.61, 81.74, 81.45, 81.26], [81.86, 81.85, 81.84, 81.85, 81.9, 82.7, 82.88, 83.07, 83.17, 83.85, 84.49, 82.92, 82.9, 80.49, 82.0, 82.0, 82.0, 82.0, 82.0, 82.0], [82.15, 82.12, 81.76, 81.73, 81.72, 81.8, 82.04, 82.96, 83.64, 83.64, 83.85, 83.41, 83.19, 83.48, 82.0, 82.0, 82.0, 82.0, 82.0, 82.0], [81.0, 81.0, 81.0, 81.94, 81.8, 81.45, 81.7, 82.04, 84.14, 84.03, 83.18, 83.68, 83.52, 83.6, 82.0, 82.0, 82.0, 82.0, 82.0, 82.0], [81.0, 81.0, 81.0, 81.0, 81.0, 81.0, 81.0, 81.0, 81.71, 83.68, 85.0, 83.86, 83.72, 83.71, 82.0, 82.0, 82.0, 82.0, 82.0, 82.0], [81.0, 81.0, 81.0, 81.0, 81.0, 81.0, 81.0, 81.0, 81.0, -999.0, 85.0, 82.0, 82.0, 83.81, 82.0, 82.0, 82.0, 86.55, 86.44, 86.41], [81.0, 81.0, 81.0, 81.0, 81.0, 81.0, 81.0, 81.0, 81.0, 81.0, -999.0, 82.0, 82.0, 87.22, 84.93, 84.91, 84.85, 85.84, 85.7, 85.61], [81.0, 81.0, 81.0, 81.0, 81.0, 81.0, 81.0, 81.0, 81.0, 81.0, -999.0, 90.0, 90.0, 90.0, 85.6, 85.58, 85.45, 86.46, 86.24, 86.08], [81.0, 81.0, 81.0, 81.0, 81.0, 81.0, 81.0, 84.0, 84.0, 84.0, 84.0, 86.31, 90.0, 90.0, 90.0, 86.34, 86.1, 87.02, 86.73, 86.5], [81.0, 81.0, 82.89, 82.92, 82.98, 84.0, 84.0, 84.0, 84.0, 84.0, 87.78, 87.35, 87.93, 88.42, 87.86, 88.53, 88.31, 88.7, 86.84, 86.61], [82.93, 82.94, 82.06, 82.11, 84.0, 84.0, 84.0, 84.0, 84.0, 84.0, 86.58, 87.32, 88.11, 88.83, 88.84, 89.66, 89.54, 89.45, 89.4, 89.36], [82.07, 82.11, 82.16, 82.24, 84.0, 84.0, 84.0, 84.0, 84.0, 85.52, 86.33, 87.23, 88.17, 88.79, 89.83, 89.69, 89.52, 89.42, 89.36, 89.33], [82.13, 82.18, 82.25, 84.0, 84.0, 84.0, 84.0, 84.0, 84.54, 85.17, 86.47, 87.25, 87.63, 88.39, 89.71, 89.58, 89.43, 89.34, 89.3, 89.29], [82.17, 82.22, 86.29, 86.17, 86.03, 85.81, 85.49, 84.66, 85.01, 85.73, 86.5, 87.17, 87.32, 87.79, 89.46, 89.38, 89.28, 89.23, 89.22, 89.24], [86.44, 86.38, 86.31, 85.65, 85.57, 85.45, 85.3, 85.14, 85.87, 86.22, 86.7, 87.16, 87.04, 89.31, 89.25, 89.16, 89.09, 89.09, 89.14, 89.19], [85.86, 85.85, 85.82, 85.8, 85.76, 85.72, 85.69, 85.39, 86.48, 86.68, 86.95, 87.23, 88.07, 89.19, 89.08, 88.93, 88.84, 88.92, 89.07, 89.17], [85.94, 85.94, 85.94, 85.46, 85.49, 85.55, 85.64, 85.76, 85.91, 85.99, 85.94, 86.3, 88.52, 89.11, 88.96, 88.7, 88.38, 88.72, 89.08, 89.2], [85.43, 85.45, 85.48, 85.52, 85.59, 85.69, 85.85, 86.09, 86.4, 86.54, 86.33, 86.51, 88.52, 88.58, 88.59, 88.67, 87.39, 89.12, 89.32, 89.3], [85.45, 85.48, 85.51, 85.57, 85.65, 85.78, 85.98, 86.31, 86.87, 87.35, 86.65, 86.5, 86.26, 88.62, 88.7, 88.81, 89.51, 90.27, 89.57, 89.39], [85.46, 85.49, 85.53, 85.59, 85.67, 85.79, 85.98, 86.28, 86.8, 87.22, 86.76, 86.33, 86.13, 88.66, 88.79, 88.36, 88.87, 89.12, 89.54, 89.42], [85.47, 85.49, 85.53, 85.58, 85.65, 85.74, 85.86, 86.02, 86.2, 86.2, 86.15, 85.97, 85.91, 87.23, 87.69, 88.11, 88.45, 88.62, 88.58, 88.46], [85.46, 85.49, 85.52, 85.56, 85.6, 85.65, 85.69, 85.71, 85.63, 85.58, 85.36, 86.36, 86.94, 87.52, 87.43, 87.82, 88.11, 88.27, 88.31, 88.27], [85.46, 85.48, 85.5, 85.52, 85.54, 85.55, 85.53, 85.45, 85.24, 84.92, 84.65, 85.76, 86.59, 87.23, 87.18, 87.56, 87.83, 87.99, 88.07, 88.09], [85.45, 85.46, 85.47, 85.48, 85.48, 85.47, 85.42, 85.3, 86.03, 85.4, 85.01, 85.74, 86.48, 87.07, 87.01, 87.35, 87.6, 87.78, 87.88, 87.92], [85.43, 85.44, 85.45, 85.44, 85.43, 85.41, 85.35, 85.25, 86.18, 85.87, 85.78, 86.09, 86.56, 87.03, 86.9, 87.21, 87.44, 87.6, 87.72, 87.78], [85.42, 85.42, 85.42, 85.42, 85.4, 85.37, 85.32, 86.57, 86.39, 86.25, 86.24, 86.42, 86.72, 87.07, 86.85, 87.11, 87.32, 87.48, 87.59, 87.66]]}