awsData/contour/humi_2023092419.json
{"header": {"refTime": "2023-09-24T19:00:00.000Z", "nx": 21, "ny": 33, "lo1": 113.509, "la1": 22.2235, "lo2": 113.5947, "la2": 22.1034, "dx": 0.0042850000000001385, "dy": 0.003753125000000024, "parameterCategory": 0, "parameterCategoryName": "Temperature", "parameterNumber": 0}, "z": [[75.93, 75.91, 75.88, 76.88, 76.79, 75.29, 75.24, 75.19, 75.15, 75.71, 75.76, 75.78, 74.84, 74.84, 75.45, 75.57, 75.96, 76.05, 76.12, 76.16], [75.94, 75.92, 75.9, 75.87, 76.79, 76.65, 75.25, 75.18, 75.12, 75.61, 75.7, 75.72, 74.8, 74.8, 75.42, 75.85, 76.0, 76.11, 76.19, 76.23], [75.96, 75.94, 75.92, 75.89, 76.83, 76.68, 76.43, 75.17, 75.03, 75.53, 75.7, 75.65, 74.73, 74.74, 75.64, 75.87, 76.07, 76.2, 76.28, 76.32], [75.98, 75.97, 75.96, 75.94, 75.9, 76.79, 76.59, 76.27, 75.96, 75.73, 75.78, 75.53, 74.58, 75.64, 75.6, 75.93, 76.19, 76.35, 76.42, 76.43], [76.0, 76.0, 75.99, 75.98, 75.97, 76.95, 76.87, 76.78, 76.8, 76.18, 76.03, 75.56, 74.66, 75.44, 75.63, 76.07, 76.41, 76.59, 76.62, 76.57], [76.02, 76.02, 76.03, 76.03, 76.05, 76.07, 77.12, 77.17, 77.33, 77.63, 76.85, 76.02, 75.28, 74.67, 75.78, 76.29, 76.76, 76.95, 76.86, 76.71], [76.45, 76.04, 76.06, 76.07, 76.1, 76.16, 77.51, 77.34, 77.53, 78.19, 78.4, 76.79, 75.14, 75.02, 75.99, 76.52, 77.23, 77.49, 77.26, 77.01], [76.43, 76.42, 76.42, 76.43, 76.45, 77.3, 77.39, 77.4, 77.28, 78.36, 79.29, 77.23, 77.21, 74.99, 77.26, 77.04, 77.48, 77.63, 77.39, 77.22], [76.57, 76.56, 76.38, 76.37, 76.36, 76.4, 76.52, 77.42, 77.96, 78.06, 78.46, 77.87, 77.59, 77.97, 77.2, 76.96, 77.21, 77.32, 77.26, 77.16], [76.0, 76.0, 76.0, 76.47, 76.4, 76.23, 76.35, 76.52, 78.71, 78.54, 77.57, 78.24, 78.02, 78.13, 77.2, 76.87, 77.04, 77.12, 77.12, 77.09], [76.0, 76.0, 76.0, 76.0, 76.0, 76.0, 76.0, 76.0, 76.35, 78.03, 80.0, 78.48, 78.3, 78.28, 77.22, 76.81, 76.93, 77.0, 77.01, 77.0], [76.0, 76.0, 76.0, 76.0, 76.0, 76.0, 76.0, 76.0, 76.0, -999.0, 80.0, 76.0, 76.0, 78.41, 77.24, 76.74, 76.81, 82.55, 82.44, 82.41], [76.0, 76.0, 76.0, 76.0, 76.0, 76.0, 76.0, 76.0, 76.0, 76.0, -999.0, 76.0, 76.0, 82.53, 79.66, 80.91, 80.85, 81.84, 81.7, 81.61], [76.0, 76.0, 76.0, 76.0, 76.0, 76.0, 76.0, 76.0, 76.0, 76.0, -999.0, 86.0, 86.0, 86.0, 80.5, 81.58, 81.45, 82.46, 82.24, 82.08], [76.0, 76.0, 76.0, 76.0, 76.0, 76.0, 76.0, 79.0, 79.0, 79.0, 79.0, 81.69, 86.0, 86.0, 86.0, 82.34, 82.1, 83.02, 82.73, 82.5], [76.0, 76.0, 77.89, 77.92, 77.98, 79.0, 79.0, 79.0, 79.0, 79.0, 83.4, 82.91, 83.58, 84.15, 83.51, 84.53, 84.31, 84.7, 82.84, 82.61], [77.93, 77.94, 77.06, 77.11, 79.0, 79.0, 79.0, 79.0, 79.0, 79.0, 82.01, 82.88, 83.79, 84.63, 84.72, 84.96, 84.59, 84.3, 84.09, 83.95], [77.07, 77.11, 77.16, 77.24, 79.0, 79.0, 79.0, 79.0, 79.0, 80.78, 81.72, 82.77, 83.86, 84.66, 85.81, 85.07, 84.55, 84.21, 83.99, 83.85], [77.13, 77.18, 77.25, 79.0, 79.0, 79.0, 79.0, 79.0, 79.63, 80.36, 81.57, 82.47, 83.36, 84.23, 85.15, 84.76, 84.33, 84.02, 83.84, 83.73], [77.17, 77.22, 80.71, 80.63, 80.52, 80.36, 80.12, 79.49, 79.99, 80.73, 81.55, 82.31, 83.02, 83.57, 84.46, 84.24, 83.96, 83.75, 83.63, 83.57], [80.83, 80.79, 80.73, 80.24, 80.18, 80.09, 79.98, 79.86, 80.79, 81.15, 81.67, 82.21, 82.73, 84.03, 83.93, 83.74, 83.55, 83.44, 83.4, 83.4], [80.4, 80.38, 80.37, 80.35, 80.32, 80.29, 80.27, 79.69, 81.3, 81.51, 81.81, 82.16, 83.42, 83.69, 83.53, 83.32, 83.15, 83.12, 83.17, 83.24], [80.45, 80.45, 80.45, 79.59, 79.64, 79.71, 79.8, 79.92, 80.05, 80.1, 80.03, 81.12, 82.3, 83.44, 83.24, 82.99, 82.75, 82.82, 82.98, 83.11], [79.49, 79.52, 79.55, 79.6, 79.67, 79.77, 79.92, 80.15, 80.43, 80.56, 80.33, 80.75, 82.29, 82.34, 82.37, 82.82, 82.33, 82.7, 82.9, 83.04], [79.48, 79.51, 79.55, 79.6, 79.67, 79.79, 79.97, 80.29, 80.85, 81.32, 80.59, 80.66, 80.58, 82.34, 82.38, 82.43, 82.77, 82.86, 82.92, 83.02], [79.47, 79.49, 79.52, 79.57, 79.64, 79.74, 79.9, 80.19, 80.72, 81.16, 80.75, 80.4, 80.34, 82.34, 82.39, 81.68, 81.99, 82.09, 82.97, 83.04], [79.45, 79.46, 79.49, 79.52, 79.57, 79.63, 79.72, 79.85, 80.0, 79.97, 80.01, 79.9, 80.0, 80.54, 81.01, 81.39, 81.65, 81.76, 81.74, 81.67], [79.42, 79.43, 79.44, 79.46, 79.47, 79.49, 79.49, 79.44, 79.29, 79.23, 78.96, 79.36, 79.81, 80.23, 80.71, 81.08, 81.34, 81.47, 81.52, 81.5], [79.39, 79.39, 79.39, 79.39, 79.38, 79.34, 79.27, 79.11, 78.78, 78.34, 77.66, 78.74, 79.46, 79.97, 80.44, 80.81, 81.07, 81.23, 81.31, 81.34], [79.36, 79.36, 79.35, 79.33, 79.29, 79.23, 79.12, 78.93, 79.06, 78.41, 78.0, 78.69, 79.34, 79.83, 80.25, 80.6, 80.86, 81.03, 81.13, 81.18], [79.33, 79.32, 79.3, 79.27, 79.23, 79.16, 79.04, 78.87, 79.17, 78.85, 78.74, 79.01, 79.41, 79.79, 80.14, 80.45, 80.69, 80.86, 80.98, 81.05], [79.31, 79.29, 79.27, 79.23, 79.18, 79.11, 79.01, 79.55, 79.35, 79.2, 79.16, 79.31, 79.56, 79.83, 80.09, 80.36, 80.58, 80.74, 80.85, 80.94]]}