awsData/contour/humi_2023092502.json
{"header": {"refTime": "2023-09-25T02:00:00.000Z", "nx": 21, "ny": 33, "lo1": 113.509, "la1": 22.2235, "lo2": 113.5947, "la2": 22.1034, "dx": 0.0042850000000001385, "dy": 0.003753125000000024, "parameterCategory": 0, "parameterCategoryName": "Temperature", "parameterNumber": 0}, "z": [[80.7, 80.71, 80.73, 81.77, 81.74, 80.07, 80.12, 80.15, 80.13, 80.57, 80.41, 80.25, 79.41, 79.33, 79.06, 79.09, 79.14, 79.2, 79.25, 79.29], [80.69, 80.71, 80.72, 80.74, 81.73, 81.67, 80.2, 80.32, 80.37, 80.63, 80.38, 80.13, 79.26, 79.19, 78.96, 79.05, 79.15, 79.23, 79.28, 79.32], [80.68, 80.69, 80.71, 80.73, 81.74, 81.68, 81.58, 80.46, 80.85, 80.69, 80.32, 79.91, 79.01, 78.98, 78.87, 79.05, 79.18, 79.27, 79.33, 79.36], [80.67, 80.68, 80.69, 80.72, 80.74, 81.71, 81.63, 81.51, 81.4, 80.66, 80.21, 79.53, 78.55, 79.3, 78.83, 79.07, 79.24, 79.34, 79.39, 79.41], [80.65, 80.66, 80.67, 80.69, 80.72, 81.75, 81.72, 81.7, 81.74, 80.74, 80.23, 79.14, 77.92, 79.03, 78.86, 79.16, 79.36, 79.45, 79.48, 79.47], [80.63, 80.63, 80.64, 80.66, 80.68, 80.72, 81.77, 81.79, 81.91, 82.17, 80.77, 79.79, 78.82, 78.34, 79.04, 79.32, 79.53, 79.61, 79.59, 79.54], [80.45, 80.6, 80.6, 80.61, 80.64, 80.68, 81.51, 81.71, 81.84, 82.38, 82.65, 80.93, 79.28, 79.04, 79.31, 79.49, 79.73, 79.82, 79.45, 79.26], [80.43, 80.42, 80.42, 80.43, 80.45, 81.3, 81.39, 81.4, 81.34, 82.52, 83.41, 81.92, 81.9, 78.99, 80.37, 80.48, 80.26, 80.18, 80.31, 80.39], [80.57, 80.56, 80.38, 80.37, 80.36, 80.4, 80.52, 81.42, 81.96, 82.28, 82.85, 82.41, 82.19, 82.48, 80.4, 80.52, 80.39, 80.34, 80.37, 80.42], [80.0, 80.0, 80.0, 80.47, 80.4, 80.23, 80.35, 80.52, 82.71, 82.54, 82.18, 82.68, 82.52, 82.6, 80.4, 80.56, 80.48, 80.44, 80.44, 80.46], [80.0, 80.0, 80.0, 80.0, 80.0, 80.0, 80.0, 80.0, 80.35, 82.03, 84.0, 82.86, 82.72, 82.71, 80.39, 80.6, 80.54, 80.5, 80.49, 80.5], [80.0, 80.0, 80.0, 80.0, 80.0, 80.0, 80.0, 80.0, 80.0, -999.0, 84.0, 81.0, 81.0, 82.81, 80.38, 80.63, 80.59, 84.55, 84.44, 84.41], [80.0, 80.0, 80.0, 80.0, 80.0, 80.0, 80.0, 80.0, 80.0, 80.0, -999.0, 81.0, 81.0, 85.57, 83.56, 82.91, 82.85, 83.84, 83.7, 83.61], [80.0, 80.0, 80.0, 80.0, 80.0, 80.0, 80.0, 80.0, 80.0, 80.0, -999.0, 88.0, 88.0, 88.0, 84.15, 83.58, 83.45, 84.46, 84.24, 84.08], [80.0, 80.0, 80.0, 80.0, 80.0, 80.0, 80.0, 82.0, 82.0, 82.0, 82.0, 84.31, 88.0, 88.0, 88.0, 84.34, 84.1, 85.02, 84.73, 84.5], [80.0, 80.0, 81.26, 81.28, 81.32, 82.0, 82.0, 82.0, 82.0, 82.0, 85.78, 85.35, 85.93, 86.42, 85.86, 86.9, 86.73, 87.03, 85.11, 84.9], [81.28, 81.3, 80.71, 80.74, 82.0, 82.0, 82.0, 82.0, 82.0, 82.0, 84.58, 85.32, 86.11, 86.83, 86.95, 87.53, 87.37, 87.24, 87.16, 87.1], [80.71, 80.74, 80.77, 80.83, 82.0, 82.0, 82.0, 82.0, 82.0, 83.52, 84.33, 85.23, 86.17, 86.89, 87.85, 87.58, 87.35, 87.2, 87.11, 87.05], [80.75, 80.79, 80.83, 82.0, 82.0, 82.0, 82.0, 82.0, 82.54, 83.17, 84.47, 85.25, 85.81, 86.55, 87.61, 87.44, 87.24, 87.11, 87.04, 87.0], [80.78, 80.81, 84.29, 84.17, 84.03, 83.81, 83.49, 82.66, 83.01, 83.73, 84.5, 85.17, 85.54, 86.02, 87.29, 87.19, 87.07, 86.98, 86.94, 86.93], [84.44, 84.38, 84.31, 83.65, 83.57, 83.45, 83.3, 83.14, 83.87, 84.22, 84.7, 85.16, 85.31, 87.1, 87.04, 86.95, 86.86, 86.82, 86.83, 86.86], [83.86, 83.85, 83.82, 83.8, 83.76, 83.72, 83.69, 83.56, 84.48, 84.68, 84.95, 85.23, 86.39, 86.94, 86.84, 86.72, 86.62, 86.65, 86.73, 86.8], [83.94, 83.94, 83.94, 83.71, 83.73, 83.78, 83.85, 83.96, 84.1, 84.18, 84.15, 84.56, 86.26, 86.83, 86.7, 86.51, 86.3, 86.47, 86.68, 86.77], [83.71, 83.73, 83.76, 83.8, 83.85, 83.94, 84.09, 84.31, 84.58, 84.71, 84.54, 85.01, 86.26, 86.29, 86.29, 86.45, 85.72, 86.62, 86.76, 86.8], [83.75, 83.77, 83.81, 83.86, 83.94, 84.05, 84.24, 84.53, 85.03, 85.44, 84.85, 84.98, 84.85, 86.31, 86.35, 86.4, 86.81, 87.18, 86.88, 86.83], [83.77, 83.8, 83.84, 83.9, 83.98, 84.09, 84.27, 84.54, 84.99, 85.35, 85.13, 84.85, 84.73, 86.33, 86.39, 86.03, 86.33, 86.47, 86.88, 86.85], [83.79, 83.82, 83.86, 83.91, 83.98, 84.08, 84.2, 84.36, 84.52, 84.54, 84.68, 84.56, 84.56, 85.26, 85.57, 85.85, 86.06, 86.16, 86.14, 86.07], [83.8, 83.83, 83.87, 83.91, 83.96, 84.02, 84.08, 84.12, 84.1, 84.24, 84.07, 84.63, 84.99, 85.34, 85.39, 85.65, 85.84, 85.94, 85.97, 85.95], [83.81, 83.83, 83.86, 83.89, 83.93, 83.96, 83.97, 83.94, 83.81, 83.73, 83.45, 84.21, 84.75, 85.16, 85.22, 85.47, 85.65, 85.76, 85.81, 85.83], [83.81, 83.83, 83.85, 83.87, 83.89, 83.9, 83.89, 83.83, 84.4, 83.96, 83.69, 84.18, 84.67, 85.05, 85.09, 85.33, 85.5, 85.62, 85.68, 85.72], [83.8, 83.82, 83.84, 83.85, 83.86, 83.86, 83.83, 83.78, 84.5, 84.28, 84.21, 84.42, 84.73, 85.02, 85.02, 85.23, 85.39, 85.5, 85.58, 85.62], [83.8, 83.81, 83.82, 83.83, 83.83, 83.83, 83.8, 84.76, 84.63, 84.53, 84.52, 84.63, 84.83, 85.05, 84.99, 85.17, 85.31, 85.41, 85.49, 85.54]]}