awsData/contour/humi_2023092423.json
{"header": {"refTime": "2023-09-24T23:00:00.000Z", "nx": 21, "ny": 33, "lo1": 113.509, "la1": 22.2235, "lo2": 113.5947, "la2": 22.1034, "dx": 0.0042850000000001385, "dy": 0.003753125000000024, "parameterCategory": 0, "parameterCategoryName": "Temperature", "parameterNumber": 0}, "z": [[83.42, 83.45, 83.5, 85.07, 85.02, 83.56, 83.57, 83.57, 83.53, 83.82, 83.72, 83.61, 82.81, 82.75, 82.47, 82.49, 82.52, 82.56, 82.59, 82.61], [83.4, 83.43, 83.48, 83.53, 85.02, 84.94, 83.63, 83.66, 83.67, 83.85, 83.69, 83.51, 82.7, 82.64, 82.39, 82.45, 82.52, 82.57, 82.61, 82.63], [83.36, 83.4, 83.45, 83.51, 85.04, 84.95, 84.81, 83.74, 83.92, 83.88, 83.64, 83.35, 82.5, 82.48, 82.34, 82.45, 82.54, 82.6, 82.63, 82.65], [83.32, 83.36, 83.41, 83.47, 83.56, 85.01, 84.9, 84.72, 84.55, 83.89, 83.58, 83.06, 82.16, 82.87, 82.3, 82.47, 82.57, 82.64, 82.67, 82.69], [83.27, 83.3, 83.35, 83.41, 83.5, 85.1, 85.05, 85.01, 85.02, 84.02, 83.64, 82.76, 81.75, 82.65, 82.32, 82.52, 82.64, 82.7, 82.72, 82.72], [83.21, 83.22, 83.26, 83.32, 83.42, 83.56, 85.19, 85.22, 85.32, 85.51, 84.12, 83.28, 82.48, 82.0, 82.45, 82.63, 82.75, 82.8, 82.78, 82.76], [82.79, 83.13, 83.15, 83.19, 83.28, 83.46, 84.5, 85.29, 85.4, 85.73, 85.85, 84.19, 82.71, 82.53, 82.65, 82.74, 82.86, 82.91, 82.63, 82.5], [82.71, 82.69, 82.68, 82.7, 82.79, 83.94, 84.32, 84.78, 85.17, 85.85, 86.49, 84.92, 84.9, 82.49, 83.37, 83.48, 83.26, 83.18, 83.31, 83.39], [83.29, 83.23, 82.52, 82.46, 82.44, 82.59, 83.08, 84.49, 85.64, 85.64, 85.85, 85.41, 85.19, 85.48, 83.4, 83.52, 83.39, 83.34, 83.37, 83.42], [81.0, 81.0, 81.0, 82.87, 82.61, 81.91, 82.39, 83.08, 86.14, 86.03, 85.18, 85.68, 85.52, 85.6, 83.4, 83.56, 83.48, 83.44, 83.44, 83.46], [81.0, 81.0, 81.0, 81.0, 81.0, 81.0, 81.0, 81.0, 82.42, 85.68, 87.0, 85.86, 85.72, 85.71, 83.39, 83.6, 83.54, 83.5, 83.49, 83.5], [81.0, 81.0, 81.0, 81.0, 81.0, 81.0, 81.0, 81.0, 81.0, -999.0, 87.0, 84.0, 84.0, 85.81, 83.38, 83.63, 83.59, 86.41, 86.33, 86.31], [81.0, 81.0, 81.0, 81.0, 81.0, 81.0, 81.0, 81.0, 81.0, 81.0, -999.0, 84.0, 84.0, 87.26, 85.83, 85.18, 85.14, 85.88, 85.77, 85.71], [81.0, 81.0, 81.0, 81.0, 81.0, 81.0, 81.0, 81.0, 81.0, 81.0, -999.0, 89.0, 89.0, 89.0, 86.25, 85.68, 85.59, 86.34, 86.18, 86.06], [81.0, 81.0, 81.0, 81.0, 81.0, 81.0, 81.0, 83.0, 83.0, 83.0, 83.0, 85.31, 89.0, 89.0, 89.0, 86.25, 86.07, 86.77, 86.55, 86.37], [81.0, 81.0, 82.26, 82.28, 82.32, 83.0, 83.0, 83.0, 83.0, 83.0, 86.78, 86.35, 86.93, 87.42, 86.86, 87.9, 87.73, 88.03, 86.63, 86.45], [82.28, 82.3, 81.71, 81.74, 83.0, 83.0, 83.0, 83.0, 83.0, 83.0, 85.58, 86.32, 87.11, 87.83, 87.95, 88.39, 88.18, 88.01, 87.89, 87.81], [81.71, 81.74, 81.77, 81.83, 83.0, 83.0, 83.0, 83.0, 83.0, 84.52, 85.33, 86.23, 87.17, 87.89, 88.85, 88.46, 88.15, 87.96, 87.84, 87.76], [81.75, 81.79, 81.83, 83.0, 83.0, 83.0, 83.0, 83.0, 83.54, 84.17, 85.47, 86.25, 86.81, 87.55, 88.5, 88.28, 88.02, 87.85, 87.74, 87.69], [81.78, 81.81, 85.29, 85.17, 85.03, 84.81, 84.49, 83.66, 84.01, 84.73, 85.5, 86.17, 86.54, 87.02, 88.09, 87.96, 87.8, 87.68, 87.62, 87.59], [85.44, 85.38, 85.31, 84.65, 84.57, 84.45, 84.3, 84.14, 84.87, 85.22, 85.7, 86.16, 86.31, 87.84, 87.78, 87.66, 87.55, 87.49, 87.48, 87.5], [84.86, 84.85, 84.82, 84.8, 84.76, 84.72, 84.69, 84.21, 85.48, 85.68, 85.95, 86.23, 87.39, 87.64, 87.53, 87.39, 87.29, 87.29, 87.35, 87.41], [84.94, 84.94, 84.94, 84.2, 84.25, 84.32, 84.42, 84.56, 84.72, 84.79, 84.73, 85.56, 86.96, 87.5, 87.36, 87.17, 86.97, 87.09, 87.26, 87.35], [84.14, 84.16, 84.2, 84.25, 84.33, 84.45, 84.62, 84.88, 85.22, 85.37, 85.12, 85.51, 86.97, 86.95, 86.92, 87.08, 86.51, 87.13, 87.28, 87.34], [84.15, 84.18, 84.22, 84.28, 84.37, 84.51, 84.72, 85.09, 85.72, 86.25, 85.45, 85.45, 85.28, 86.97, 86.97, 86.97, 87.27, 87.5, 87.35, 87.36], [84.15, 84.18, 84.22, 84.28, 84.36, 84.49, 84.69, 85.02, 85.61, 86.09, 85.63, 85.21, 85.07, 86.99, 87.0, 86.28, 86.61, 86.73, 87.37, 87.38], [84.14, 84.17, 84.2, 84.25, 84.31, 84.4, 84.52, 84.69, 84.88, 84.86, 84.88, 84.72, 84.75, 85.22, 85.66, 86.02, 86.27, 86.39, 86.37, 86.29], [84.13, 84.15, 84.17, 84.2, 84.24, 84.27, 84.3, 84.29, 84.16, 84.13, 83.86, 84.36, 84.81, 85.23, 85.38, 85.74, 85.98, 86.11, 86.15, 86.13], [84.11, 84.12, 84.13, 84.14, 84.15, 84.14, 84.09, 83.96, 83.66, 83.26, 82.66, 83.74, 84.46, 84.97, 85.14, 85.49, 85.73, 85.88, 85.95, 85.97], [84.09, 84.09, 84.09, 84.09, 84.07, 84.03, 83.95, 83.78, 84.06, 83.41, 83.0, 83.69, 84.34, 84.83, 84.96, 85.29, 85.53, 85.69, 85.78, 85.83], [84.06, 84.06, 84.06, 84.04, 84.01, 83.96, 83.86, 83.71, 84.17, 83.85, 83.74, 84.01, 84.41, 84.79, 84.86, 85.15, 85.37, 85.53, 85.64, 85.7], [84.04, 84.04, 84.02, 84.0, 83.97, 83.91, 83.83, 84.55, 84.35, 84.2, 84.16, 84.31, 84.56, 84.83, 84.82, 85.07, 85.26, 85.41, 85.52, 85.6]]}