awsData/contour/humi_2023092420.json
{"header": {"refTime": "2023-09-24T20:00:00.000Z", "nx": 21, "ny": 33, "lo1": 113.509, "la1": 22.2235, "lo2": 113.5947, "la2": 22.1034, "dx": 0.0042850000000001385, "dy": 0.003753125000000024, "parameterCategory": 0, "parameterCategoryName": "Temperature", "parameterNumber": 0}, "z": [[77.31, 77.31, 77.31, 78.32, 78.26, 77.03, 77.01, 76.99, 76.97, 77.52, 77.54, 77.55, 76.84, 76.84, 76.87, 76.93, 77.25, 77.29, 77.32, 77.35], [77.32, 77.31, 77.31, 77.3, 78.26, 78.16, 77.03, 77.0, 76.98, 77.44, 77.5, 77.5, 76.8, 76.8, 76.85, 77.19, 77.26, 77.31, 77.35, 77.37], [77.32, 77.32, 77.32, 77.31, 78.28, 78.18, 78.01, 77.02, 77.0, 77.39, 77.49, 77.43, 76.73, 76.74, 77.08, 77.19, 77.28, 77.35, 77.39, 77.41], [77.32, 77.32, 77.32, 77.33, 77.32, 78.25, 78.11, 77.89, 77.68, 77.54, 77.55, 77.32, 76.58, 77.44, 77.05, 77.22, 77.33, 77.41, 77.44, 77.45], [77.32, 77.33, 77.33, 77.34, 77.35, 78.35, 78.29, 78.24, 78.27, 77.88, 77.74, 77.37, 76.58, 77.27, 77.07, 77.28, 77.42, 77.5, 77.52, 77.5], [77.32, 77.33, 77.33, 77.35, 77.37, 77.39, 78.45, 78.48, 78.62, 78.9, 78.46, 77.77, 77.13, 76.67, 77.17, 77.39, 77.56, 77.64, 77.61, 77.56], [77.45, 77.32, 77.33, 77.34, 77.37, 77.42, 78.51, 78.53, 78.68, 79.38, 79.65, 78.46, 77.14, 77.02, 77.32, 77.5, 77.74, 77.83, 77.63, 77.5], [77.43, 77.42, 77.42, 77.43, 77.45, 78.3, 78.39, 78.4, 78.34, 79.52, 80.41, 78.92, 78.9, 76.99, 78.0, 78.0, 78.0, 78.0, 78.0, 78.0], [77.57, 77.56, 77.38, 77.37, 77.36, 77.4, 77.52, 78.42, 78.96, 79.28, 79.85, 79.41, 79.19, 79.48, 78.0, 78.0, 78.0, 78.0, 78.0, 78.0], [77.0, 77.0, 77.0, 77.47, 77.4, 77.23, 77.35, 77.52, 79.71, 79.54, 79.18, 79.68, 79.52, 79.6, 78.0, 78.0, 78.0, 78.0, 78.0, 78.0], [77.0, 77.0, 77.0, 77.0, 77.0, 77.0, 77.0, 77.0, 77.35, 79.03, 81.0, 79.86, 79.72, 79.71, 78.0, 78.0, 78.0, 78.0, 78.0, 78.0], [77.0, 77.0, 77.0, 77.0, 77.0, 77.0, 77.0, 77.0, 77.0, -999.0, 81.0, 78.0, 78.0, 79.81, 78.0, 78.0, 78.0, 82.55, 82.44, 82.41], [77.0, 77.0, 77.0, 77.0, 77.0, 77.0, 77.0, 77.0, 77.0, 77.0, -999.0, 78.0, 78.0, 83.22, 80.93, 80.91, 80.85, 81.84, 81.7, 81.61], [77.0, 77.0, 77.0, 77.0, 77.0, 77.0, 77.0, 77.0, 77.0, 77.0, -999.0, 86.0, 86.0, 86.0, 81.6, 81.58, 81.45, 82.46, 82.24, 82.08], [77.0, 77.0, 77.0, 77.0, 77.0, 77.0, 77.0, 80.0, 80.0, 80.0, 80.0, 82.31, 86.0, 86.0, 86.0, 82.34, 82.1, 83.02, 82.73, 82.5], [77.0, 77.0, 78.89, 78.92, 78.98, 80.0, 80.0, 80.0, 80.0, 80.0, 83.78, 83.35, 83.93, 84.42, 83.86, 85.27, 85.16, 85.35, 83.38, 83.19], [78.93, 78.94, 78.06, 78.11, 80.0, 80.0, 80.0, 80.0, 80.0, 80.0, 82.58, 83.32, 84.11, 84.83, 85.06, 85.83, 85.77, 85.73, 85.7, 85.68], [78.07, 78.11, 78.16, 78.24, 80.0, 80.0, 80.0, 80.0, 80.0, 81.52, 82.33, 83.23, 84.17, 85.0, 85.87, 85.85, 85.76, 85.71, 85.68, 85.67], [78.13, 78.18, 78.25, 80.0, 80.0, 80.0, 80.0, 80.0, 80.54, 81.17, 82.84, 83.64, 83.99, 84.7, 85.86, 85.79, 85.72, 85.67, 85.65, 85.64], [78.17, 78.22, 83.43, 83.26, 83.04, 82.72, 82.24, 80.99, 81.23, 82.08, 82.95, 83.63, 83.76, 84.24, 85.73, 85.69, 85.64, 85.62, 85.61, 85.62], [83.66, 83.57, 83.46, 82.48, 82.36, 82.18, 81.95, 81.71, 82.34, 82.74, 83.27, 83.73, 83.59, 85.66, 85.63, 85.58, 85.55, 85.55, 85.57, 85.6], [82.8, 82.77, 82.74, 82.7, 82.64, 82.59, 82.53, 82.08, 83.2, 83.43, 83.7, 83.94, 85.36, 85.59, 85.54, 85.47, 85.42, 85.46, 85.53, 85.59], [82.9, 82.9, 82.91, 82.18, 82.24, 82.32, 82.45, 82.64, 82.86, 82.98, 82.91, 83.71, 85.63, 85.55, 85.48, 85.35, 85.19, 85.36, 85.54, 85.6], [82.14, 82.17, 82.22, 82.29, 82.39, 82.54, 82.78, 83.14, 83.6, 83.81, 83.49, 84.01, 85.65, 85.57, 85.48, 85.33, 84.69, 85.56, 85.66, 85.65], [82.17, 82.21, 82.27, 82.36, 82.48, 82.67, 82.97, 83.47, 84.31, 85.02, 83.97, 83.97, 83.69, 85.61, 85.55, 85.52, 85.76, 86.13, 85.78, 85.7], [82.19, 82.24, 82.3, 82.38, 82.51, 82.69, 82.97, 83.42, 84.2, 84.83, 84.26, 83.69, 83.47, 85.64, 85.61, 84.72, 85.12, 85.28, 85.77, 85.71], [82.2, 82.24, 82.3, 82.37, 82.47, 82.61, 82.79, 83.03, 83.3, 83.3, 83.36, 83.12, 83.11, 83.54, 84.03, 84.44, 84.74, 84.87, 84.85, 84.75], [82.2, 82.23, 82.28, 82.33, 82.4, 82.47, 82.54, 82.56, 82.44, 82.48, 82.15, 82.81, 83.33, 83.81, 83.73, 84.13, 84.4, 84.55, 84.59, 84.57], [82.19, 82.21, 82.24, 82.28, 82.31, 82.32, 82.3, 82.18, 81.85, 81.46, 80.79, 82.06, 82.92, 83.51, 83.46, 83.85, 84.12, 84.29, 84.37, 84.39], [82.17, 82.19, 82.21, 82.22, 82.22, 82.2, 82.12, 81.96, 82.45, 81.67, 81.19, 82.0, 82.77, 83.34, 83.27, 83.63, 83.9, 84.07, 84.18, 84.23], [82.15, 82.16, 82.17, 82.17, 82.15, 82.11, 82.02, 81.87, 82.58, 82.19, 82.06, 82.38, 82.86, 83.3, 83.16, 83.48, 83.72, 83.9, 84.02, 84.09], [82.13, 82.14, 82.13, 82.12, 82.1, 82.05, 81.97, 83.02, 82.79, 82.6, 82.56, 82.73, 83.02, 83.34, 83.11, 83.38, 83.6, 83.77, 83.89, 83.97]]}