awsData/contour/humi_2023092505.json
{"header": {"refTime": "2023-09-25T05:00:00.000Z", "nx": 21, "ny": 33, "lo1": 113.509, "la1": 22.2235, "lo2": 113.5947, "la2": 22.1034, "dx": 0.0042850000000001385, "dy": 0.003753125000000024, "parameterCategory": 0, "parameterCategoryName": "Temperature", "parameterNumber": 0}, "z": [[82.02, 82.03, 82.04, 83.32, 83.26, 81.33, 81.35, 81.36, 81.31, 81.76, 81.63, 81.48, 80.17, 80.08, 80.06, 80.09, 79.87, 79.94, 79.99, 80.02], [82.01, 82.02, 82.03, 82.05, 83.26, 83.16, 81.43, 81.49, 81.51, 81.79, 81.59, 81.35, 80.03, 79.94, 79.96, 79.78, 79.89, 79.97, 80.02, 80.06], [82.0, 82.01, 82.03, 82.05, 83.28, 83.18, 83.01, 81.61, 81.89, 81.84, 81.52, 81.13, 79.78, 79.73, 79.62, 79.79, 79.93, 80.02, 80.08, 80.11], [81.99, 82.0, 82.02, 82.04, 82.07, 83.25, 83.11, 82.89, 82.68, 81.85, 81.44, 80.74, 79.35, 80.26, 79.58, 79.82, 80.0, 80.11, 80.16, 80.18], [81.97, 81.98, 82.0, 82.03, 82.07, 83.35, 83.29, 83.24, 83.27, 82.03, 81.51, 80.15, 78.91, 79.98, 79.6, 79.92, 80.14, 80.25, 80.27, 80.26], [81.95, 81.96, 81.98, 82.0, 82.05, 82.12, 83.45, 83.48, 83.62, 83.9, 81.88, 80.78, 79.77, 79.0, 79.76, 80.08, 80.34, 80.45, 80.41, 80.34], [81.89, 81.93, 81.94, 81.96, 82.01, 82.1, 83.26, 83.53, 83.68, 83.99, 84.14, 81.85, 79.71, 79.53, 79.98, 80.25, 80.61, 80.74, 80.45, 80.26], [81.86, 81.85, 81.84, 81.85, 81.9, 82.92, 83.11, 83.25, 83.22, 84.19, 85.17, 82.54, 82.51, 79.49, 81.0, 81.0, 81.0, 81.0, 81.0, 81.0], [82.15, 82.12, 81.76, 81.73, 81.72, 81.8, 82.04, 83.18, 83.96, 83.85, 84.08, 83.34, 82.98, 83.46, 81.0, 81.0, 81.0, 81.0, 81.0, 81.0], [81.0, 81.0, 81.0, 81.94, 81.8, 81.45, 81.7, 82.04, 84.71, 84.54, 82.96, 83.8, 83.53, 83.66, 81.0, 81.0, 81.0, 81.0, 81.0, 81.0], [81.0, 81.0, 81.0, 81.0, 81.0, 81.0, 81.0, 81.0, 81.71, 84.03, 86.0, 84.09, 83.87, 83.85, 81.0, 81.0, 81.0, 81.0, 81.0, 81.0], [81.0, 81.0, 81.0, 81.0, 81.0, 81.0, 81.0, 81.0, 81.0, -999.0, 86.0, 81.0, 81.0, 84.01, 81.0, 81.0, 81.0, 86.12, 85.99, 85.96], [81.0, 81.0, 81.0, 81.0, 81.0, 81.0, 81.0, 81.0, 81.0, 81.0, -999.0, 81.0, 81.0, 86.88, 84.29, 84.28, 84.21, 85.32, 85.16, 85.06], [81.0, 81.0, 81.0, 81.0, 81.0, 81.0, 81.0, 81.0, 81.0, 81.0, -999.0, 90.0, 90.0, 90.0, 85.05, 85.03, 84.88, 86.01, 85.77, 85.58], [81.0, 81.0, 81.0, 81.0, 81.0, 81.0, 81.0, 84.0, 84.0, 84.0, 84.0, 86.31, 90.0, 90.0, 90.0, 85.88, 85.61, 86.65, 86.33, 86.06], [81.0, 81.0, 82.89, 82.92, 82.98, 84.0, 84.0, 84.0, 84.0, 84.0, 87.78, 87.35, 87.93, 88.42, 87.86, 88.17, 87.89, 88.38, 86.3, 86.04], [82.93, 82.94, 82.06, 82.11, 84.0, 84.0, 84.0, 84.0, 84.0, 84.0, 86.58, 87.32, 88.11, 88.83, 88.73, 89.22, 88.95, 88.74, 88.59, 88.49], [82.07, 82.11, 82.16, 82.24, 84.0, 84.0, 84.0, 84.0, 84.0, 85.52, 86.33, 87.23, 88.17, 88.68, 89.81, 89.31, 88.92, 88.67, 88.52, 88.42], [82.13, 82.18, 82.25, 84.0, 84.0, 84.0, 84.0, 84.0, 84.54, 85.17, 86.47, 87.25, 87.45, 88.24, 89.36, 89.07, 88.74, 88.52, 88.4, 88.33], [82.17, 82.22, 86.29, 86.17, 86.03, 85.81, 85.49, 84.66, 85.01, 85.73, 86.5, 87.17, 87.09, 87.56, 88.82, 88.65, 88.44, 88.3, 88.23, 88.21], [86.44, 86.38, 86.31, 85.65, 85.57, 85.45, 85.3, 85.14, 85.87, 86.22, 86.7, 87.16, 86.76, 88.5, 88.4, 88.24, 88.09, 88.04, 88.05, 88.09], [85.86, 85.85, 85.82, 85.8, 85.76, 85.72, 85.69, 85.56, 86.48, 86.68, 86.95, 87.23, 87.75, 88.23, 88.07, 87.86, 87.7, 87.75, 87.89, 88.0], [85.94, 85.94, 85.94, 85.71, 85.73, 85.78, 85.85, 85.96, 86.1, 86.18, 86.15, 86.03, 87.59, 88.05, 87.84, 87.52, 87.16, 87.45, 87.8, 87.96], [85.71, 85.73, 85.76, 85.8, 85.85, 85.94, 86.09, 86.31, 86.58, 86.71, 86.54, 86.51, 87.62, 87.53, 87.4, 87.41, 86.21, 87.69, 87.94, 87.99], [85.75, 85.77, 85.81, 85.86, 85.94, 86.05, 86.24, 86.53, 87.03, 87.44, 86.85, 86.56, 86.24, 87.58, 87.51, 87.49, 88.02, 88.63, 88.14, 88.06], [85.77, 85.8, 85.84, 85.9, 85.98, 86.09, 86.27, 86.54, 86.99, 87.35, 86.89, 86.46, 86.19, 87.64, 87.62, 87.22, 87.57, 87.75, 88.14, 88.09], [85.79, 85.82, 85.86, 85.91, 85.98, 86.08, 86.2, 86.36, 86.52, 86.54, 86.42, 86.21, 86.07, 86.62, 86.87, 87.1, 87.32, 87.42, 87.4, 87.31], [85.8, 85.83, 85.87, 85.91, 85.96, 86.02, 86.08, 86.12, 86.1, 86.04, 85.86, 86.63, 86.99, 87.34, 86.74, 86.95, 87.12, 87.21, 87.23, 87.2], [85.81, 85.83, 85.86, 85.89, 85.93, 85.96, 85.97, 85.94, 85.81, 85.58, 85.45, 86.21, 86.75, 87.16, 86.61, 86.81, 86.96, 87.05, 87.1, 87.1], [85.81, 85.83, 85.85, 85.87, 85.89, 85.9, 85.89, 85.83, 86.4, 85.96, 85.69, 86.18, 86.67, 87.05, 86.52, 86.71, 86.84, 86.93, 86.99, 87.01], [85.8, 85.82, 85.84, 85.85, 85.86, 85.86, 85.83, 85.78, 86.5, 86.28, 86.21, 86.42, 86.73, 87.02, 86.47, 86.63, 86.75, 86.84, 86.9, 86.93], [85.8, 85.81, 85.82, 85.83, 85.83, 85.83, 85.8, 86.76, 86.63, 86.53, 86.52, 86.63, 86.83, 87.05, 86.44, 86.58, 86.69, 86.77, 86.83, 86.86]]}