awsData/contour/humi.json
{"header": {"refTime": "2023-09-25T11:20:00.000Z", "nx": 21, "ny": 33, "lo1": 113.509, "la1": 22.2235, "lo2": 113.5947, "la2": 22.1034, "dx": 0.0042850000000001385, "dy": 0.003753125000000024, "parameterCategory": 0, "parameterCategoryName": "Temperature", "parameterNumber": 0}, "z": [[70.64, 70.73, 70.85, 71.75, 71.86, 70.62, 70.86, 71.08, 71.11, 71.14, 70.61, 70.09, 68.02, 67.69, 68.85, 68.81, 66.15, 66.25, 66.32, 66.37], [70.57, 70.66, 70.78, 70.94, 71.83, 72.02, 71.09, 71.6, 71.88, 71.56, 70.65, 69.88, 67.74, 67.41, 68.61, 66.06, 66.21, 66.34, 66.42, 66.46], [70.49, 70.57, 70.68, 70.83, 71.76, 71.95, 72.27, 72.01, 73.49, 71.91, 70.48, 69.43, 67.26, 67.0, 65.87, 66.1, 66.31, 66.46, 66.55, 66.58], [70.39, 70.45, 70.54, 70.67, 70.85, 71.77, 72.02, 72.46, 72.87, 71.37, 69.97, 68.64, 66.53, 65.95, 65.85, 66.18, 66.47, 66.66, 66.74, 66.73], [70.28, 70.31, 70.37, 70.46, 70.59, 71.5, 71.6, 71.75, 71.85, 70.55, 69.44, 65.98, 65.38, 65.8, 65.87, 66.33, 66.75, 66.97, 66.99, 66.91], [70.15, 70.16, 70.18, 70.22, 70.28, 70.36, 71.13, 71.06, 71.06, 71.13, 67.03, 66.25, 65.68, 64.67, 65.93, 66.57, 67.2, 67.47, 67.32, 67.1], [68.45, 70.0, 69.98, 69.97, 69.97, 69.98, 69.26, 70.41, 70.33, 68.94, 68.83, 66.58, 64.43, 64.49, 66.0, 66.81, 67.85, 68.24, 68.26, 68.01], [68.43, 68.42, 68.42, 68.43, 68.45, 69.07, 69.17, 69.22, 68.94, 69.2, 70.02, 66.15, 66.11, 64.5, 67.14, 66.6, 67.69, 68.08, 67.46, 67.04], [68.57, 68.56, 68.38, 68.37, 68.36, 68.4, 68.52, 69.2, 69.64, 68.78, 68.31, 67.28, 66.78, 67.44, 67.01, 66.39, 67.03, 67.3, 67.15, 66.91], [68.0, 68.0, 68.0, 68.47, 68.4, 68.23, 68.35, 68.52, 70.14, 70.03, 66.74, 67.92, 67.54, 67.72, 67.0, 66.19, 66.59, 66.8, 66.81, 66.72], [68.0, 68.0, 68.0, 68.0, 68.0, 68.0, 68.0, 68.0, 68.35, 69.68, 71.0, 68.33, 68.02, 68.0, 67.06, 66.02, 66.32, 66.49, 66.53, 66.5], [68.0, 68.0, 68.0, 68.0, 68.0, 68.0, 68.0, 68.0, 68.0, -999.0, 71.0, 64.0, 64.0, 68.21, 67.11, 65.85, 66.03, 70.71, 70.66, 70.65], [68.0, 68.0, 68.0, 68.0, 68.0, 68.0, 68.0, 68.0, 68.0, 68.0, -999.0, 64.0, 64.0, 69.22, 66.93, 70.09, 70.07, 70.44, 70.39, 70.35], [68.0, 68.0, 68.0, 68.0, 68.0, 68.0, 68.0, 68.0, 68.0, 68.0, -999.0, 72.0, 72.0, 72.0, 67.6, 70.34, 70.29, 70.67, 70.59, 70.53], [68.0, 68.0, 68.0, 68.0, 68.0, 68.0, 68.0, 67.0, 67.0, 67.0, 67.0, 68.92, 72.0, 72.0, 72.0, 70.63, 70.54, 70.88, 70.78, 70.69], [68.0, 68.0, 67.37, 67.36, 67.34, 67.0, 67.0, 67.0, 67.0, 67.0, 70.15, 69.79, 70.27, 70.68, 70.22, 72.73, 72.84, 72.65, 71.77, 71.75], [67.36, 67.35, 67.65, 67.63, 67.0, 67.0, 67.0, 67.0, 67.0, 67.0, 69.15, 69.77, 70.42, 71.02, 71.63, 72.45, 72.61, 72.74, 72.82, 72.89], [67.64, 67.63, 67.61, 67.59, 67.0, 67.0, 67.0, 67.0, 67.0, 68.27, 68.94, 69.69, 70.47, 71.56, 71.95, 72.4, 72.63, 72.77, 72.87, 72.93], [67.62, 67.61, 67.58, 67.0, 67.0, 67.0, 67.0, 67.0, 67.45, 67.97, 69.74, 70.42, 70.99, 71.47, 72.37, 72.54, 72.73, 72.86, 72.93, 72.98], [67.61, 67.59, 71.0, 70.81, 70.55, 70.17, 69.61, 68.15, 68.25, 69.08, 69.9, 70.48, 70.95, 71.37, 72.67, 72.77, 72.89, 72.98, 73.03, 73.05], [71.27, 71.17, 71.04, 69.9, 69.75, 69.54, 69.28, 69.0, 69.42, 69.81, 70.29, 70.68, 70.99, 72.86, 72.9, 72.99, 73.07, 73.12, 73.13, 73.12], [70.26, 70.23, 70.19, 70.14, 70.09, 70.02, 69.95, 69.08, 70.38, 70.6, 70.83, 71.01, 73.29, 73.01, 73.08, 73.18, 73.26, 73.26, 73.23, 73.19], [70.39, 70.39, 70.39, 69.04, 69.13, 69.26, 69.44, 69.69, 69.96, 70.09, 69.98, 71.94, 73.7, 73.11, 73.21, 73.34, 73.46, 73.4, 73.3, 73.24], [68.92, 68.97, 69.03, 69.13, 69.26, 69.47, 69.78, 70.25, 70.83, 71.1, 70.66, 71.75, 73.71, 73.66, 73.63, 73.41, 73.73, 73.41, 73.31, 73.26], [68.93, 68.99, 69.06, 69.17, 69.33, 69.57, 69.95, 70.6, 71.72, 72.67, 71.24, 71.59, 71.44, 73.66, 73.62, 73.57, 73.34, 73.23, 73.28, 73.25], [68.93, 68.98, 69.06, 69.16, 69.31, 69.53, 69.88, 70.47, 71.52, 72.38, 71.75, 71.12, 71.02, 73.66, 73.61, 72.19, 72.54, 72.61, 73.26, 73.24], [68.91, 68.96, 69.02, 69.1, 69.21, 69.37, 69.58, 69.87, 70.2, 70.17, 70.42, 70.21, 70.39, 70.46, 71.17, 71.72, 72.07, 72.21, 72.19, 72.11], [68.88, 68.92, 68.96, 69.01, 69.07, 69.13, 69.18, 69.15, 68.91, 69.02, 68.53, 68.84, 69.46, 69.99, 70.7, 71.26, 71.62, 71.82, 71.88, 71.87], [68.85, 68.87, 68.89, 68.91, 68.92, 68.89, 68.8, 68.57, 68.01, 67.41, 66.08, 67.8, 68.89, 69.6, 70.29, 70.85, 71.23, 71.46, 71.58, 71.63], [68.81, 68.82, 68.82, 68.81, 68.77, 68.7, 68.54, 68.23, 68.39, 67.3, 66.62, 67.7, 68.69, 69.39, 69.99, 70.53, 70.91, 71.17, 71.32, 71.41], [68.77, 68.76, 68.75, 68.72, 68.66, 68.56, 68.39, 68.12, 68.53, 67.99, 67.79, 68.19, 68.79, 69.34, 69.83, 70.31, 70.67, 70.92, 71.1, 71.21], [68.73, 68.72, 68.69, 68.65, 68.58, 68.48, 68.33, 69.12, 68.8, 68.52, 68.45, 68.65, 69.01, 69.39, 69.76, 70.17, 70.49, 70.74, 70.92, 71.04]]}