awsData/contour/humi_2023092413.json
{"header": {"refTime": "2023-09-24T13:00:00.000Z", "nx": 21, "ny": 33, "lo1": 113.509, "la1": 22.2235, "lo2": 113.5947, "la2": 22.1034, "dx": 0.0042850000000001385, "dy": 0.003753125000000024, "parameterCategory": 0, "parameterCategoryName": "Temperature", "parameterNumber": 0}, "z": [[70.0, 70.0, 70.0, 70.26, 70.25, 69.54, 69.56, 69.58, 69.56, 69.69, 69.6, 69.51, 67.76, 67.63, 68.89, 68.88, 67.28, 67.31, 67.34, 67.35], [70.0, 70.0, 70.0, 70.0, 70.24, 70.22, 69.6, 69.66, 69.68, 69.73, 69.59, 69.45, 67.72, 67.58, 68.83, 67.27, 67.33, 67.37, 67.39, 67.4], [70.0, 70.0, 70.0, 70.0, 70.25, 70.23, 70.19, 69.73, 69.93, 69.77, 69.56, 69.35, 67.65, 67.52, 67.26, 67.31, 67.38, 67.44, 67.47, 67.47], [70.0, 70.0, 70.0, 70.0, 70.0, 70.24, 70.21, 70.17, 70.13, 69.73, 69.49, 69.16, 67.6, 67.68, 67.28, 67.36, 67.47, 67.55, 67.57, 67.55], [70.0, 70.0, 70.0, 70.0, 70.0, 70.25, 70.24, 70.23, 70.25, 69.72, 69.47, 67.81, 67.87, 67.65, 67.26, 67.42, 67.61, 67.72, 67.72, 67.66], [70.0, 70.0, 70.0, 70.0, 70.0, 70.0, 70.26, 70.26, 70.3, 70.39, 68.06, 67.72, 67.65, 66.66, 67.18, 67.49, 67.86, 68.02, 67.91, 67.77], [70.0, 70.0, 70.0, 70.0, 70.0, 70.0, 70.25, 70.24, 70.28, 69.29, 69.02, 67.38, 65.72, 65.96, 67.02, 67.56, 68.24, 68.5, 68.82, 68.75], [70.0, 70.0, 70.0, 70.0, 70.0, 70.23, 70.23, 70.18, 69.76, 69.53, 70.1, 66.15, 66.11, 66.01, 67.14, 66.6, 67.69, 68.08, 67.46, 67.04], [70.0, 70.0, 70.0, 70.0, 70.0, 70.0, 70.0, 70.22, 70.32, 69.14, 68.31, 67.28, 66.78, 67.44, 67.01, 66.39, 67.03, 67.3, 67.15, 66.91], [70.0, 70.0, 70.0, 70.0, 70.0, 70.0, 70.0, 70.0, 70.57, 70.51, 66.74, 67.92, 67.54, 67.72, 67.0, 66.19, 66.59, 66.8, 66.81, 66.72], [70.0, 70.0, 70.0, 70.0, 70.0, 70.0, 70.0, 70.0, 70.0, 70.34, 71.0, 68.33, 68.02, 68.0, 67.06, 66.02, 66.32, 66.49, 66.53, 66.5], [70.0, 70.0, 70.0, 70.0, 70.0, 70.0, 70.0, 70.0, 70.0, -999.0, 71.0, 64.0, 64.0, 68.21, 67.11, 65.85, 66.03, 72.98, 72.88, 72.86], [70.0, 70.0, 70.0, 70.0, 70.0, 70.0, 70.0, 70.0, 70.0, 70.0, -999.0, 64.0, 64.0, 71.83, 68.39, 71.55, 71.5, 72.36, 72.24, 72.16], [70.0, 70.0, 70.0, 70.0, 70.0, 70.0, 70.0, 70.0, 70.0, 70.0, -999.0, 76.0, 76.0, 76.0, 69.4, 72.13, 72.02, 72.9, 72.71, 72.57], [70.0, 70.0, 70.0, 70.0, 70.0, 70.0, 70.0, 67.0, 67.0, 67.0, 67.0, 70.46, 76.0, 76.0, 76.0, 72.8, 72.59, 73.39, 73.14, 72.93], [70.0, 70.0, 68.11, 68.08, 68.02, 67.0, 67.0, 67.0, 67.0, 67.0, 72.66, 72.02, 72.89, 73.63, 72.79, 74.53, 74.31, 74.7, 73.1, 72.88], [68.07, 68.06, 68.94, 68.89, 67.0, 67.0, 67.0, 67.0, 67.0, 67.0, 70.87, 71.99, 73.16, 74.24, 74.48, 75.66, 75.54, 75.45, 75.4, 75.36], [68.93, 68.89, 68.84, 68.76, 67.0, 67.0, 67.0, 67.0, 67.0, 69.29, 70.49, 71.84, 73.25, 74.39, 75.78, 75.69, 75.52, 75.42, 75.36, 75.33], [68.87, 68.82, 68.75, 67.0, 67.0, 67.0, 67.0, 67.0, 67.81, 68.75, 71.08, 72.26, 72.81, 73.89, 75.71, 75.58, 75.43, 75.34, 75.3, 75.29], [68.83, 68.78, 71.57, 71.35, 71.06, 70.63, 69.98, 68.32, 68.73, 69.94, 71.2, 72.21, 72.42, 73.14, 75.46, 75.38, 75.28, 75.23, 75.22, 75.24], [71.88, 71.76, 71.61, 70.31, 70.14, 69.91, 69.6, 69.28, 70.28, 70.85, 71.62, 72.32, 72.11, 75.31, 75.25, 75.16, 75.09, 75.09, 75.14, 75.19], [70.73, 70.69, 70.65, 70.59, 70.53, 70.45, 70.37, 69.6, 71.44, 71.77, 72.17, 72.56, 74.4, 75.19, 75.08, 74.93, 74.84, 74.92, 75.07, 75.17], [70.87, 70.87, 70.88, 69.66, 69.74, 69.87, 70.06, 70.32, 70.62, 70.78, 70.67, 71.86, 74.89, 75.11, 74.96, 74.7, 74.38, 74.72, 75.08, 75.2], [69.56, 69.61, 69.68, 69.78, 69.92, 70.14, 70.47, 70.98, 71.61, 71.91, 71.45, 72.02, 74.91, 74.86, 74.77, 74.67, 73.39, 75.12, 75.32, 75.3], [69.59, 69.65, 69.73, 69.85, 70.02, 70.29, 70.7, 71.4, 72.59, 73.6, 72.1, 71.95, 71.54, 74.92, 74.9, 74.92, 75.51, 76.27, 75.57, 75.39], [69.61, 69.67, 69.75, 69.87, 70.03, 70.28, 70.67, 71.3, 72.41, 73.31, 72.38, 71.54, 71.2, 74.98, 75.01, 73.75, 74.45, 74.75, 75.54, 75.42], [69.61, 69.66, 69.73, 69.83, 69.96, 70.14, 70.38, 70.71, 71.07, 71.06, 71.03, 70.69, 70.67, 71.8, 72.6, 73.29, 73.8, 74.04, 73.99, 73.82], [69.59, 69.63, 69.69, 69.76, 69.83, 69.92, 69.99, 69.99, 69.79, 69.71, 69.22, 70.43, 71.32, 72.16, 72.11, 72.77, 73.24, 73.49, 73.56, 73.52], [69.56, 69.59, 69.63, 69.66, 69.69, 69.69, 69.62, 69.42, 68.9, 68.18, 67.24, 69.26, 70.67, 71.67, 71.68, 72.32, 72.77, 73.05, 73.18, 73.22], [69.53, 69.55, 69.56, 69.57, 69.55, 69.5, 69.36, 69.08, 69.86, 68.63, 67.88, 69.18, 70.44, 71.39, 71.36, 71.96, 72.4, 72.69, 72.86, 72.95], [69.5, 69.5, 69.5, 69.49, 69.45, 69.36, 69.21, 68.96, 70.08, 69.47, 69.27, 69.79, 70.58, 71.33, 71.18, 71.71, 72.11, 72.4, 72.59, 72.71], [69.46, 69.46, 69.45, 69.42, 69.37, 69.28, 69.14, 70.79, 70.43, 70.13, 70.08, 70.37, 70.86, 71.39, 71.1, 71.55, 71.91, 72.18, 72.38, 72.51]]}