awsData/contour/humi_2023092412.json
{"header": {"refTime": "2023-09-24T12:00:00.000Z", "nx": 21, "ny": 33, "lo1": 113.509, "la1": 22.2235, "lo2": 113.5947, "la2": 22.1034, "dx": 0.0042850000000001385, "dy": 0.003753125000000024, "parameterCategory": 0, "parameterCategoryName": "Temperature", "parameterNumber": 0}, "z": [[74.91, 74.88, 74.85, 75.58, 75.51, 73.33, 73.35, 73.36, 73.31, 73.96, 73.84, 73.7, 71.69, 71.57, 72.63, 72.73, 72.04, 72.16, 72.25, 72.31], [74.93, 74.9, 74.87, 74.82, 75.5, 75.38, 73.43, 73.49, 73.51, 73.96, 73.79, 73.57, 71.56, 71.43, 72.53, 71.92, 72.1, 72.25, 72.35, 72.4], [74.96, 74.93, 74.9, 74.85, 75.53, 75.4, 75.2, 73.61, 73.89, 73.98, 73.73, 73.35, 71.33, 71.24, 71.67, 71.96, 72.21, 72.39, 72.49, 72.53], [74.99, 74.97, 74.94, 74.89, 74.83, 75.48, 75.33, 75.06, 74.82, 74.05, 73.67, 72.95, 70.96, 72.0, 71.63, 72.04, 72.38, 72.6, 72.69, 72.69], [75.02, 75.01, 74.99, 74.96, 74.91, 75.6, 75.53, 75.47, 75.51, 74.32, 73.8, 71.96, 70.8, 71.73, 71.66, 72.22, 72.68, 72.93, 72.96, 72.88], [75.07, 75.06, 75.05, 75.03, 75.0, 74.95, 75.7, 75.74, 75.93, 76.29, 73.72, 72.52, 71.52, 70.33, 71.8, 72.5, 73.17, 73.45, 73.3, 73.09], [75.55, 75.12, 75.12, 75.12, 75.1, 75.06, 76.26, 75.77, 75.96, 76.06, 76.18, 73.38, 70.57, 70.51, 71.99, 72.8, 73.84, 74.23, 74.08, 73.76], [75.57, 75.58, 75.58, 75.57, 75.55, 76.28, 76.19, 75.87, 75.22, 76.37, 77.74, 73.46, 73.41, 70.5, 73.51, 73.08, 73.95, 74.27, 73.77, 73.44], [75.43, 75.44, 75.62, 75.63, 75.64, 75.6, 75.48, 76.11, 76.27, 75.85, 75.93, 74.75, 74.17, 74.93, 73.41, 72.92, 73.43, 73.64, 73.52, 73.33], [76.0, 76.0, 76.0, 75.53, 75.6, 75.77, 75.65, 75.48, 77.27, 77.05, 74.14, 75.47, 75.05, 75.25, 73.4, 72.75, 73.07, 73.24, 73.25, 73.17], [76.0, 76.0, 76.0, 76.0, 76.0, 76.0, 76.0, 76.0, 75.65, 76.37, 79.0, 75.95, 75.59, 75.57, 73.45, 72.62, 72.85, 72.99, 73.02, 73.0], [76.0, 76.0, 76.0, 76.0, 76.0, 76.0, 76.0, 76.0, 76.0, -999.0, 79.0, 71.0, 71.0, 75.81, 73.49, 72.48, 72.62, 77.84, 77.77, 77.76], [76.0, 76.0, 76.0, 76.0, 76.0, 76.0, 76.0, 76.0, 76.0, 76.0, -999.0, 71.0, 71.0, 76.88, 74.29, 76.82, 76.78, 77.4, 77.31, 77.26], [76.0, 76.0, 76.0, 76.0, 76.0, 76.0, 76.0, 76.0, 76.0, 76.0, -999.0, 80.0, 80.0, 80.0, 75.05, 77.24, 77.16, 77.78, 77.65, 77.55], [76.0, 76.0, 76.0, 76.0, 76.0, 76.0, 76.0, 76.0, 76.0, 76.0, 76.0, 77.54, 80.0, 80.0, 80.0, 77.71, 77.56, 78.14, 77.96, 77.81], [76.0, 76.0, 76.0, 76.0, 76.0, 76.0, 76.0, 76.0, 76.0, 76.0, 78.52, 78.23, 78.62, 78.95, 78.57, 78.17, 77.89, 78.38, 77.34, 77.15], [76.0, 76.0, 76.0, 76.0, 76.0, 76.0, 76.0, 76.0, 76.0, 76.0, 77.72, 78.22, 78.74, 79.22, 78.96, 79.08, 78.76, 78.51, 78.33, 78.21], [76.0, 76.0, 76.0, 76.0, 76.0, 76.0, 76.0, 76.0, 76.0, 77.02, 77.55, 78.15, 78.78, 78.94, 79.85, 79.18, 78.72, 78.43, 78.24, 78.13], [76.0, 76.0, 76.0, 76.0, 76.0, 76.0, 76.0, 76.0, 76.36, 76.78, 76.78, 77.26, 78.0, 78.58, 79.24, 78.9, 78.52, 78.26, 78.1, 78.02], [76.0, 76.0, 74.86, 74.91, 74.99, 75.09, 75.25, 75.67, 76.15, 76.34, 76.64, 77.04, 77.69, 77.99, 78.62, 78.43, 78.18, 78.0, 77.92, 77.88], [74.78, 74.81, 74.85, 75.17, 75.21, 75.27, 75.35, 75.43, 76.15, 76.26, 76.47, 76.78, 77.39, 78.24, 78.14, 77.96, 77.79, 77.71, 77.7, 77.73], [75.07, 75.08, 75.09, 75.1, 75.12, 75.14, 75.16, 73.91, 75.98, 76.05, 76.22, 76.47, 76.45, 77.93, 77.76, 77.54, 77.37, 77.39, 77.51, 77.61], [75.03, 75.03, 75.03, 73.25, 73.33, 73.41, 73.48, 73.53, 73.53, 73.47, 73.34, 74.85, 75.82, 77.72, 77.5, 77.17, 76.84, 77.07, 77.38, 77.54], [72.97, 73.0, 73.04, 73.07, 73.12, 73.16, 73.21, 73.27, 73.34, 73.34, 73.17, 72.75, 75.76, 76.06, 76.29, 77.04, 76.0, 77.21, 77.45, 77.54], [72.87, 72.88, 72.89, 72.9, 72.91, 72.93, 72.97, 73.07, 73.33, 73.58, 73.08, 72.61, 72.6, 76.06, 76.34, 76.6, 77.47, 77.95, 77.6, 77.58], [72.76, 72.75, 72.74, 72.72, 72.7, 72.68, 72.69, 72.78, 73.07, 73.35, 72.62, 72.27, 72.28, 76.04, 76.34, 75.71, 76.32, 76.55, 77.63, 77.61], [72.65, 72.63, 72.59, 72.55, 72.49, 72.43, 72.37, 72.33, 72.31, 72.16, 71.74, 71.65, 71.84, 73.79, 74.58, 75.24, 75.71, 75.92, 75.88, 75.74], [72.56, 72.51, 72.46, 72.39, 72.3, 72.18, 72.02, 71.8, 71.44, 70.78, 70.46, 71.4, 72.19, 72.98, 74.09, 74.73, 75.18, 75.41, 75.48, 75.45], [72.47, 72.41, 72.34, 72.25, 72.12, 71.96, 71.73, 71.38, 70.78, 69.68, 68.94, 70.53, 71.69, 72.58, 73.65, 74.28, 74.72, 74.99, 75.12, 75.16], [72.39, 72.32, 72.24, 72.13, 71.99, 71.8, 71.54, 71.15, 70.93, 70.01, 69.45, 70.49, 71.53, 72.35, 73.34, 73.93, 74.36, 74.64, 74.81, 74.9], [72.32, 72.25, 72.16, 72.04, 71.89, 71.7, 71.45, 71.11, 71.13, 70.68, 70.55, 70.98, 71.65, 72.3, 73.16, 73.68, 74.08, 74.36, 74.56, 74.67], [72.27, 72.19, 72.1, 71.98, 71.84, 71.66, 71.44, 71.69, 71.43, 71.22, 71.2, 71.45, 71.87, 72.35, 73.08, 73.53, 73.88, 74.15, 74.35, 74.48]]}