awsData/contour/humi_2023092508.json
{"header": {"refTime": "2023-09-25T08:00:00.000Z", "nx": 21, "ny": 33, "lo1": 113.509, "la1": 22.2235, "lo2": 113.5947, "la2": 22.1034, "dx": 0.0042850000000001385, "dy": 0.003753125000000024, "parameterCategory": 0, "parameterCategoryName": "Temperature", "parameterNumber": 0}, "z": [[78.11, 78.14, 78.19, 79.26, 79.25, 78.3, 78.34, 78.37, 78.35, 78.43, 78.29, 78.15, 77.09, 76.98, 77.19, 77.16, 76.36, 76.38, 76.4, 76.41], [78.08, 78.12, 78.17, 78.23, 79.24, 79.22, 78.4, 78.49, 78.53, 78.52, 78.29, 78.07, 76.99, 76.89, 77.11, 76.33, 76.37, 76.4, 76.42, 76.43], [78.04, 78.08, 78.13, 78.2, 79.25, 79.23, 79.19, 78.59, 78.89, 78.59, 78.23, 77.91, 76.83, 76.75, 76.28, 76.34, 76.39, 76.43, 76.45, 76.46], [78.0, 78.03, 78.08, 78.15, 78.23, 79.24, 79.21, 79.17, 79.13, 78.51, 78.12, 77.64, 76.57, 76.79, 76.28, 76.36, 76.43, 76.47, 76.49, 76.49], [77.95, 77.97, 78.01, 78.07, 78.16, 79.25, 79.24, 79.23, 79.25, 78.44, 78.06, 76.78, 76.32, 76.67, 76.28, 76.39, 76.49, 76.54, 76.55, 76.53], [77.88, 77.9, 77.93, 77.97, 78.05, 78.17, 79.26, 79.26, 79.3, 79.39, 77.53, 77.0, 76.59, 76.0, 76.3, 76.45, 76.6, 76.66, 76.63, 76.58], [77.34, 77.81, 77.81, 77.84, 77.91, 78.04, 78.5, 79.24, 79.28, 78.87, 78.79, 77.32, 76.0, 76.0, 76.33, 76.51, 76.74, 76.83, 76.82, 76.75], [77.28, 77.27, 77.26, 77.28, 77.35, 78.09, 78.38, 78.74, 78.94, 79.02, 79.45, 77.23, 77.21, 76.0, 76.63, 76.52, 76.74, 76.82, 76.69, 76.61], [77.72, 77.67, 77.14, 77.1, 77.08, 77.19, 77.56, 78.5, 79.32, 78.79, 78.46, 77.87, 77.59, 77.97, 76.6, 76.48, 76.61, 76.66, 76.63, 76.58], [76.0, 76.0, 76.0, 77.4, 77.21, 76.68, 77.05, 77.56, 79.57, 79.51, 77.57, 78.24, 78.02, 78.13, 76.6, 76.44, 76.52, 76.56, 76.56, 76.54], [76.0, 76.0, 76.0, 76.0, 76.0, 76.0, 76.0, 76.0, 77.06, 79.34, 80.0, 78.48, 78.3, 78.28, 76.61, 76.4, 76.46, 76.5, 76.51, 76.5], [76.0, 76.0, 76.0, 76.0, 76.0, 76.0, 76.0, 76.0, 76.0, -999.0, 80.0, 76.0, 76.0, 78.41, 76.62, 76.37, 76.41, 77.57, 77.55, 77.55], [76.0, 76.0, 76.0, 76.0, 76.0, 76.0, 76.0, 76.0, 76.0, 76.0, -999.0, 76.0, 76.0, 77.31, 76.73, 77.36, 77.36, 77.48, 77.46, 77.45], [76.0, 76.0, 76.0, 76.0, 76.0, 76.0, 76.0, 76.0, 76.0, 76.0, -999.0, 78.0, 78.0, 78.0, 76.9, 77.45, 77.43, 77.56, 77.53, 77.51], [76.0, 76.0, 76.0, 76.0, 76.0, 76.0, 76.0, 75.0, 75.0, 75.0, 75.0, 76.15, 78.0, 78.0, 78.0, 77.54, 77.51, 77.63, 77.59, 77.56], [76.0, 76.0, 75.37, 75.36, 75.34, 75.0, 75.0, 75.0, 75.0, 75.0, 76.89, 76.67, 76.96, 77.21, 76.93, 77.63, 77.58, 77.68, 77.47, 77.43], [75.36, 75.35, 75.65, 75.63, 75.0, 75.0, 75.0, 75.0, 75.0, 75.0, 76.29, 76.66, 77.05, 77.41, 77.53, 78.97, 79.32, 79.6, 79.81, 79.96], [75.64, 75.63, 75.61, 75.59, 75.0, 75.0, 75.0, 75.0, 75.0, 75.76, 76.16, 76.61, 77.08, 77.5, 77.93, 78.85, 79.34, 79.66, 79.89, 80.05], [75.62, 75.61, 75.58, 75.0, 75.0, 75.0, 75.0, 75.0, 75.27, 75.58, 76.61, 77.01, 77.0, 77.35, 78.77, 79.12, 79.52, 79.81, 80.02, 80.16], [75.61, 75.59, 77.29, 77.17, 77.03, 76.81, 76.49, 75.66, 75.73, 76.21, 76.69, 77.04, 76.88, 77.12, 79.37, 79.55, 79.81, 80.03, 80.2, 80.31], [77.44, 77.38, 77.31, 76.65, 76.57, 76.45, 76.3, 76.14, 76.41, 76.63, 76.92, 77.15, 76.79, 79.76, 79.8, 79.92, 80.08, 80.25, 80.4, 80.49], [76.86, 76.85, 76.82, 76.8, 76.76, 76.72, 76.69, 76.73, 76.96, 77.09, 77.22, 77.33, 78.01, 80.05, 80.1, 80.15, 80.23, 80.43, 80.62, 80.7], [76.94, 76.94, 76.94, 76.96, 76.97, 77.0, 77.06, 77.16, 77.29, 77.37, 77.36, 77.3, 80.41, 80.27, 80.31, 80.24, 80.03, 80.54, 80.92, 80.94], [77.0, 77.02, 77.04, 77.07, 77.11, 77.19, 77.32, 77.52, 77.76, 77.89, 77.74, 78.01, 80.39, 80.59, 80.69, 80.44, 78.92, 81.41, 81.45, 81.22], [77.05, 77.07, 77.1, 77.15, 77.22, 77.33, 77.49, 77.75, 78.18, 78.53, 78.05, 78.04, 77.83, 80.64, 80.85, 81.09, 81.99, 83.17, 81.87, 81.41], [77.09, 77.12, 77.16, 77.21, 77.29, 77.4, 77.56, 77.8, 78.18, 78.48, 78.26, 77.97, 77.79, 80.68, 80.96, 80.99, 81.62, 81.96, 81.75, 81.43], [77.12, 77.15, 77.19, 77.25, 77.32, 77.41, 77.54, 77.69, 77.85, 77.88, 77.95, 77.81, 77.71, 79.91, 80.36, 80.79, 81.17, 81.36, 81.31, 81.16], [77.14, 77.17, 77.21, 77.26, 77.32, 77.4, 77.47, 77.54, 77.56, 77.69, 77.58, 78.92, 79.54, 80.22, 80.13, 80.51, 80.81, 80.98, 81.02, 80.97], [77.16, 77.19, 77.22, 77.27, 77.31, 77.36, 77.41, 77.43, 77.39, 77.39, 77.52, 78.47, 79.26, 79.95, 79.91, 80.27, 80.53, 80.7, 80.77, 80.78], [77.17, 77.2, 77.23, 77.26, 77.3, 77.33, 77.35, 77.35, 78.61, 78.12, 77.83, 78.48, 79.18, 79.8, 79.74, 80.07, 80.31, 80.48, 80.57, 80.61], [77.17, 77.2, 77.23, 77.25, 77.28, 77.3, 77.32, 77.31, 78.77, 78.54, 78.49, 78.8, 79.27, 79.76, 79.64, 79.93, 80.15, 80.31, 80.41, 80.47], [77.18, 77.2, 77.22, 77.24, 77.27, 77.28, 77.29, 79.13, 78.99, 78.89, 78.91, 79.11, 79.43, 79.79, 79.6, 79.84, 80.04, 80.18, 80.29, 80.36]]}