awsData/contour/humi_2023092416.json
{"header": {"refTime": "2023-09-24T16:00:00.000Z", "nx": 21, "ny": 33, "lo1": 113.509, "la1": 22.2235, "lo2": 113.5947, "la2": 22.1034, "dx": 0.0042850000000001385, "dy": 0.003753125000000024, "parameterCategory": 0, "parameterCategoryName": "Temperature", "parameterNumber": 0}, "z": [[67.02, 67.03, 67.04, 67.4, 67.37, 66.8, 66.79, 66.78, 66.75, 66.37, 66.22, 66.07, 65.97, 65.91, 68.18, 68.47, 68.47, 68.68, 68.84, 68.94], [67.01, 67.02, 67.03, 67.05, 67.38, 67.34, 66.83, 66.83, 66.82, 66.48, 66.23, 66.01, 65.9, 65.84, 68.13, 68.24, 68.58, 68.84, 69.02, 69.12], [67.0, 67.01, 67.03, 67.05, 67.4, 67.36, 67.29, 66.88, 66.96, 66.57, 66.19, 65.89, 65.78, 65.74, 67.8, 68.31, 68.77, 69.1, 69.28, 69.36], [66.99, 67.0, 67.02, 67.04, 67.07, 67.4, 67.34, 67.25, 67.17, 66.43, 66.03, 65.67, 65.58, 65.29, 67.74, 68.48, 69.09, 69.49, 69.65, 69.66], [66.97, 66.98, 67.0, 67.03, 67.07, 67.47, 67.44, 67.4, 67.38, 65.86, 65.85, 65.37, 65.1, 65.26, 67.78, 68.8, 69.65, 70.11, 70.16, 70.02], [66.95, 66.96, 66.98, 67.0, 67.05, 67.12, 67.56, 67.58, 67.45, 67.39, 65.6, 65.34, 65.23, 65.33, 68.02, 69.31, 70.56, 71.08, 70.8, 70.39], [66.89, 66.93, 66.94, 66.96, 67.01, 67.1, 67.01, 67.62, 67.65, 66.98, 67.21, 65.47, 65.57, 65.51, 68.32, 69.84, 71.82, 72.56, 72.34, 71.77], [66.86, 66.85, 66.84, 66.85, 66.9, 67.02, 67.27, 67.43, 67.77, 67.06, 67.14, 66.0, 66.0, 65.5, 71.02, 70.16, 71.9, 72.53, 71.54, 70.87], [67.15, 67.12, 66.76, 66.73, 66.72, 66.8, 67.04, 67.39, 68.0, 66.94, 66.0, 66.0, 66.0, 66.0, 70.81, 69.83, 70.85, 71.28, 71.03, 70.65], [66.0, 66.0, 66.0, 66.94, 66.8, 66.45, 66.7, 67.04, 68.0, 68.0, 66.0, 66.0, 66.0, 66.0, 70.81, 69.5, 70.14, 70.49, 70.5, 70.34], [66.0, 66.0, 66.0, 66.0, 66.0, 66.0, 66.0, 66.0, 66.71, 68.0, -999.0, 66.0, 66.0, 66.0, 70.89, 69.24, 69.71, 69.98, 70.05, 69.99], [66.0, 66.0, 66.0, 66.0, 66.0, 66.0, 66.0, 66.0, 66.0, -999.0, -999.0, 66.0, 66.0, 66.0, 70.98, 68.96, 69.25, 75.14, 75.11, 75.1], [66.0, 66.0, 66.0, 66.0, 66.0, 66.0, 66.0, 66.0, 66.0, 66.0, -999.0, 66.0, 66.0, 72.53, 69.66, 74.73, 74.71, 74.96, 74.92, 74.9], [66.0, 66.0, 66.0, 66.0, 66.0, 66.0, 66.0, 66.0, 66.0, 66.0, -999.0, 76.0, 76.0, 76.0, 70.5, 74.89, 74.86, 75.11, 75.06, 75.02], [66.0, 66.0, 66.0, 66.0, 66.0, 66.0, 66.0, 67.0, 67.0, 67.0, 67.0, 70.46, 76.0, 76.0, 76.0, 75.08, 75.02, 75.26, 75.18, 75.12], [66.0, 66.0, 66.63, 66.64, 66.66, 67.0, 67.0, 67.0, 67.0, 67.0, 72.66, 72.02, 72.89, 73.63, 72.79, 75.27, 75.16, 75.35, 74.94, 74.86], [66.64, 66.65, 66.35, 66.37, 67.0, 67.0, 67.0, 67.0, 67.0, 67.0, 70.87, 71.99, 73.16, 74.24, 74.7, 74.99, 74.62, 74.34, 74.13, 73.98], [66.36, 66.37, 66.39, 66.41, 67.0, 67.0, 67.0, 67.0, 67.0, 69.29, 70.49, 71.84, 73.25, 74.61, 75.82, 75.1, 74.59, 74.26, 74.04, 73.89], [66.38, 66.39, 66.42, 67.0, 67.0, 67.0, 67.0, 67.0, 67.81, 68.75, 70.52, 71.68, 73.17, 74.2, 75.18, 74.81, 74.39, 74.09, 73.89, 73.77], [66.39, 66.41, 69.86, 69.72, 69.53, 69.27, 68.86, 67.82, 68.4, 69.42, 70.54, 71.52, 72.87, 73.59, 74.52, 74.32, 74.05, 73.84, 73.7, 73.62], [70.05, 69.98, 69.88, 69.07, 68.96, 68.82, 68.63, 68.43, 69.57, 70.07, 70.76, 71.46, 72.65, 74.11, 74.04, 73.88, 73.7, 73.56, 73.48, 73.44], [69.33, 69.31, 69.28, 69.25, 69.2, 69.15, 69.11, 68.91, 70.36, 70.65, 71.05, 71.48, 74.06, 73.79, 73.68, 73.53, 73.4, 73.3, 73.25, 73.26], [69.42, 69.42, 69.42, 69.07, 69.11, 69.16, 69.26, 69.4, 69.57, 69.68, 69.64, 71.05, 72.37, 73.56, 73.42, 73.3, 73.24, 73.08, 73.02, 73.09], [69.07, 69.09, 69.13, 69.18, 69.25, 69.37, 69.55, 69.83, 70.18, 70.35, 70.12, 71.49, 72.35, 72.43, 72.52, 73.12, 73.43, 72.66, 72.76, 72.94], [69.11, 69.14, 69.19, 69.25, 69.35, 69.5, 69.73, 70.11, 70.75, 71.28, 70.51, 71.36, 71.47, 72.39, 72.45, 72.48, 72.47, 72.05, 72.6, 72.85], [69.14, 69.18, 69.23, 69.3, 69.4, 69.54, 69.76, 70.11, 70.69, 71.16, 71.24, 71.1, 71.22, 72.36, 72.39, 71.76, 71.83, 71.79, 72.68, 72.85], [69.16, 69.2, 69.25, 69.31, 69.4, 69.51, 69.66, 69.86, 70.07, 70.09, 70.66, 70.67, 70.88, 70.89, 71.25, 71.5, 71.63, 71.67, 71.68, 71.66], [69.17, 69.2, 69.25, 69.3, 69.36, 69.43, 69.5, 69.55, 69.5, 69.99, 69.78, 69.63, 69.86, 70.05, 70.99, 71.26, 71.43, 71.51, 71.55, 71.55], [69.17, 69.2, 69.23, 69.27, 69.31, 69.34, 69.35, 69.3, 69.12, 69.22, 68.46, 69.18, 69.62, 69.9, 70.77, 71.05, 71.24, 71.35, 71.41, 71.44], [69.17, 69.19, 69.22, 69.24, 69.26, 69.27, 69.24, 69.15, 69.44, 68.97, 68.69, 69.13, 69.54, 69.81, 70.62, 70.89, 71.08, 71.21, 71.29, 71.33], [69.16, 69.18, 69.2, 69.21, 69.22, 69.21, 69.17, 69.09, 69.49, 69.26, 69.17, 69.33, 69.58, 69.79, 70.53, 70.78, 70.96, 71.09, 71.18, 71.24], [69.15, 69.17, 69.18, 69.18, 69.18, 69.17, 69.13, 69.74, 69.6, 69.48, 69.45, 69.52, 69.66, 69.81, 70.5, 70.71, 70.87, 71.0, 71.09, 71.16]]}