awsData/contour/humi_2023092509.json
{"header": {"refTime": "2023-09-25T09:00:00.000Z", "nx": 21, "ny": 33, "lo1": 113.509, "la1": 22.2235, "lo2": 113.5947, "la2": 22.1034, "dx": 0.0042850000000001385, "dy": 0.003753125000000024, "parameterCategory": 0, "parameterCategoryName": "Temperature", "parameterNumber": 0}, "z": [[77.49, 77.55, 77.61, 79.47, 79.45, 77.58, 77.67, 77.74, 77.72, 78.32, 78.11, 77.89, 76.29, 76.15, 76.08, 76.05, 75.25, 75.29, 75.32, 75.35], [77.46, 77.51, 77.58, 77.67, 79.44, 79.41, 77.78, 77.97, 78.07, 78.41, 78.08, 77.74, 76.12, 75.98, 75.94, 75.19, 75.26, 75.31, 75.35, 75.37], [77.41, 77.46, 77.53, 77.62, 79.43, 79.4, 79.35, 78.17, 78.78, 78.51, 77.99, 77.48, 75.83, 75.74, 75.08, 75.19, 75.28, 75.35, 75.39, 75.41], [77.35, 77.39, 77.45, 77.54, 77.65, 79.4, 79.37, 79.31, 79.26, 78.43, 77.83, 77.01, 75.35, 76.04, 75.05, 75.22, 75.33, 75.41, 75.44, 75.45], [77.27, 77.3, 77.35, 77.43, 77.53, 79.4, 79.38, 79.39, 79.46, 78.45, 77.82, 75.95, 74.81, 75.77, 75.07, 75.28, 75.42, 75.5, 75.52, 75.5], [77.19, 77.2, 77.23, 77.29, 77.37, 77.5, 79.35, 79.36, 79.51, 79.84, 77.61, 76.52, 75.57, 74.67, 75.17, 75.39, 75.56, 75.64, 75.61, 75.56], [76.34, 77.09, 77.09, 77.11, 77.18, 77.3, 78.26, 79.14, 79.27, 79.45, 79.69, 77.45, 75.14, 75.02, 75.32, 75.5, 75.74, 75.83, 75.63, 75.5], [76.28, 76.27, 76.26, 76.28, 76.35, 77.77, 78.05, 78.29, 78.34, 79.7, 80.98, 77.84, 77.81, 74.99, 76.0, 76.0, 76.0, 76.0, 76.0, 76.0], [76.72, 76.67, 76.14, 76.1, 76.08, 76.19, 76.56, 78.16, 79.27, 79.28, 79.69, 78.81, 78.38, 78.95, 76.0, 76.0, 76.0, 76.0, 76.0, 76.0], [75.0, 75.0, 75.0, 76.4, 76.21, 75.68, 76.05, 76.56, 80.27, 80.05, 78.35, 79.36, 79.04, 79.19, 76.0, 76.0, 76.0, 76.0, 76.0, 76.0], [75.0, 75.0, 75.0, 75.0, 75.0, 75.0, 75.0, 75.0, 76.06, 79.37, 82.0, 79.71, 79.44, 79.43, 76.0, 76.0, 76.0, 76.0, 76.0, 76.0], [75.0, 75.0, 75.0, 75.0, 75.0, 75.0, 75.0, 75.0, 75.0, -999.0, 82.0, 76.0, 76.0, 79.61, 76.0, 76.0, 76.0, 79.41, 79.33, 79.31], [75.0, 75.0, 75.0, 75.0, 75.0, 75.0, 75.0, 75.0, 75.0, 75.0, -999.0, 76.0, 76.0, 79.92, 78.19, 78.18, 78.14, 78.88, 78.77, 78.71], [75.0, 75.0, 75.0, 75.0, 75.0, 75.0, 75.0, 75.0, 75.0, 75.0, -999.0, 82.0, 82.0, 82.0, 78.7, 78.68, 78.59, 79.34, 79.18, 79.06], [75.0, 75.0, 75.0, 75.0, 75.0, 75.0, 75.0, 77.0, 77.0, 77.0, 77.0, 78.92, 82.0, 82.0, 82.0, 79.25, 79.07, 79.77, 79.55, 79.37], [75.0, 75.0, 76.26, 76.28, 76.32, 77.0, 77.0, 77.0, 77.0, 77.0, 80.15, 79.79, 80.27, 80.68, 80.22, 80.17, 79.89, 80.38, 79.08, 78.87], [76.28, 76.3, 75.71, 75.74, 77.0, 77.0, 77.0, 77.0, 77.0, 77.0, 79.15, 79.77, 80.42, 81.02, 80.85, 79.96, 79.23, 78.66, 78.24, 77.95], [75.71, 75.74, 75.77, 75.83, 77.0, 77.0, 77.0, 77.0, 77.0, 78.27, 78.94, 79.69, 80.47, 80.81, 81.83, 80.19, 79.17, 78.5, 78.06, 77.77], [75.75, 75.79, 75.83, 77.0, 77.0, 77.0, 77.0, 77.0, 77.45, 77.97, 78.44, 79.06, 79.73, 80.41, 80.34, 79.6, 78.74, 78.15, 77.76, 77.52], [75.78, 75.81, 77.0, 77.0, 77.0, 77.0, 77.0, 77.0, 77.47, 77.86, 78.35, 78.87, 79.39, 79.78, 79.01, 78.6, 78.06, 77.64, 77.37, 77.21], [77.0, 77.0, 77.0, 77.0, 77.0, 77.0, 77.0, 77.0, 77.78, 77.98, 78.3, 78.68, 79.08, 78.18, 78.02, 77.69, 77.33, 77.06, 76.92, 76.86], [77.0, 77.0, 77.0, 77.0, 77.0, 77.0, 77.0, 75.78, 77.87, 77.99, 78.21, 78.49, 78.77, 77.53, 77.28, 76.96, 76.68, 76.5, 76.46, 76.51], [77.0, 77.0, 77.0, 75.23, 75.31, 75.41, 75.51, 75.61, 75.67, 75.65, 75.52, 77.0, 75.81, 77.05, 76.75, 76.44, 76.24, 76.02, 76.02, 76.18], [74.97, 75.01, 75.05, 75.11, 75.17, 75.26, 75.37, 75.53, 75.72, 75.78, 75.54, 75.25, 75.84, 75.66, 75.53, 76.09, 76.31, 75.33, 75.59, 75.92], [74.89, 74.91, 74.94, 74.97, 75.02, 75.09, 75.21, 75.45, 75.92, 76.34, 75.61, 75.13, 75.01, 75.65, 75.46, 75.28, 75.09, 74.51, 75.36, 75.78], [74.8, 74.81, 74.81, 74.82, 74.84, 74.88, 74.97, 75.18, 75.66, 76.09, 75.25, 74.76, 74.68, 75.64, 75.44, 74.16, 74.21, 74.15, 75.5, 75.8], [74.71, 74.7, 74.69, 74.67, 74.65, 74.64, 74.64, 74.67, 74.73, 74.61, 74.21, 74.05, 74.19, 73.2, 73.6, 73.87, 74.01, 74.04, 74.05, 74.04], [74.63, 74.6, 74.57, 74.52, 74.46, 74.38, 74.26, 74.07, 73.73, 73.12, 72.75, 72.52, 72.78, 72.94, 73.31, 73.61, 73.79, 73.88, 73.91, 73.92], [74.55, 74.5, 74.45, 74.38, 74.28, 74.14, 73.93, 73.59, 72.97, 71.87, 70.72, 71.8, 72.41, 72.72, 73.07, 73.38, 73.58, 73.7, 73.77, 73.8], [74.47, 74.42, 74.35, 74.26, 74.14, 73.97, 73.71, 73.33, 72.25, 71.51, 71.05, 71.71, 72.26, 72.6, 72.9, 73.2, 73.41, 73.55, 73.64, 73.69], [74.41, 74.35, 74.27, 74.17, 74.04, 73.86, 73.61, 73.27, 72.31, 71.93, 71.78, 71.99, 72.31, 72.57, 72.81, 73.08, 73.28, 73.42, 73.52, 73.58], [74.36, 74.29, 74.21, 74.1, 73.97, 73.8, 73.59, 72.66, 72.44, 72.25, 72.17, 72.26, 72.43, 72.61, 72.77, 73.0, 73.18, 73.32, 73.42, 73.5]]}