awsData/contour/humi_2023092422.json
{"header": {"refTime": "2023-09-24T22:00:00.000Z", "nx": 21, "ny": 33, "lo1": 113.509, "la1": 22.2235, "lo2": 113.5947, "la2": 22.1034, "dx": 0.0042850000000001385, "dy": 0.003753125000000024, "parameterCategory": 0, "parameterCategoryName": "Temperature", "parameterNumber": 0}, "z": [[82.02, 82.03, 82.04, 83.32, 83.26, 81.8, 81.79, 81.78, 81.75, 82.27, 82.24, 82.19, 80.97, 80.91, 81.75, 81.85, 81.69, 81.78, 81.85, 81.9], [82.01, 82.02, 82.03, 82.05, 83.26, 83.16, 81.83, 81.83, 81.82, 82.23, 82.2, 82.12, 80.9, 80.84, 81.7, 81.59, 81.74, 81.85, 81.93, 81.97], [82.0, 82.01, 82.03, 82.05, 83.28, 83.18, 83.01, 81.88, 81.96, 82.2, 82.17, 82.0, 80.78, 80.74, 81.39, 81.62, 81.81, 81.96, 82.04, 82.07], [81.99, 82.0, 82.02, 82.04, 82.07, 83.25, 83.11, 82.89, 82.68, 82.31, 82.18, 81.79, 80.58, 81.41, 81.35, 81.68, 81.95, 82.12, 82.2, 82.2], [81.97, 81.98, 82.0, 82.03, 82.07, 83.35, 83.29, 83.24, 83.27, 82.6, 82.33, 81.37, 80.57, 81.22, 81.38, 81.82, 82.19, 82.38, 82.41, 82.35], [81.95, 81.96, 81.98, 82.0, 82.05, 82.12, 83.45, 83.48, 83.62, 83.9, 82.57, 81.76, 81.08, 80.33, 81.5, 82.05, 82.57, 82.79, 82.68, 82.51], [81.89, 81.93, 81.94, 81.96, 82.01, 82.1, 83.26, 83.53, 83.68, 83.99, 84.14, 82.39, 80.57, 80.51, 81.66, 82.28, 83.1, 83.4, 83.26, 83.01], [81.86, 81.85, 81.84, 81.85, 81.9, 82.92, 83.11, 83.25, 83.22, 84.19, 85.17, 82.54, 82.51, 80.5, 82.88, 82.56, 83.21, 83.45, 83.08, 82.83], [82.15, 82.12, 81.76, 81.73, 81.72, 81.8, 82.04, 83.18, 83.96, 83.85, 84.08, 83.34, 82.98, 83.46, 82.81, 82.44, 82.82, 82.98, 82.89, 82.74], [81.0, 81.0, 81.0, 81.94, 81.8, 81.45, 81.7, 82.04, 84.71, 84.54, 82.96, 83.8, 83.53, 83.66, 82.8, 82.31, 82.55, 82.68, 82.69, 82.63], [81.0, 81.0, 81.0, 81.0, 81.0, 81.0, 81.0, 81.0, 81.71, 84.03, 86.0, 84.09, 83.87, 83.85, 82.83, 82.21, 82.39, 82.49, 82.52, 82.5], [81.0, 81.0, 81.0, 81.0, 81.0, 81.0, 81.0, 81.0, 81.0, -999.0, 86.0, 81.0, 81.0, 84.01, 82.87, 82.11, 82.22, 86.84, 86.77, 86.76], [81.0, 81.0, 81.0, 81.0, 81.0, 81.0, 81.0, 81.0, 81.0, 81.0, -999.0, 81.0, 81.0, 86.22, 83.93, 85.82, 85.78, 86.4, 86.31, 86.26], [81.0, 81.0, 81.0, 81.0, 81.0, 81.0, 81.0, 81.0, 81.0, 81.0, -999.0, 89.0, 89.0, 89.0, 84.6, 86.24, 86.16, 86.78, 86.65, 86.55], [81.0, 81.0, 81.0, 81.0, 81.0, 81.0, 81.0, 82.0, 82.0, 82.0, 82.0, 84.69, 89.0, 89.0, 89.0, 86.71, 86.56, 87.14, 86.96, 86.81], [81.0, 81.0, 81.63, 81.64, 81.66, 82.0, 82.0, 82.0, 82.0, 82.0, 86.4, 85.91, 86.58, 87.15, 86.51, 87.9, 87.73, 88.03, 86.89, 86.73], [81.64, 81.65, 81.35, 81.37, 82.0, 82.0, 82.0, 82.0, 82.0, 82.0, 85.01, 85.88, 86.79, 87.63, 87.83, 88.11, 87.8, 87.55, 87.37, 87.25], [81.36, 81.37, 81.39, 81.41, 82.0, 82.0, 82.0, 82.0, 82.0, 83.78, 84.72, 85.77, 86.86, 87.76, 88.83, 88.21, 87.77, 87.48, 87.29, 87.17], [81.38, 81.39, 81.42, 82.0, 82.0, 82.0, 82.0, 82.0, 82.63, 83.36, 84.57, 85.47, 86.54, 87.38, 88.28, 87.95, 87.58, 87.32, 87.16, 87.06], [81.39, 81.41, 83.71, 83.63, 83.52, 83.36, 83.12, 82.49, 82.99, 83.73, 84.55, 85.31, 86.24, 86.8, 87.69, 87.51, 87.27, 87.09, 86.98, 86.93], [83.83, 83.79, 83.73, 83.24, 83.18, 83.09, 82.98, 82.86, 83.79, 84.15, 84.67, 85.21, 86.0, 87.33, 87.25, 87.09, 86.93, 86.83, 86.79, 86.78], [83.4, 83.38, 83.37, 83.35, 83.32, 83.29, 83.27, 83.21, 84.3, 84.51, 84.81, 85.16, 86.74, 87.04, 86.91, 86.75, 86.61, 86.57, 86.59, 86.64], [83.45, 83.45, 83.45, 83.34, 83.36, 83.39, 83.44, 83.52, 83.62, 83.68, 83.67, 84.38, 85.63, 86.83, 86.68, 86.48, 86.32, 86.33, 86.42, 86.52], [83.36, 83.37, 83.39, 83.41, 83.45, 83.52, 83.62, 83.78, 83.98, 84.08, 83.95, 84.75, 85.61, 85.72, 85.81, 86.34, 86.09, 86.16, 86.31, 86.44], [83.39, 83.4, 83.43, 83.47, 83.52, 83.61, 83.74, 83.95, 84.31, 84.6, 84.19, 84.68, 84.73, 85.7, 85.8, 85.88, 86.17, 86.14, 86.29, 86.41], [83.41, 83.43, 83.46, 83.5, 83.56, 83.65, 83.77, 83.97, 84.29, 84.55, 84.62, 84.55, 84.61, 85.69, 85.78, 85.54, 85.68, 85.72, 86.34, 86.42], [83.43, 83.45, 83.48, 83.52, 83.57, 83.64, 83.73, 83.85, 83.97, 83.99, 84.33, 84.33, 84.44, 84.93, 85.18, 85.38, 85.51, 85.56, 85.56, 85.52], [83.44, 83.46, 83.49, 83.52, 83.56, 83.61, 83.66, 83.7, 83.69, 83.99, 83.89, 84.03, 84.25, 84.47, 85.02, 85.22, 85.35, 85.42, 85.44, 85.44], [83.44, 83.46, 83.49, 83.51, 83.54, 83.57, 83.59, 83.58, 83.5, 83.61, 83.29, 83.76, 84.1, 84.35, 84.87, 85.07, 85.21, 85.29, 85.33, 85.35], [83.45, 83.46, 83.48, 83.5, 83.52, 83.53, 83.53, 83.5, 83.9, 83.61, 83.44, 83.75, 84.05, 84.28, 84.77, 84.96, 85.09, 85.18, 85.24, 85.27], [83.45, 83.46, 83.47, 83.49, 83.5, 83.5, 83.5, 83.47, 83.95, 83.81, 83.77, 83.89, 84.08, 84.27, 84.71, 84.88, 85.01, 85.1, 85.16, 85.2], [83.44, 83.46, 83.47, 83.48, 83.48, 83.48, 83.47, 84.12, 84.04, 83.97, 83.96, 84.03, 84.15, 84.28, 84.68, 84.83, 84.94, 85.03, 85.09, 85.14]]}