awsData/contour/humi_2023092507.json
{"header": {"refTime": "2023-09-25T07:00:00.000Z", "nx": 21, "ny": 33, "lo1": 113.509, "la1": 22.2235, "lo2": 113.5947, "la2": 22.1034, "dx": 0.0042850000000001385, "dy": 0.003753125000000024, "parameterCategory": 0, "parameterCategoryName": "Temperature", "parameterNumber": 0}, "z": [[78.7, 78.71, 78.73, 80.03, 79.98, 77.84, 77.9, 77.94, 77.91, 78.51, 78.32, 78.12, 77.01, 76.92, 76.65, 76.69, 76.76, 76.85, 76.91, 76.96], [78.69, 78.71, 78.72, 78.74, 79.97, 79.9, 78.01, 78.15, 78.21, 78.58, 78.28, 77.97, 76.83, 76.74, 76.52, 76.64, 76.78, 76.88, 76.96, 77.0], [78.68, 78.69, 78.71, 78.73, 79.98, 79.9, 79.78, 78.32, 78.81, 78.65, 78.2, 77.69, 76.51, 76.47, 76.41, 76.64, 76.82, 76.94, 77.02, 77.06], [78.67, 78.68, 78.69, 78.72, 78.74, 79.94, 79.85, 79.68, 79.54, 78.63, 78.06, 77.22, 75.94, 76.92, 76.35, 76.68, 76.91, 77.05, 77.11, 77.14], [78.65, 78.66, 78.67, 78.69, 78.72, 80.0, 79.96, 79.93, 79.98, 78.74, 78.1, 76.73, 75.17, 76.58, 76.39, 76.8, 77.07, 77.2, 77.24, 77.23], [78.63, 78.63, 78.64, 78.66, 78.68, 78.72, 80.03, 80.05, 80.22, 80.57, 78.81, 77.55, 76.31, 75.67, 76.63, 77.01, 77.31, 77.43, 77.39, 77.32], [78.45, 78.6, 78.6, 78.61, 78.64, 78.68, 79.76, 79.95, 80.12, 80.84, 81.2, 78.99, 76.85, 76.55, 76.97, 77.24, 77.6, 77.74, 77.26, 77.01], [78.43, 78.42, 78.42, 78.43, 78.45, 79.53, 79.62, 79.58, 79.45, 81.03, 82.21, 80.23, 80.21, 76.49, 78.37, 78.48, 78.26, 78.18, 78.31, 78.39], [78.57, 78.56, 78.38, 78.37, 78.36, 78.4, 78.52, 79.64, 80.27, 80.7, 81.46, 80.87, 80.59, 80.97, 78.4, 78.52, 78.39, 78.34, 78.37, 78.42], [78.0, 78.0, 78.0, 78.47, 78.4, 78.23, 78.35, 78.52, 81.27, 81.05, 80.57, 81.24, 81.02, 81.13, 78.4, 78.56, 78.48, 78.44, 78.44, 78.46], [78.0, 78.0, 78.0, 78.0, 78.0, 78.0, 78.0, 78.0, 78.35, 80.37, 83.0, 81.48, 81.3, 81.28, 78.39, 78.6, 78.54, 78.5, 78.49, 78.5], [78.0, 78.0, 78.0, 78.0, 78.0, 78.0, 78.0, 78.0, 78.0, -999.0, 83.0, 79.0, 79.0, 81.41, 78.38, 78.63, 78.59, 83.12, 82.99, 82.96], [78.0, 78.0, 78.0, 78.0, 78.0, 78.0, 78.0, 78.0, 78.0, 78.0, -999.0, 79.0, 79.0, 84.22, 81.93, 81.28, 81.21, 82.32, 82.16, 82.06], [78.0, 78.0, 78.0, 78.0, 78.0, 78.0, 78.0, 78.0, 78.0, 78.0, -999.0, 87.0, 87.0, 87.0, 82.6, 82.03, 81.88, 83.01, 82.77, 82.58], [78.0, 78.0, 78.0, 78.0, 78.0, 78.0, 78.0, 82.0, 82.0, 82.0, 82.0, 83.92, 87.0, 87.0, 87.0, 82.88, 82.61, 83.65, 83.33, 83.06], [78.0, 78.0, 80.52, 80.56, 80.64, 82.0, 82.0, 82.0, 82.0, 82.0, 85.15, 84.79, 85.27, 85.68, 85.22, 86.27, 86.16, 86.35, 84.12, 83.91], [80.57, 80.59, 79.41, 79.48, 82.0, 82.0, 82.0, 82.0, 82.0, 82.0, 84.15, 84.77, 85.42, 86.02, 86.18, 87.25, 87.34, 87.42, 87.48, 87.53], [79.43, 79.48, 79.55, 79.65, 82.0, 82.0, 82.0, 82.0, 82.0, 83.27, 83.94, 84.69, 85.47, 86.13, 86.88, 87.22, 87.34, 87.43, 87.5, 87.55], [79.51, 79.57, 79.66, 82.0, 82.0, 82.0, 82.0, 82.0, 82.45, 82.97, 84.18, 84.84, 85.27, 85.86, 87.19, 87.28, 87.38, 87.46, 87.53, 87.58], [79.56, 79.63, 84.29, 84.17, 84.03, 83.81, 83.49, 82.66, 82.91, 83.56, 84.23, 84.79, 85.06, 85.46, 87.33, 87.37, 87.44, 87.5, 87.57, 87.62], [84.44, 84.38, 84.31, 83.65, 83.57, 83.45, 83.3, 83.14, 83.72, 84.02, 84.44, 84.83, 84.9, 87.43, 87.42, 87.43, 87.47, 87.54, 87.62, 87.67], [83.86, 83.85, 83.82, 83.8, 83.76, 83.72, 83.69, 83.56, 84.31, 84.48, 84.71, 84.93, 86.04, 87.49, 87.47, 87.43, 87.43, 87.54, 87.68, 87.75], [83.94, 83.94, 83.94, 83.71, 83.73, 83.78, 83.85, 83.96, 84.1, 84.18, 84.15, 84.56, 87.15, 87.55, 87.51, 87.37, 87.16, 87.5, 87.8, 87.86], [83.71, 83.73, 83.76, 83.8, 83.85, 83.94, 84.09, 84.31, 84.58, 84.71, 84.54, 85.01, 87.13, 87.3, 87.4, 87.44, 86.32, 88.01, 88.11, 88.01], [83.75, 83.77, 83.81, 83.86, 83.94, 84.05, 84.24, 84.53, 85.03, 85.44, 84.85, 84.98, 84.85, 87.33, 87.5, 87.69, 88.4, 89.17, 88.38, 88.12], [83.77, 83.8, 83.84, 83.9, 83.98, 84.09, 84.27, 84.54, 84.99, 85.35, 85.13, 84.85, 84.73, 87.35, 87.56, 87.36, 87.87, 88.12, 88.32, 88.14], [83.79, 83.82, 83.86, 83.91, 83.98, 84.08, 84.2, 84.36, 84.52, 84.54, 84.68, 84.56, 84.56, 86.23, 86.69, 87.11, 87.45, 87.62, 87.58, 87.46], [83.8, 83.83, 83.87, 83.91, 83.96, 84.02, 84.08, 84.12, 84.1, 84.24, 84.07, 85.07, 85.63, 86.22, 86.43, 86.82, 87.11, 87.27, 87.31, 87.27], [83.81, 83.83, 83.86, 83.89, 83.93, 83.96, 83.97, 83.94, 83.81, 83.73, 83.57, 84.56, 85.33, 85.96, 86.18, 86.56, 86.83, 86.99, 87.07, 87.09], [83.81, 83.83, 83.85, 83.87, 83.89, 83.9, 83.89, 83.83, 84.76, 84.21, 83.89, 84.55, 85.23, 85.81, 86.01, 86.35, 86.6, 86.78, 86.88, 86.92], [83.8, 83.82, 83.84, 83.85, 83.86, 83.86, 83.83, 83.78, 84.91, 84.64, 84.58, 84.87, 85.32, 85.77, 85.9, 86.21, 86.44, 86.6, 86.72, 86.78], [83.8, 83.81, 83.82, 83.83, 83.83, 83.83, 83.8, 85.27, 85.11, 84.99, 85.0, 85.17, 85.47, 85.8, 85.85, 86.11, 86.32, 86.48, 86.59, 86.66]]}