awsData/contour/humi_2023092421.json
{"header": {"refTime": "2023-09-24T21:00:00.000Z", "nx": 21, "ny": 33, "lo1": 113.509, "la1": 22.2235, "lo2": 113.5947, "la2": 22.1034, "dx": 0.0042850000000001385, "dy": 0.003753125000000024, "parameterCategory": 0, "parameterCategoryName": "Temperature", "parameterNumber": 0}, "z": [[82.63, 82.62, 82.61, 83.88, 83.79, 82.06, 82.02, 81.98, 81.94, 82.46, 82.45, 82.42, 81.45, 81.42, 81.75, 81.85, 82.23, 82.32, 82.38, 82.43], [82.63, 82.63, 82.62, 82.61, 83.79, 83.65, 82.05, 82.01, 81.96, 82.39, 82.4, 82.34, 81.37, 81.35, 81.7, 82.12, 82.26, 82.37, 82.44, 82.49], [82.64, 82.64, 82.64, 82.63, 83.83, 83.68, 83.43, 82.03, 82.0, 82.35, 82.37, 82.22, 81.23, 81.23, 81.9, 82.13, 82.32, 82.45, 82.53, 82.57], [82.64, 82.65, 82.65, 82.65, 82.65, 83.79, 83.59, 83.27, 82.96, 82.5, 82.41, 82.0, 80.97, 82.07, 81.85, 82.18, 82.43, 82.58, 82.65, 82.67], [82.65, 82.65, 82.66, 82.68, 82.69, 83.95, 83.87, 83.78, 83.8, 82.89, 82.62, 81.95, 80.83, 81.82, 81.89, 82.31, 82.63, 82.79, 82.82, 82.79], [82.65, 82.65, 82.67, 82.69, 82.73, 82.79, 84.12, 84.17, 84.33, 84.63, 83.5, 82.53, 81.62, 81.0, 82.06, 82.53, 82.94, 83.11, 83.03, 82.91], [82.89, 82.65, 82.66, 82.69, 82.74, 82.84, 84.26, 84.34, 84.53, 85.19, 85.4, 83.52, 81.71, 81.53, 82.31, 82.76, 83.35, 83.57, 83.26, 83.01], [82.86, 82.85, 82.84, 82.85, 82.9, 83.92, 84.11, 84.25, 84.28, 85.36, 86.29, 84.23, 84.21, 81.49, 83.63, 83.52, 83.74, 83.82, 83.69, 83.61], [83.15, 83.12, 82.76, 82.73, 82.72, 82.8, 83.04, 84.18, 84.96, 85.06, 85.46, 84.87, 84.59, 84.97, 83.6, 83.48, 83.61, 83.66, 83.63, 83.58], [82.0, 82.0, 82.0, 82.94, 82.8, 82.45, 82.7, 83.04, 85.71, 85.54, 84.57, 85.24, 85.02, 85.13, 83.6, 83.44, 83.52, 83.56, 83.56, 83.54], [82.0, 82.0, 82.0, 82.0, 82.0, 82.0, 82.0, 82.0, 82.71, 85.03, 87.0, 85.48, 85.3, 85.28, 83.61, 83.4, 83.46, 83.5, 83.51, 83.5], [82.0, 82.0, 82.0, 82.0, 82.0, 82.0, 82.0, 82.0, 82.0, -999.0, 87.0, 83.0, 83.0, 85.41, 83.62, 83.37, 83.41, 86.27, 86.22, 86.2], [82.0, 82.0, 82.0, 82.0, 82.0, 82.0, 82.0, 82.0, 82.0, 82.0, -999.0, 83.0, 83.0, 86.26, 84.83, 85.46, 85.43, 85.92, 85.85, 85.81], [82.0, 82.0, 82.0, 82.0, 82.0, 82.0, 82.0, 82.0, 82.0, 82.0, -999.0, 88.0, 88.0, 88.0, 85.25, 85.79, 85.73, 86.23, 86.12, 86.04], [82.0, 82.0, 82.0, 82.0, 82.0, 82.0, 82.0, 81.0, 81.0, 81.0, 81.0, 83.69, 88.0, 88.0, 88.0, 86.17, 86.05, 86.51, 86.37, 86.25], [82.0, 82.0, 81.37, 81.36, 81.34, 81.0, 81.0, 81.0, 81.0, 81.0, 85.4, 84.91, 85.58, 86.15, 85.51, 87.27, 87.16, 87.35, 86.42, 86.3], [81.36, 81.35, 81.65, 81.63, 81.0, 81.0, 81.0, 81.0, 81.0, 81.0, 84.01, 84.88, 85.79, 86.63, 86.94, 87.41, 87.2, 87.03, 86.91, 86.83], [81.64, 81.63, 81.61, 81.59, 81.0, 81.0, 81.0, 81.0, 81.0, 82.78, 83.72, 84.77, 85.86, 86.87, 87.85, 87.48, 87.18, 86.98, 86.86, 86.78], [81.62, 81.61, 81.58, 81.0, 81.0, 81.0, 81.0, 81.0, 81.63, 82.36, 84.13, 85.05, 85.72, 86.53, 87.52, 87.3, 87.05, 86.88, 86.77, 86.71], [81.61, 81.59, 84.43, 84.26, 84.04, 83.72, 83.24, 81.99, 82.32, 83.25, 84.22, 85.0, 85.47, 86.03, 87.13, 87.01, 86.85, 86.73, 86.66, 86.62], [84.66, 84.57, 84.46, 83.48, 83.36, 83.18, 82.95, 82.71, 83.5, 83.94, 84.53, 85.07, 85.28, 86.88, 86.83, 86.73, 86.62, 86.55, 86.52, 86.52], [83.8, 83.77, 83.74, 83.7, 83.64, 83.59, 83.53, 83.08, 84.37, 84.63, 84.94, 85.24, 87.04, 86.69, 86.61, 86.5, 86.41, 86.38, 86.39, 86.42], [83.9, 83.9, 83.91, 83.18, 83.24, 83.32, 83.45, 83.64, 83.86, 83.98, 83.91, 84.97, 86.37, 86.55, 86.45, 86.32, 86.21, 86.22, 86.28, 86.34], [83.14, 83.17, 83.22, 83.29, 83.39, 83.54, 83.78, 84.14, 84.6, 84.81, 84.49, 85.26, 86.39, 86.28, 86.19, 86.23, 86.06, 86.11, 86.21, 86.29], [83.17, 83.21, 83.27, 83.36, 83.48, 83.67, 83.97, 84.47, 85.31, 86.02, 84.97, 85.18, 84.99, 86.3, 86.2, 86.12, 86.11, 86.09, 86.19, 86.27], [83.19, 83.24, 83.3, 83.38, 83.51, 83.69, 83.97, 84.42, 85.2, 85.83, 85.38, 84.88, 84.74, 86.31, 86.22, 85.24, 85.47, 85.53, 86.23, 86.28], [83.2, 83.24, 83.3, 83.37, 83.47, 83.61, 83.79, 84.03, 84.3, 84.3, 84.48, 84.3, 84.35, 84.21, 84.64, 84.97, 85.18, 85.27, 85.26, 85.2], [83.2, 83.23, 83.28, 83.33, 83.4, 83.47, 83.54, 83.56, 83.44, 83.58, 83.25, 83.51, 83.9, 84.23, 84.36, 84.69, 84.92, 85.03, 85.07, 85.06], [83.19, 83.21, 83.24, 83.28, 83.31, 83.32, 83.3, 83.18, 82.85, 82.53, 81.71, 82.82, 83.53, 83.98, 84.12, 84.45, 84.68, 84.82, 84.89, 84.92], [83.17, 83.19, 83.21, 83.22, 83.22, 83.2, 83.12, 82.96, 83.22, 82.5, 82.06, 82.76, 83.4, 83.84, 83.94, 84.26, 84.49, 84.64, 84.73, 84.78], [83.15, 83.16, 83.17, 83.17, 83.15, 83.11, 83.02, 82.87, 83.31, 82.95, 82.82, 83.07, 83.46, 83.81, 83.84, 84.13, 84.34, 84.5, 84.6, 84.66], [83.13, 83.14, 83.13, 83.12, 83.1, 83.05, 82.97, 83.69, 83.48, 83.3, 83.25, 83.37, 83.6, 83.84, 83.8, 84.05, 84.24, 84.38, 84.49, 84.56]]}