awsData/contour/humi_2023092409.json
{"header": {"refTime": "2023-09-24T09:00:00.000Z", "nx": 21, "ny": 33, "lo1": 113.509, "la1": 22.2235, "lo2": 113.5947, "la2": 22.1034, "dx": 0.0042850000000001385, "dy": 0.003753125000000024, "parameterCategory": 0, "parameterCategoryName": "Temperature", "parameterNumber": 0}, "z": [[75.16, 75.21, 75.27, 76.37, 76.4, 74.37, 74.54, 74.7, 74.7, 75.17, 74.76, 74.36, 72.62, 72.39, 71.98, 71.89, 70.52, 70.56, 70.59, 70.61], [75.13, 75.17, 75.23, 75.32, 76.38, 76.44, 74.74, 75.12, 75.32, 75.43, 74.76, 74.15, 72.35, 72.12, 71.76, 70.45, 70.52, 70.57, 70.61, 70.63], [75.09, 75.13, 75.18, 75.26, 76.34, 76.4, 76.5, 75.45, 76.59, 75.67, 74.62, 73.74, 71.89, 71.73, 70.34, 70.45, 70.54, 70.6, 70.63, 70.65], [75.04, 75.06, 75.11, 75.17, 75.26, 76.32, 76.41, 76.56, 76.7, 75.36, 74.26, 73.01, 71.12, 71.46, 70.3, 70.47, 70.57, 70.64, 70.67, 70.69], [74.98, 74.99, 75.02, 75.06, 75.12, 76.2, 76.23, 76.3, 76.4, 75.01, 74.01, 71.34, 69.99, 71.15, 70.32, 70.52, 70.64, 70.7, 70.72, 70.72], [74.92, 74.92, 74.92, 74.94, 74.96, 74.99, 76.0, 75.98, 76.09, 76.38, 73.27, 72.03, 70.92, 70.0, 70.45, 70.63, 70.75, 70.8, 70.78, 70.76], [74.0, 74.84, 74.82, 74.81, 74.8, 74.78, 75.01, 75.51, 75.58, 75.45, 75.69, 73.19, 70.71, 70.53, 70.65, 70.74, 70.86, 70.91, 70.63, 70.5], [74.0, 74.0, 74.0, 74.0, 74.0, 74.91, 74.9, 74.72, 74.34, 75.7, 76.98, 73.84, 73.81, 70.49, 71.37, 71.48, 71.26, 71.18, 71.31, 71.39], [74.0, 74.0, 74.0, 74.0, 74.0, 74.0, 74.0, 74.88, 75.27, 75.28, 75.69, 74.81, 74.38, 74.95, 71.4, 71.52, 71.39, 71.34, 71.37, 71.42], [74.0, 74.0, 74.0, 74.0, 74.0, 74.0, 74.0, 74.0, 76.27, 76.05, 74.35, 75.36, 75.04, 75.19, 71.4, 71.56, 71.48, 71.44, 71.44, 71.46], [74.0, 74.0, 74.0, 74.0, 74.0, 74.0, 74.0, 74.0, 74.0, 75.37, 78.0, 75.71, 75.44, 75.43, 71.39, 71.6, 71.54, 71.5, 71.49, 71.5], [74.0, 74.0, 74.0, 74.0, 74.0, 74.0, 74.0, 74.0, 74.0, -999.0, 78.0, 72.0, 72.0, 75.61, 71.38, 71.63, 71.59, 76.12, 75.99, 75.96], [74.0, 74.0, 74.0, 74.0, 74.0, 74.0, 74.0, 74.0, 74.0, 74.0, -999.0, 72.0, 72.0, 77.22, 74.93, 74.28, 74.21, 75.32, 75.16, 75.06], [74.0, 74.0, 74.0, 74.0, 74.0, 74.0, 74.0, 74.0, 74.0, 74.0, -999.0, 80.0, 80.0, 80.0, 75.6, 75.03, 74.88, 76.01, 75.77, 75.58], [74.0, 74.0, 74.0, 74.0, 74.0, 74.0, 74.0, 78.0, 78.0, 78.0, 78.0, 78.77, 80.0, 80.0, 80.0, 75.88, 75.61, 76.65, 76.33, 76.06], [74.0, 74.0, 76.52, 76.56, 76.64, 78.0, 78.0, 78.0, 78.0, 78.0, 79.26, 79.12, 79.31, 79.47, 79.29, 79.63, 79.58, 79.68, 77.4, 77.2], [76.57, 76.59, 75.41, 75.48, 78.0, 78.0, 78.0, 78.0, 78.0, 78.0, 78.86, 79.11, 79.37, 79.61, 79.65, 81.25, 81.7, 82.06, 82.33, 82.53], [75.43, 75.48, 75.55, 75.65, 78.0, 78.0, 78.0, 78.0, 78.0, 78.51, 78.78, 79.08, 79.39, 79.63, 79.95, 81.1, 81.73, 82.15, 82.43, 82.64], [75.51, 75.57, 75.66, 78.0, 78.0, 78.0, 78.0, 78.0, 78.18, 78.39, 79.32, 79.6, 79.27, 79.52, 81.0, 81.44, 81.96, 82.34, 82.61, 82.79], [75.56, 75.63, 80.29, 80.17, 80.03, 79.81, 79.49, 78.66, 78.63, 79.04, 79.42, 79.67, 79.18, 79.34, 81.78, 82.01, 82.33, 82.62, 82.83, 82.98], [80.44, 80.38, 80.31, 79.65, 79.57, 79.45, 79.3, 79.14, 79.25, 79.44, 79.66, 79.82, 79.1, 82.28, 82.33, 82.49, 82.7, 82.91, 83.1, 83.21], [79.86, 79.85, 79.82, 79.8, 79.76, 79.72, 79.69, 79.73, 79.78, 79.89, 79.98, 80.03, 80.33, 82.65, 82.72, 82.8, 82.9, 83.15, 83.38, 83.47], [79.94, 79.94, 79.94, 79.96, 79.97, 80.0, 80.06, 80.16, 80.29, 80.37, 80.36, 80.03, 83.37, 82.94, 83.0, 82.92, 82.68, 83.3, 83.76, 83.78], [80.0, 80.02, 80.04, 80.07, 80.11, 80.19, 80.32, 80.52, 80.76, 80.89, 80.74, 80.76, 83.36, 83.54, 83.62, 83.17, 81.34, 84.38, 84.42, 84.12], [80.05, 80.07, 80.1, 80.15, 80.22, 80.33, 80.49, 80.75, 81.18, 81.53, 81.05, 80.82, 80.53, 83.61, 83.82, 84.07, 85.08, 86.53, 84.93, 84.36], [80.09, 80.12, 80.16, 80.21, 80.29, 80.4, 80.56, 80.8, 81.18, 81.48, 81.14, 80.78, 80.52, 83.67, 83.96, 84.03, 84.76, 85.15, 84.78, 84.38], [80.12, 80.15, 80.19, 80.25, 80.32, 80.41, 80.54, 80.69, 80.85, 80.88, 80.82, 80.63, 80.47, 82.92, 83.38, 83.83, 84.26, 84.48, 84.42, 84.25], [80.14, 80.17, 80.21, 80.26, 80.32, 80.4, 80.47, 80.54, 80.56, 80.59, 80.47, 82.07, 82.76, 83.51, 83.15, 83.56, 83.88, 84.06, 84.09, 84.04], [80.16, 80.19, 80.22, 80.27, 80.31, 80.36, 80.41, 80.43, 80.39, 80.31, 80.56, 81.59, 82.45, 83.21, 82.93, 83.3, 83.58, 83.75, 83.83, 83.84], [80.17, 80.2, 80.23, 80.26, 80.3, 80.33, 80.35, 80.35, 81.73, 81.2, 80.9, 81.6, 82.37, 83.05, 82.76, 83.1, 83.35, 83.52, 83.62, 83.66], [80.17, 80.2, 80.23, 80.25, 80.28, 80.3, 80.32, 80.31, 81.91, 81.66, 81.62, 81.95, 82.47, 83.0, 82.66, 82.96, 83.18, 83.35, 83.45, 83.51], [80.18, 80.2, 80.22, 80.24, 80.27, 80.28, 80.29, 82.29, 82.14, 82.04, 82.07, 82.29, 82.64, 83.04, 82.62, 82.86, 83.06, 83.21, 83.32, 83.39]]}