awsData/contour/humi_2023092415.json
{"header": {"refTime": "2023-09-24T15:00:00.000Z", "nx": 21, "ny": 33, "lo1": 113.509, "la1": 22.2235, "lo2": 113.5947, "la2": 22.1034, "dx": 0.0042850000000001385, "dy": 0.003753125000000024, "parameterCategory": 0, "parameterCategoryName": "Temperature", "parameterNumber": 0}, "z": [[68.55, 68.61, 68.69, 69.3, 69.39, 68.11, 68.31, 68.5, 68.51, 68.59, 68.13, 67.68, 66.38, 66.13, 67.98, 68.15, 66.73, 66.95, 67.1, 67.21], [68.51, 68.56, 68.65, 68.76, 69.36, 69.5, 68.51, 68.94, 69.18, 68.94, 68.15, 67.49, 66.12, 65.87, 67.77, 66.51, 66.84, 67.1, 67.28, 67.38], [68.45, 68.5, 68.57, 68.68, 69.3, 69.45, 69.69, 69.3, 70.56, 69.23, 68.0, 67.08, 65.66, 65.49, 66.05, 66.57, 67.02, 67.34, 67.53, 67.6], [68.38, 68.42, 68.48, 68.56, 68.69, 69.31, 69.5, 69.84, 70.15, 68.79, 67.57, 66.38, 64.92, 64.64, 65.99, 66.73, 67.33, 67.72, 67.88, 67.89], [68.3, 68.33, 68.36, 68.41, 68.49, 69.1, 69.18, 69.3, 69.38, 68.13, 67.14, 64.56, 63.66, 64.44, 66.03, 67.04, 67.87, 68.31, 68.37, 68.23], [68.22, 68.22, 68.23, 68.25, 68.28, 68.31, 68.81, 68.76, 68.77, 68.86, 65.85, 65.02, 64.28, 63.67, 66.3, 67.55, 68.74, 69.24, 68.98, 68.59], [67.0, 68.12, 68.1, 68.08, 68.06, 68.04, 67.51, 68.22, 68.17, 67.53, 67.59, 65.79, 64.14, 64.02, 66.65, 68.08, 69.95, 70.64, 70.34, 69.77], [67.0, 67.0, 67.0, 67.0, 67.0, 67.45, 67.45, 67.36, 67.11, 67.69, 68.37, 66.23, 66.21, 63.99, 69.39, 68.64, 70.16, 70.72, 69.85, 69.26], [67.0, 67.0, 67.0, 67.0, 67.0, 67.0, 67.0, 67.44, 67.64, 67.42, 67.46, 66.87, 66.59, 66.97, 69.21, 68.35, 69.25, 69.62, 69.4, 69.07], [67.0, 67.0, 67.0, 67.0, 67.0, 67.0, 67.0, 67.0, 68.14, 68.03, 66.57, 67.24, 67.02, 67.13, 69.21, 68.06, 68.62, 68.92, 68.94, 68.8], [67.0, 67.0, 67.0, 67.0, 67.0, 67.0, 67.0, 67.0, 67.0, 67.68, 69.0, 67.48, 67.3, 67.28, 69.28, 67.83, 68.24, 68.48, 68.54, 68.5], [67.0, 67.0, 67.0, 67.0, 67.0, 67.0, 67.0, 67.0, 67.0, -999.0, 69.0, 65.0, 65.0, 67.41, 69.35, 67.59, 67.84, 73.14, 73.11, 73.1], [67.0, 67.0, 67.0, 67.0, 67.0, 67.0, 67.0, 67.0, 67.0, 67.0, -999.0, 65.0, 65.0, 70.88, 68.29, 72.73, 72.71, 72.96, 72.92, 72.9], [67.0, 67.0, 67.0, 67.0, 67.0, 67.0, 67.0, 67.0, 67.0, 67.0, -999.0, 74.0, 74.0, 74.0, 69.05, 72.89, 72.86, 73.11, 73.06, 73.02], [67.0, 67.0, 67.0, 67.0, 67.0, 67.0, 67.0, 64.0, 64.0, 64.0, 64.0, 67.84, 74.0, 74.0, 74.0, 73.08, 73.02, 73.26, 73.18, 73.12], [67.0, 67.0, 65.11, 65.08, 65.02, 64.0, 64.0, 64.0, 64.0, 64.0, 70.29, 69.58, 70.55, 71.36, 70.44, 73.63, 73.58, 73.68, 73.21, 73.15], [65.07, 65.06, 65.94, 65.89, 64.0, 64.0, 64.0, 64.0, 64.0, 64.0, 68.3, 69.54, 70.85, 72.05, 72.7, 73.56, 73.41, 73.28, 73.2, 73.13], [65.93, 65.89, 65.84, 65.76, 64.0, 64.0, 64.0, 64.0, 64.0, 66.54, 67.88, 69.38, 70.94, 72.58, 73.82, 73.61, 73.39, 73.25, 73.16, 73.09], [65.87, 65.82, 65.75, 64.0, 64.0, 64.0, 64.0, 64.0, 64.9, 65.95, 68.18, 69.48, 71.08, 72.18, 73.65, 73.49, 73.3, 73.18, 73.09, 73.04], [65.83, 65.78, 68.0, 67.81, 67.55, 67.17, 66.61, 65.15, 65.72, 66.94, 68.25, 69.36, 70.79, 71.6, 73.36, 73.28, 73.16, 73.07, 73.01, 72.97], [68.27, 68.17, 68.04, 66.9, 66.75, 66.54, 66.28, 66.0, 67.2, 67.79, 68.59, 69.37, 70.62, 73.18, 73.15, 73.08, 73.0, 72.95, 72.91, 72.9], [67.26, 67.23, 67.19, 67.14, 67.09, 67.02, 66.95, 66.6, 68.25, 68.6, 69.04, 69.5, 72.7, 73.05, 72.99, 72.93, 72.87, 72.83, 72.82, 72.82], [67.39, 67.39, 67.39, 66.8, 66.85, 66.94, 67.07, 67.28, 67.53, 67.67, 67.61, 69.47, 71.96, 72.94, 72.88, 72.82, 72.78, 72.73, 72.72, 72.75], [66.78, 66.82, 66.87, 66.94, 67.05, 67.21, 67.48, 67.88, 68.38, 68.62, 68.28, 69.99, 71.93, 72.1, 72.26, 72.74, 72.82, 72.57, 72.62, 72.69], [66.83, 66.88, 66.95, 67.04, 67.18, 67.39, 67.72, 68.27, 69.18, 69.95, 68.83, 69.82, 69.9, 72.07, 72.22, 72.34, 72.51, 72.37, 72.57, 72.66], [66.87, 66.92, 66.99, 67.09, 67.23, 67.44, 67.75, 68.25, 69.09, 69.77, 69.74, 69.46, 69.56, 72.03, 72.17, 71.34, 71.64, 71.7, 72.6, 72.66], [66.89, 66.94, 67.01, 67.1, 67.22, 67.38, 67.59, 67.87, 68.17, 68.19, 68.87, 68.83, 69.08, 69.82, 70.45, 70.93, 71.23, 71.35, 71.34, 71.27], [66.9, 66.95, 67.01, 67.08, 67.16, 67.26, 67.35, 67.4, 67.32, 67.88, 67.56, 67.81, 68.33, 68.81, 70.03, 70.52, 70.84, 71.01, 71.07, 71.06], [66.9, 66.94, 66.98, 67.03, 67.08, 67.12, 67.12, 67.03, 66.74, 66.75, 65.79, 67.06, 67.92, 68.51, 69.66, 70.16, 70.5, 70.7, 70.81, 70.84], [66.89, 66.92, 66.95, 66.98, 67.0, 67.0, 66.95, 66.81, 67.45, 66.67, 66.19, 67.0, 67.77, 68.34, 69.41, 69.88, 70.21, 70.44, 70.57, 70.65], [66.88, 66.9, 66.92, 66.93, 66.93, 66.91, 66.84, 66.71, 67.58, 67.19, 67.06, 67.38, 67.86, 68.3, 69.26, 69.68, 70.0, 70.23, 70.38, 70.48], [66.86, 66.88, 66.89, 66.89, 66.88, 66.85, 66.79, 68.02, 67.79, 67.6, 67.56, 67.73, 68.02, 68.34, 69.2, 69.56, 69.84, 70.06, 70.22, 70.33]]}