awsData/contour/humi_2023092511.json
{"header": {"refTime": "2023-09-25T11:00:00.000Z", "nx": 21, "ny": 33, "lo1": 113.509, "la1": 22.2235, "lo2": 113.5947, "la2": 22.1034, "dx": 0.0042850000000001385, "dy": 0.003753125000000024, "parameterCategory": 0, "parameterCategoryName": "Temperature", "parameterNumber": 0}, "z": [[71.27, 71.35, 71.46, 73.62, 73.65, 72.06, 72.2, 72.33, 72.35, 73.12, 72.89, 72.66, 70.09, 69.87, 70.79, 70.72, 68.55, 68.58, 68.6, 68.61], [71.21, 71.29, 71.4, 71.55, 73.62, 73.66, 72.33, 72.63, 72.79, 73.25, 72.88, 72.52, 69.95, 69.72, 70.65, 68.54, 68.59, 68.63, 68.65, 68.66], [71.13, 71.21, 71.31, 71.46, 73.59, 73.63, 73.7, 72.86, 73.71, 73.36, 72.79, 72.26, 69.71, 69.52, 68.51, 68.57, 68.64, 68.69, 68.71, 68.72], [71.04, 71.1, 71.19, 71.32, 71.5, 73.56, 73.62, 73.73, 73.83, 73.24, 72.6, 71.8, 69.37, 69.69, 68.53, 68.61, 68.71, 68.78, 68.8, 68.79], [70.93, 70.97, 71.03, 71.13, 71.28, 73.45, 73.47, 73.54, 73.64, 73.16, 72.53, 69.79, 69.28, 69.54, 68.52, 68.66, 68.83, 68.93, 68.93, 68.88], [70.8, 70.82, 70.85, 70.91, 71.01, 71.15, 73.26, 73.24, 73.39, 73.77, 70.87, 69.99, 69.43, 68.0, 68.46, 68.73, 69.04, 69.18, 69.09, 68.97], [69.34, 70.65, 70.64, 70.65, 70.71, 70.82, 71.52, 72.75, 72.86, 72.33, 72.48, 70.11, 67.29, 67.47, 68.35, 68.8, 69.37, 69.58, 69.82, 69.75], [69.28, 69.27, 69.26, 69.28, 69.35, 71.0, 71.28, 71.47, 71.28, 72.72, 74.43, 69.07, 69.02, 67.51, 68.51, 68.08, 68.95, 69.27, 68.77, 68.44], [69.72, 69.67, 69.14, 69.1, 69.08, 69.19, 69.56, 71.38, 72.59, 72.06, 72.16, 70.69, 69.97, 70.92, 68.41, 67.92, 68.43, 68.64, 68.52, 68.33], [68.0, 68.0, 68.0, 69.4, 69.21, 68.68, 69.05, 69.56, 73.84, 73.56, 69.92, 71.59, 71.06, 71.32, 68.4, 67.75, 68.07, 68.24, 68.25, 68.17], [68.0, 68.0, 68.0, 68.0, 68.0, 68.0, 68.0, 68.0, 69.06, 72.71, 76.0, 72.19, 71.74, 71.71, 68.45, 67.62, 67.85, 67.99, 68.02, 68.0], [68.0, 68.0, 68.0, 68.0, 68.0, 68.0, 68.0, 68.0, 68.0, -999.0, 76.0, 66.0, 66.0, 72.02, 68.49, 67.48, 67.62, 72.27, 72.22, 72.2], [68.0, 68.0, 68.0, 68.0, 68.0, 68.0, 68.0, 68.0, 68.0, 68.0, -999.0, 66.0, 66.0, 71.22, 68.93, 71.46, 71.43, 71.92, 71.85, 71.81], [68.0, 68.0, 68.0, 68.0, 68.0, 68.0, 68.0, 68.0, 68.0, 68.0, -999.0, 74.0, 74.0, 74.0, 69.6, 71.79, 71.73, 72.23, 72.12, 72.04], [68.0, 68.0, 68.0, 68.0, 68.0, 68.0, 68.0, 70.0, 70.0, 70.0, 70.0, 71.54, 74.0, 74.0, 74.0, 72.17, 72.05, 72.51, 72.37, 72.25], [68.0, 68.0, 69.26, 69.28, 69.32, 70.0, 70.0, 70.0, 70.0, 70.0, 72.52, 72.23, 72.62, 72.95, 72.57, 74.37, 74.42, 74.32, 73.24, 73.18], [69.28, 69.3, 68.71, 68.74, 70.0, 70.0, 70.0, 70.0, 70.0, 70.0, 71.72, 72.22, 72.74, 73.22, 73.63, 74.01, 74.02, 74.02, 74.02, 74.02], [68.71, 68.74, 68.77, 68.83, 70.0, 70.0, 70.0, 70.0, 70.0, 71.02, 71.55, 72.15, 72.78, 73.58, 73.95, 74.02, 74.02, 74.02, 74.02, 74.02], [68.75, 68.79, 68.83, 70.0, 70.0, 70.0, 70.0, 70.0, 70.36, 70.78, 71.71, 72.23, 73.08, 73.48, 74.02, 74.02, 74.03, 74.03, 74.03, 74.02], [68.78, 68.81, 71.71, 71.63, 71.52, 71.36, 71.12, 70.49, 70.71, 71.21, 71.74, 72.19, 73.03, 73.36, 74.03, 74.04, 74.05, 74.04, 74.03, 74.02], [71.83, 71.79, 71.73, 71.24, 71.18, 71.09, 70.98, 70.86, 71.33, 71.57, 71.89, 72.2, 73.03, 74.04, 74.05, 74.07, 74.07, 74.06, 74.04, 74.02], [71.4, 71.38, 71.37, 71.35, 71.32, 71.29, 71.27, 70.69, 71.77, 71.91, 72.09, 72.27, 73.99, 74.05, 74.08, 74.11, 74.12, 74.09, 74.04, 74.01], [71.45, 71.45, 71.45, 70.59, 70.64, 70.71, 70.8, 70.92, 71.05, 71.1, 71.03, 72.64, 73.67, 74.06, 74.09, 74.15, 74.24, 74.13, 74.02, 73.99], [70.49, 70.52, 70.55, 70.6, 70.67, 70.77, 70.92, 71.15, 71.43, 71.56, 71.33, 72.24, 73.64, 73.76, 73.89, 74.15, 74.55, 73.98, 73.93, 73.95], [70.48, 70.51, 70.55, 70.6, 70.67, 70.79, 70.97, 71.29, 71.85, 72.32, 71.59, 72.09, 72.18, 73.73, 73.84, 73.91, 73.85, 73.59, 73.84, 73.91], [70.47, 70.49, 70.52, 70.57, 70.64, 70.74, 70.9, 71.19, 71.72, 72.16, 71.99, 71.78, 71.89, 73.69, 73.78, 73.05, 73.23, 73.25, 73.86, 73.91], [70.45, 70.46, 70.49, 70.52, 70.57, 70.63, 70.72, 70.85, 71.0, 70.97, 71.26, 71.25, 71.48, 71.85, 72.35, 72.71, 72.93, 73.01, 73.01, 72.96], [70.42, 70.43, 70.44, 70.46, 70.47, 70.49, 70.49, 70.44, 70.29, 70.43, 70.17, 70.22, 70.6, 70.93, 72.01, 72.39, 72.63, 72.76, 72.81, 72.8], [70.39, 70.39, 70.39, 70.39, 70.38, 70.34, 70.27, 70.11, 69.78, 69.49, 68.62, 69.62, 70.27, 70.71, 71.72, 72.11, 72.37, 72.53, 72.61, 72.64], [70.36, 70.36, 70.35, 70.33, 70.29, 70.23, 70.12, 69.93, 69.95, 69.32, 68.94, 69.57, 70.15, 70.58, 71.51, 71.88, 72.15, 72.32, 72.43, 72.49], [70.33, 70.32, 70.3, 70.27, 70.23, 70.16, 70.04, 69.87, 70.04, 69.73, 69.62, 69.85, 70.22, 70.55, 71.39, 71.73, 71.98, 72.16, 72.28, 72.36], [70.31, 70.29, 70.27, 70.23, 70.18, 70.11, 70.01, 70.38, 70.2, 70.04, 70.01, 70.13, 70.34, 70.58, 71.35, 71.63, 71.86, 72.03, 72.15, 72.24]]}