awsData/contour/speedOK.json
{"header": {"refTime": "2023-09-25T11:20:00.000Z", "nx": 21, "ny": 33, "lo1": 113.509, "la1": 22.2235, "lo2": 113.5947, "la2": 22.1034, "dx": 0.0042850000000001385, "dy": 0.003753125000000024, "parameterCategory": 0, "parameterCategoryName": "Temperature", "parameterNumber": 0}, "z": [[3.75597709161337, 3.7559366319950125, 3.7559148824906003, 3.755913825045664, 3.755936919704978, 3.7559904223480327, 3.7560859421117727, 3.7562450443951008, 3.7565058402670406, 3.7569260075850854, 3.757564699513059, 3.758436416361864, 3.759489714537811, 3.760645051211342, 3.7618343167937787, 3.7630105307414765, 3.764144014008094, 3.76521772048921, 3.7662239776368946, 3.767161968479326], [3.7556049179280286, 3.755560366716044, 3.7555323059619687, 3.7555214441065403, 3.7555292443682036, 3.755558885293659, 3.7556176385582214, 3.755722606406221, 3.7559134539389434, 3.75627267575004, 3.756917711206295, 3.7578908304052296, 3.7590898642446056, 3.76038409871877, 3.761687935503927, 3.762952541111912, 3.7641500708590643, 3.765266153120122, 3.7662964765863123, 3.7672441592834804], [3.755263461878961, 3.755219563615724, 3.755191029051689, 3.7551775755653938, 3.7551788732006846, 3.7551947537606685, 3.7552262957247176, 3.7552799134810906, 3.7553814986798417, 3.7556232025579903, 3.7562435113908768, 3.7573776202609688, 3.758773134355068, 3.7602232475045483, 3.761643030568477, 3.762991769558925, 3.7642462688440976, 3.76539544415549, 3.7664390064789535, 3.767385081183813], [3.7549538712003994, 3.7549160448024423, 3.7548939872953886, 3.754887117566324, 3.7548943413965064, 3.7549135021113638, 3.754940698114326, 3.7549702672124634, 3.754999085285915, 3.7550582905633556, 3.7555429519516212, 3.7569926641092852, 3.7586139734026234, 3.7602052498657663, 3.761724502672175, 3.7631442635494374, 3.764443580972226, 3.7656124865936906, 3.766654664305337, 3.767584624413157], [3.7546760907656482, 3.75464994876551, 3.754641673232157, 3.754651339566817, 3.754678781850632, 3.754722842348671, 3.754779923693701, 3.7548418824857115, 3.754895132269144, 3.754932038028776, 3.7553218224904983, 3.7569845939326063, 3.7586987914711343, 3.7603627476527364, 3.761947266925129, 3.763419398372155, 3.7647487688826033, 3.7659207127032626, 3.7669428775811333, 3.767838841971209], [3.754428801059554, 3.7544195960554987, 3.7544318001816266, 3.754467023236865, 3.7545277487215336, 3.754617187371897, 3.7547387148241858, 3.7548953850563955, 3.755094948426984, 3.7553974548887377, 3.7560951574657873, 3.757425176708477, 3.7590323152111056, 3.760688655942822, 3.76230494263792, 3.7638154989131545, 3.7651628498207863, 3.7663187541385, 3.7672976075137923, 3.7681382174509555], [3.7542095479924695, 3.7542217087585508, 3.7542596237974464, 3.754326841672556, 3.7544294354721215, 3.754576978115232, 3.7547837109611772, 3.755070257470516, 3.7554655060573507, 3.7560101365072778, 3.756820089977895, 3.7580189027987814, 3.759506995017927, 3.7611270824841583, 3.762764771428359, 3.764318023789145, 3.765681585699432, 3.766798985596153, 3.767704490525049, 3.768465222207613], [3.7540150357002466, 3.754051959675765, 3.7541189314026906, 3.7542211068371634, 3.754367792850958, 3.7545745325967617, 3.7548656527684345, 3.755277358550675, 3.7558590178432287, 3.756604177668014, 3.757432925809401, 3.758574656764448, 3.7599964557447265, 3.761594902834231, 3.763268324766788, 3.764897916268318, 3.7662999571984166, 3.7673435847558037, 3.7681355223186834, 3.768790925878838], [3.7538414847166544, 3.753905686497327, 3.7540034130320517, 3.7541403456739686, 3.7543273963893773, 3.7545836023189465, 3.754939002919397, 3.7554358077982966, 3.7561231696384008, 3.756975587690308, 3.7578602904326526, 3.7590074833432787, 3.7604097179169353, 3.7620053736947248, 3.7637274071295197, 3.7654893717112645, 3.7670367482693186, 3.76791222030059, 3.768539187092203, 3.769071168584057], [3.7536849116797533, 3.7537785099370073, 3.7539079341116914, 3.7540777644335654, 3.754298013659158, 3.75458776451679, 3.7549783561517445, 3.755511408024498, 3.7562207868044797, 3.757089705189068, 3.758093864794385, 3.7592906435207913, 3.760696455468925, 3.762285782576743, 3.7640254356163867, 3.765886936757006, 3.767860879158521, 3.7684463234187984, 3.7688118972178035, 3.769248026012603], [3.753541183954774, 3.753666581990402, 3.753829222977254, 3.7540307519620675, 3.7542773045977356, 3.754584164913476, 3.7549813428317287, 3.755514418560559, 3.7562271031005205, 3.757128250443107, 3.7582008913357177, 3.7594407643871595, 3.7608451132994105, 3.762400646921851, 3.7640833948295436, 3.7658409536082345, 3.7674567658819185, 3.768339787469342, 3.7688209543102515, 3.76927688677614], [3.7534057481943948, 3.7535662563326384, 3.753765611267892, 3.7540009346582135, 3.7542713854295546, 3.754583655456994, 3.7549622099737126, 3.755462788509225, 3.756164808014485, 3.7571021689633852, 3.7582289911992395, 3.7594944395915957, 3.760876793966705, 3.762365403240866, 3.7639366586587886, 3.7655150519799117, 3.7669141755160025, 3.7679199542668536, 3.7686076625938947, 3.7691676402368466], [3.753273021330423, 3.753473095958509, 3.7537156154356905, 3.75399246852583, 3.7542934090224587, 3.754610835553382, 3.7549528157896326, 3.7553774332984373, 3.7560415839445724, 3.7570378017809287, 3.7582258037521585, 3.7594996968095233, 3.760834022239618, 3.762228292260838, 3.763674605189745, 3.7651152970807713, 3.7664224890634355, 3.7674823602779153, 3.7683037398026524, 3.76897262164199], [3.7531355593505755, 3.753380315726742, 3.753675342158019, 3.7540081860760735, 3.7543589302152274, 3.7547023851255887, 3.7550170078886143, 3.755316000491236, 3.755867729057631, 3.757007690328776, 3.7582601345329256, 3.7595133444937003, 3.760768418829217, 3.762041712312508, 3.7633628198840734, 3.764717965619491, 3.765991707074838, 3.7670870647548327, 3.767991213491261, 3.7687449028634514], [3.7529832694220624, 3.7532770120406616, 3.7536350957399813, 3.7540436613835935, 3.7544760513970057, 3.754892595937906, 3.7552486462722983, 3.7555139010591745, 3.7559348842198887, 3.757186939533868, 3.758410757001776, 3.7595879762613196, 3.7607322658941027, 3.76185540104542, 3.7630333963326037, 3.7643629424776712, 3.765637563642381, 3.766756564706365, 3.767709876109109, 3.7685211094940256], [3.75280306883298, 3.753146811513608, 3.7535761415512408, 3.754080728213685, 3.754632668562993, 3.755183034058684, 3.755677715501238, 3.7561203715887257, 3.756717013983051, 3.7576539165623384, 3.758701315441095, 3.759746422572962, 3.76076974762425, 3.7617574998353556, 3.7627381585768243, 3.764120723459659, 3.765383975688685, 3.766503805813362, 3.7674783630537285, 3.768322305449533], [3.752579464997856, 3.7529677663258756, 3.753468946752597, 3.754082916692665, 3.7547885526303677, 3.755528919809377, 3.7562206800144713, 3.756833268164918, 3.7574653077231375, 3.758218530441361, 3.759066895950856, 3.759962805347176, 3.760884249624665, 3.7618265253008483, 3.7628548590111346, 3.7640483053614417, 3.7652380826081617, 3.76632972289534, 3.767301965626725, 3.7681578611822815], [3.7522964737021973, 3.752714388262386, 3.7532742724806103, 3.753993961815582, 3.754872998608999, 3.755854636939679, 3.7567844898026768, 3.7575223066515835, 3.7581297568655376, 3.758734829046231, 3.7594079327999186, 3.760169772750597, 3.7610152302873, 3.7619381625428527, 3.7629534118404147, 3.7640560449237164, 3.765169371966791, 3.76622045719992, 3.767175925421651, 3.7680287138377655], [3.7519410145255145, 3.7523626089832653, 3.7529489932742566, 3.7537406496563226, 3.7547774769264493, 3.756048162793346, 3.7573020793775393, 3.758116666659945, 3.75865233641797, 3.7591054482102457, 3.759622616029729, 3.7602815582760094, 3.7610824319230374, 3.761998402040515, 3.763004839378856, 3.764069013725328, 3.7651369285291785, 3.7661547969184292, 3.7670896664170237, 3.767930382285316], [3.7515072732046164, 3.7518976975011578, 3.7524591948091226, 3.753248630534207, 3.754350518922709, 3.755864924586872, 3.7576993508673393, 3.7584326880691314, 3.758932257515717, 3.75921716252604, 3.759600534542512, 3.760211035548978, 3.761020067330922, 3.7619644900337743, 3.7629916098457654, 3.76405675867516, 3.7651123225056327, 3.766113669017157, 3.767031442567536, 3.7678556777976984], [3.751000513689964, 3.751322887555336, 3.75179967837137, 3.7524837087760923, 3.7534683067803476, 3.7549022597158475, 3.756678545498465, 3.7580845429580165, 3.7588513329314264, 3.758892393578198, 3.7592156175374782, 3.759881143106778, 3.760783597709006, 3.761812413353624, 3.762900147363457, 3.764003953549884, 3.7650794970223593, 3.7660841196231325, 3.766991301513997, 3.7677964652230598], [3.750438117718761, 3.750663388389442, 3.7510083720215257, 3.751500520280215, 3.752186357002571, 3.7532400245534054, 3.754900294265084, 3.7566886280958833, 3.7577590140820982, 3.7578630886549718, 3.758356766623379, 3.759243845007402, 3.760357151571447, 3.7615329970046836, 3.7627202595706777, 3.763900791977162, 3.765030540007968, 3.76605956516881, 3.7669618976937564, 3.767743956429868], [3.7498464532259, 3.749960644254626, 3.750157340877489, 3.7504405584479996, 3.7508000578659964, 3.751201527035532, 3.752860338080521, 3.754380060647119, 3.755431861346415, 3.756109357882036, 3.7570055930345925, 3.758297086465283, 3.7597633475516687, 3.761124524429505, 3.7624377531351287, 3.7637378360124676, 3.764963275363356, 3.766039319660601, 3.7669373848060834, 3.7676870895145793], [3.749254807916999, 3.749258688869093, 3.74931826158325, 3.749436851464146, 3.7496331968228516, 3.7500657941543647, 3.7510073191854536, 3.7520640809173313, 3.7530015667068457, 3.7539501471372807, 3.75523228540382, 3.757042055762832, 3.7590672754143792, 3.7605494270784883, 3.762021697893623, 3.763502022463269, 3.764880476119919, 3.7660282698934817, 3.7669091173157527, 3.7676080976874826], [3.7486898787967955, 3.7485927377329102, 3.748534825426245, 3.74852708041301, 3.7486062433236147, 3.74886343291377, 3.7493500968566496, 3.749936295129442, 3.7506436021874543, 3.7516506569522075, 3.753131342235813, 3.755365355780416, 3.75782355670296, 3.759675674993169, 3.761437982276292, 3.7631735183955835, 3.7647858336361857, 3.7660346773060125, 3.766851793599551, 3.7674743992988082], [3.748173409686106, 3.747987395155225, 3.747828478899468, 3.74770951895445, 3.74765961299609, 3.747720357628546, 3.7478993649211803, 3.74813226983769, 3.7485613098926405, 3.749605330022696, 3.7509531771510787, 3.753626011926843, 3.7562354580565698, 3.7586118395957886, 3.760709199112778, 3.762708805562281, 3.7646374288409743, 3.766044664626641, 3.7666829606486742, 3.7672323850933402], [3.7477225019935627, 3.747460715010296, 3.74721510111518, 3.7469960434376306, 3.746823222964608, 3.7467227001262806, 3.7467186262857544, 3.7468564840406233, 3.74734751031621, 3.7483829156425528, 3.750047604168933, 3.7525424419519453, 3.7551802479046295, 3.757649062229551, 3.7599041227089995, 3.7620365545421586, 3.76407968489114, 3.7655731870107063, 3.7662415575026316, 3.7668295896869317], [3.7473505805128204, 3.7470273658927704, 3.7467107750792987, 3.7464077600839625, 3.746132023838378, 3.7459076872353547, 3.7457835621697733, 3.745877731847249, 3.7464177917128, 3.7475939932765026, 3.7494433303452355, 3.7518560389191835, 3.7544486240869155, 3.756835076453942, 3.7590784993770248, 3.7611890989137273, 3.7630945243279377, 3.764560194621781, 3.76552831011323, 3.7662725954992142], [3.7470677997308988, 3.746699143652631, 3.7463302164632197, 3.7459650084981573, 3.745612615445715, 3.7452930753235285, 3.7450565864271304, 3.745038817522377, 3.74554922483098, 3.7468755611262208, 3.7488729178724816, 3.751280868520287, 3.7538218637202667, 3.756098351265728, 3.758274542072472, 3.7603091163518156, 3.7621186442275816, 3.763596708958013, 3.764729931969044, 3.7656301865841404], [3.7468808502892186, 3.746484097994304, 3.7460840959803567, 3.7456831407808946, 3.745286799045413, 3.7449072494538465, 3.7445727079242257, 3.744362147135636, 3.7446572045288993, 3.746231743719453, 3.748398324304707, 3.750768188137041, 3.7531603668453597, 3.7554186287429348, 3.7575360170623, 3.759495932644524, 3.761245630562111, 3.762734068233865, 3.763958626536133, 3.7649737293082928], [3.746792577336798, 3.7463854570673227, 3.745976770943424, 3.7455692251797403, 3.7451682289376627, 3.744783522188784, 3.7444316476658983, 3.744139675821633, 3.744078916871187, 3.7459856602717614, 3.748175640385115, 3.7504419050344477, 3.7526998667756257, 3.7548678507602826, 3.756908076554078, 3.758795035792806, 3.760495525774947, 3.761982960523795, 3.7632575200916945, 3.764349335333687], [3.746801800670456, 3.7464010077340313, 3.7460048080871555, 3.7456185857132684, 3.745252003908334, 3.7449226823093897, 3.744666358916737, 3.7445782618785097, 3.7449989153532783, 3.746379225762495, 3.7482846146486866, 3.7503498186726714, 3.752440502099307, 3.754479081156178, 3.756417969181105, 3.7582249166122117, 3.7598733966980724, 3.7613462402026014, 3.762643266600789, 3.763782174639596]]}