awsData/contour/temp_2023092500.json
{"header": {"refTime": "2023-09-25T00:00:00.000Z", "nx": 21, "ny": 33, "lo1": 113.509, "la1": 22.2235, "lo2": 113.5947, "la2": 22.1034, "dx": 0.0042850000000001385, "dy": 0.003753125000000024, "parameterCategory": 0, "parameterCategoryName": "Temperature", "parameterNumber": 0}, "z": [[28.73, 28.72, 28.72, 28.49, 28.5, 28.72, 28.72, 28.72, 28.73, 28.66, 28.66, 28.67, 28.82, 28.83, 28.82, 28.82, 28.81, 28.81, 28.8, 28.8], [28.73, 28.73, 28.72, 28.72, 28.5, 28.51, 28.71, 28.72, 28.72, 28.67, 28.67, 28.68, 28.83, 28.84, 28.83, 28.82, 28.81, 28.8, 28.8, 28.79], [28.73, 28.73, 28.72, 28.72, 28.49, 28.51, 28.54, 28.71, 28.7, 28.67, 28.67, 28.7, 28.85, 28.85, 28.84, 28.82, 28.81, 28.8, 28.79, 28.79], [28.74, 28.73, 28.73, 28.72, 28.71, 28.5, 28.52, 28.56, 28.59, 28.65, 28.67, 28.73, 28.88, 28.75, 28.84, 28.82, 28.8, 28.79, 28.78, 28.78], [28.74, 28.74, 28.73, 28.73, 28.71, 28.48, 28.49, 28.5, 28.5, 28.61, 28.65, 28.77, 28.9, 28.78, 28.84, 28.81, 28.79, 28.78, 28.77, 28.77], [28.75, 28.74, 28.74, 28.73, 28.72, 28.7, 28.46, 28.46, 28.44, 28.4, 28.57, 28.7, 28.81, 28.9, 28.82, 28.79, 28.77, 28.75, 28.76, 28.77], [28.78, 28.75, 28.75, 28.75, 28.73, 28.71, 28.52, 28.44, 28.42, 28.35, 28.33, 28.58, 28.83, 28.85, 28.8, 28.78, 28.74, 28.73, 28.76, 28.77], [28.79, 28.79, 28.79, 28.79, 28.78, 28.6, 28.55, 28.5, 28.47, 28.33, 28.2, 28.52, 28.52, 28.85, 28.7, 28.7, 28.7, 28.7, 28.7, 28.7], [28.71, 28.72, 28.81, 28.82, 28.82, 28.8, 28.74, 28.53, 28.37, 28.37, 28.33, 28.42, 28.46, 28.4, 28.7, 28.7, 28.7, 28.7, 28.7, 28.7], [29.0, 29.0, 29.0, 28.77, 28.8, 28.89, 28.83, 28.74, 28.27, 28.29, 28.46, 28.36, 28.4, 28.38, 28.7, 28.7, 28.7, 28.7, 28.7, 28.7], [29.0, 29.0, 29.0, 29.0, 29.0, 29.0, 29.0, 29.0, 28.82, 28.36, 28.1, 28.33, 28.36, 28.36, 28.7, 28.7, 28.7, 28.7, 28.7, 28.7], [29.0, 29.0, 29.0, 29.0, 29.0, 29.0, 29.0, 29.0, 29.0, -999.0, 28.1, 28.7, 28.7, 28.34, 28.7, 28.7, 28.7, 28.02, 28.03, 28.04], [29.0, 29.0, 29.0, 29.0, 29.0, 29.0, 29.0, 29.0, 29.0, 29.0, -999.0, 28.7, 28.7, 27.92, 28.26, 28.26, 28.27, 28.12, 28.15, 28.16], [29.0, 29.0, 29.0, 29.0, 29.0, 29.0, 29.0, 29.0, 29.0, 29.0, -999.0, 27.5, 27.5, 27.5, 28.16, 28.16, 28.18, 28.03, 28.06, 28.09], [29.0, 29.0, 29.0, 29.0, 29.0, 29.0, 29.0, 28.7, 28.7, 28.7, 28.7, 28.24, 27.5, 27.5, 27.5, 28.05, 28.09, 27.95, 27.99, 28.03], [29.0, 29.0, 28.81, 28.81, 28.8, 28.7, 28.7, 28.7, 28.7, 28.7, 27.94, 28.03, 27.91, 27.82, 27.93, 27.94, 28.01, 27.89, 28.14, 28.18], [28.81, 28.81, 28.89, 28.89, 28.7, 28.7, 28.7, 28.7, 28.7, 28.7, 28.18, 28.04, 27.88, 27.73, 27.78, 27.73, 27.81, 27.87, 27.92, 27.95], [28.89, 28.89, 28.88, 28.88, 28.7, 28.7, 28.7, 28.7, 28.7, 28.4, 28.23, 28.05, 27.87, 27.79, 27.54, 27.7, 27.82, 27.89, 27.94, 27.97], [28.89, 28.88, 28.88, 28.7, 28.7, 28.7, 28.7, 28.7, 28.59, 28.47, 28.34, 28.19, 28.05, 27.88, 27.69, 27.77, 27.87, 27.93, 27.97, 27.99], [28.88, 28.88, 28.64, 28.65, 28.65, 28.65, 28.66, 28.68, 28.58, 28.48, 28.35, 28.23, 28.13, 28.03, 27.84, 27.89, 27.95, 28.0, 28.02, 28.03], [28.64, 28.64, 28.64, 28.66, 28.66, 28.66, 28.67, 28.67, 28.49, 28.44, 28.36, 28.27, 28.2, 27.94, 27.96, 28.01, 28.05, 28.07, 28.07, 28.07], [28.65, 28.65, 28.65, 28.66, 28.66, 28.66, 28.66, 28.7, 28.46, 28.42, 28.37, 28.31, 28.24, 28.01, 28.06, 28.11, 28.15, 28.15, 28.12, 28.1], [28.65, 28.65, 28.65, 28.71, 28.71, 28.71, 28.7, 28.7, 28.69, 28.69, 28.69, 28.66, 28.4, 28.07, 28.12, 28.2, 28.28, 28.23, 28.15, 28.12], [28.72, 28.72, 28.72, 28.72, 28.71, 28.71, 28.7, 28.69, 28.68, 28.67, 28.68, 28.7, 28.4, 28.37, 28.35, 28.23, 28.47, 28.2, 28.14, 28.12], [28.72, 28.72, 28.72, 28.72, 28.72, 28.71, 28.7, 28.69, 28.66, 28.64, 28.67, 28.7, 28.72, 28.37, 28.33, 28.3, 28.14, 28.03, 28.11, 28.11], [28.73, 28.73, 28.72, 28.72, 28.72, 28.72, 28.71, 28.69, 28.67, 28.65, 28.69, 28.72, 28.73, 28.36, 28.33, 28.33, 28.26, 28.22, 28.1, 28.1], [28.73, 28.73, 28.73, 28.73, 28.73, 28.72, 28.72, 28.72, 28.71, 28.71, 28.73, 28.74, 28.74, 28.48, 28.42, 28.36, 28.32, 28.29, 28.3, 28.32], [28.73, 28.73, 28.73, 28.73, 28.73, 28.73, 28.74, 28.74, 28.75, 28.78, 28.79, 28.65, 28.57, 28.49, 28.45, 28.4, 28.36, 28.34, 28.34, 28.34], [28.73, 28.73, 28.74, 28.74, 28.74, 28.74, 28.75, 28.76, 28.78, 28.83, 28.83, 28.71, 28.61, 28.52, 28.48, 28.44, 28.4, 28.38, 28.37, 28.37], [28.74, 28.74, 28.74, 28.74, 28.74, 28.75, 28.76, 28.77, 28.69, 28.75, 28.79, 28.71, 28.62, 28.54, 28.51, 28.46, 28.43, 28.41, 28.39, 28.39], [28.74, 28.74, 28.74, 28.74, 28.75, 28.75, 28.76, 28.78, 28.67, 28.7, 28.71, 28.67, 28.61, 28.55, 28.52, 28.48, 28.45, 28.43, 28.41, 28.41], [28.74, 28.74, 28.74, 28.75, 28.75, 28.76, 28.76, 28.62, 28.64, 28.66, 28.65, 28.63, 28.59, 28.54, 28.53, 28.49, 28.47, 28.45, 28.43, 28.42]]}