awsData/contour/temp_2023092418.json
{"header": {"refTime": "2023-09-24T18:00:00.000Z", "nx": 21, "ny": 33, "lo1": 113.509, "la1": 22.2235, "lo2": 113.5947, "la2": 22.1034, "dx": 0.0042850000000001385, "dy": 0.003753125000000024, "parameterCategory": 0, "parameterCategoryName": "Temperature", "parameterNumber": 0}, "z": [[30.11, 30.12, 30.12, 29.87, 29.89, 30.15, 30.16, 30.18, 30.19, 30.06, 30.04, 30.01, 30.31, 30.31, 30.0, 29.97, 30.0, 29.98, 29.96, 29.95], [30.11, 30.11, 30.12, 30.12, 29.89, 29.92, 30.17, 30.2, 30.21, 30.1, 30.05, 30.02, 30.3, 30.31, 30.0, 30.01, 29.98, 29.96, 29.94, 29.93], [30.11, 30.11, 30.11, 30.12, 29.88, 29.91, 29.97, 30.21, 30.28, 30.12, 30.04, 30.02, 30.3, 30.3, 30.05, 30.01, 29.96, 29.93, 29.91, 29.91], [30.11, 30.11, 30.11, 30.11, 30.11, 29.89, 29.93, 30.01, 30.08, 30.07, 30.01, 30.02, 30.28, 30.07, 30.05, 29.99, 29.93, 29.89, 29.88, 29.88], [30.1, 30.1, 30.1, 30.1, 30.1, 29.85, 29.87, 29.89, 29.89, 29.95, 29.94, 30.06, 30.15, 30.1, 30.05, 29.96, 29.87, 29.83, 29.82, 29.84], [30.1, 30.1, 30.1, 30.09, 30.09, 30.07, 29.81, 29.8, 29.76, 29.7, 29.9, 30.03, 30.11, 30.3, 30.04, 29.91, 29.78, 29.72, 29.75, 29.8], [30.02, 30.1, 30.1, 30.09, 30.08, 30.06, 29.75, 29.75, 29.71, 29.66, 29.65, 29.99, 30.37, 30.35, 30.03, 29.86, 29.64, 29.56, 29.55, 29.6], [30.03, 30.03, 30.03, 30.03, 30.02, 29.82, 29.78, 29.75, 29.77, 29.61, 29.4, 30.1, 30.11, 30.35, 29.81, 29.93, 29.69, 29.6, 29.74, 29.83], [29.97, 29.98, 30.05, 30.05, 30.06, 30.04, 29.99, 29.76, 29.61, 29.69, 29.7, 29.89, 29.98, 29.86, 29.84, 29.97, 29.83, 29.77, 29.81, 29.86], [30.2, 30.2, 30.2, 30.01, 30.04, 30.11, 30.06, 29.99, 29.46, 29.49, 29.99, 29.77, 29.84, 29.81, 29.84, 30.02, 29.93, 29.88, 29.88, 29.9], [30.2, 30.2, 30.2, 30.2, 30.2, 30.2, 30.2, 30.2, 30.06, 29.59, 29.2, 29.7, 29.75, 29.76, 29.83, 30.06, 29.99, 29.95, 29.94, 29.95], [30.2, 30.2, 30.2, 30.2, 30.2, 30.2, 30.2, 30.2, 30.2, -999.0, 29.2, 30.5, 30.5, 29.72, 29.82, 30.09, 30.05, 28.95, 28.96, 28.96], [30.2, 30.2, 30.2, 30.2, 30.2, 30.2, 30.2, 30.2, 30.2, 30.2, -999.0, 30.5, 30.5, 29.26, 29.81, 29.11, 29.11, 29.02, 29.03, 29.04], [30.2, 30.2, 30.2, 30.2, 30.2, 30.2, 30.2, 30.2, 30.2, 30.2, -999.0, 28.6, 28.6, 28.6, 29.64, 29.04, 29.05, 28.95, 28.98, 28.99], [30.2, 30.2, 30.2, 30.2, 30.2, 30.2, 30.2, 30.0, 30.0, 30.0, 30.0, 29.46, 28.6, 28.6, 28.6, 28.97, 28.99, 28.9, 28.93, 28.95], [30.2, 30.2, 30.07, 30.07, 30.07, 30.0, 30.0, 30.0, 30.0, 30.0, 29.12, 29.22, 29.08, 28.97, 29.1, 28.75, 28.77, 28.73, 28.92, 28.94], [30.07, 30.07, 30.13, 30.13, 30.0, 30.0, 30.0, 30.0, 30.0, 30.0, 29.4, 29.22, 29.04, 28.87, 28.81, 28.7, 28.74, 28.77, 28.79, 28.81], [30.13, 30.13, 30.12, 30.12, 30.0, 30.0, 30.0, 30.0, 30.0, 29.64, 29.46, 29.25, 29.03, 28.83, 28.63, 28.69, 28.75, 28.78, 28.8, 28.81], [30.12, 30.12, 30.12, 30.0, 30.0, 30.0, 30.0, 30.0, 29.87, 29.73, 29.5, 29.33, 29.06, 28.89, 28.69, 28.72, 28.77, 28.8, 28.82, 28.83], [30.12, 30.12, 29.71, 29.73, 29.75, 29.77, 29.81, 29.92, 29.81, 29.67, 29.51, 29.36, 29.11, 28.99, 28.75, 28.78, 28.8, 28.82, 28.84, 28.84], [29.7, 29.7, 29.71, 29.79, 29.8, 29.82, 29.84, 29.86, 29.67, 29.6, 29.49, 29.39, 29.14, 28.8, 28.81, 28.83, 28.84, 28.86, 28.86, 28.86], [29.77, 29.77, 29.77, 29.78, 29.78, 29.78, 29.79, 29.86, 29.58, 29.54, 29.47, 29.4, 29.02, 28.83, 28.85, 28.87, 28.88, 28.89, 28.88, 28.88], [29.76, 29.76, 29.76, 29.87, 29.86, 29.85, 29.84, 29.82, 29.8, 29.79, 29.8, 29.52, 29.16, 28.86, 28.88, 28.9, 28.92, 28.92, 28.9, 28.89], [29.88, 29.88, 29.87, 29.86, 29.85, 29.84, 29.81, 29.78, 29.74, 29.72, 29.75, 29.55, 29.17, 29.11, 29.06, 28.92, 28.97, 28.93, 28.91, 28.9], [29.88, 29.88, 29.87, 29.86, 29.85, 29.83, 29.8, 29.76, 29.67, 29.6, 29.71, 29.58, 29.55, 29.11, 29.06, 29.02, 28.92, 28.91, 28.91, 28.9], [29.88, 29.88, 29.87, 29.86, 29.85, 29.84, 29.81, 29.77, 29.69, 29.62, 29.62, 29.63, 29.6, 29.12, 29.07, 29.14, 29.08, 29.06, 28.9, 28.9], [29.88, 29.88, 29.87, 29.87, 29.86, 29.85, 29.83, 29.81, 29.79, 29.79, 29.72, 29.71, 29.66, 29.4, 29.29, 29.21, 29.15, 29.13, 29.13, 29.14], [29.88, 29.88, 29.88, 29.88, 29.87, 29.87, 29.87, 29.87, 29.89, 29.84, 29.87, 29.8, 29.71, 29.61, 29.36, 29.27, 29.22, 29.19, 29.18, 29.18], [29.89, 29.89, 29.89, 29.89, 29.89, 29.89, 29.9, 29.92, 29.96, 29.98, 30.09, 29.9, 29.77, 29.66, 29.42, 29.34, 29.28, 29.24, 29.22, 29.22], [29.89, 29.89, 29.89, 29.89, 29.9, 29.9, 29.92, 29.94, 29.86, 29.96, 30.03, 29.91, 29.79, 29.69, 29.46, 29.38, 29.33, 29.29, 29.26, 29.25], [29.89, 29.9, 29.9, 29.9, 29.91, 29.91, 29.93, 29.95, 29.83, 29.89, 29.9, 29.85, 29.77, 29.69, 29.49, 29.42, 29.36, 29.32, 29.3, 29.28], [29.9, 29.9, 29.9, 29.91, 29.91, 29.92, 29.93, 29.77, 29.8, 29.82, 29.82, 29.79, 29.74, 29.69, 29.5, 29.44, 29.39, 29.35, 29.33, 29.31]]}