awsData/contour/temp_2023092509.json
{"header": {"refTime": "2023-09-25T09:00:00.000Z", "nx": 21, "ny": 33, "lo1": 113.509, "la1": 22.2235, "lo2": 113.5947, "la2": 22.1034, "dx": 0.0042850000000001385, "dy": 0.003753125000000024, "parameterCategory": 0, "parameterCategoryName": "Temperature", "parameterNumber": 0}, "z": [[29.12, 29.11, 29.11, 28.82, 28.83, 29.16, 29.15, 29.15, 29.15, 29.04, 29.07, 29.09, 29.35, 29.37, 29.38, 29.37, 29.45, 29.44, 29.44, 29.43], [29.12, 29.12, 29.11, 29.1, 28.83, 28.84, 29.14, 29.12, 29.11, 29.04, 29.07, 29.11, 29.37, 29.39, 29.39, 29.46, 29.45, 29.44, 29.43, 29.43], [29.13, 29.12, 29.12, 29.11, 28.83, 28.84, 28.86, 29.1, 29.03, 29.03, 29.08, 29.15, 29.42, 29.43, 29.48, 29.46, 29.44, 29.43, 29.42, 29.42], [29.13, 29.13, 29.12, 29.11, 29.1, 28.83, 28.85, 28.88, 28.91, 29.03, 29.1, 29.22, 29.49, 29.33, 29.49, 29.46, 29.43, 29.42, 29.41, 29.41], [29.14, 29.14, 29.13, 29.12, 29.11, 28.82, 28.83, 28.84, 28.83, 29.0, 29.09, 29.35, 29.55, 29.38, 29.49, 29.44, 29.42, 29.4, 29.4, 29.4], [29.15, 29.15, 29.14, 29.14, 29.13, 29.11, 28.82, 28.82, 28.79, 28.73, 29.05, 29.25, 29.42, 29.57, 29.47, 29.42, 29.39, 29.37, 29.38, 29.39], [29.22, 29.16, 29.16, 29.15, 29.15, 29.13, 28.92, 28.83, 28.8, 28.74, 28.69, 29.08, 29.47, 29.5, 29.44, 29.4, 29.35, 29.33, 29.37, 29.4], [29.23, 29.23, 29.23, 29.23, 29.22, 28.99, 28.96, 28.93, 28.94, 28.69, 28.47, 28.99, 29.0, 29.5, 29.3, 29.3, 29.3, 29.3, 29.3, 29.3], [29.17, 29.18, 29.25, 29.25, 29.26, 29.24, 29.19, 28.94, 28.78, 28.77, 28.68, 28.83, 28.9, 28.81, 29.3, 29.3, 29.3, 29.3, 29.3, 29.3], [29.4, 29.4, 29.4, 29.21, 29.24, 29.31, 29.26, 29.19, 28.6, 28.64, 28.91, 28.74, 28.79, 28.77, 29.3, 29.3, 29.3, 29.3, 29.3, 29.3], [29.4, 29.4, 29.4, 29.4, 29.4, 29.4, 29.4, 29.4, 29.26, 28.76, 28.3, 28.68, 28.73, 28.73, 29.3, 29.3, 29.3, 29.3, 29.3, 29.3], [29.4, 29.4, 29.4, 29.4, 29.4, 29.4, 29.4, 29.4, 29.4, -999.0, 28.3, 29.3, 29.3, 28.7, 29.3, 29.3, 29.3, 28.9, 28.91, 28.91], [29.4, 29.4, 29.4, 29.4, 29.4, 29.4, 29.4, 29.4, 29.4, 29.4, -999.0, 29.3, 29.3, 28.84, 29.04, 29.05, 29.05, 28.96, 28.98, 28.98], [29.4, 29.4, 29.4, 29.4, 29.4, 29.4, 29.4, 29.4, 29.4, 29.4, -999.0, 28.6, 28.6, 28.6, 28.98, 28.99, 29.0, 28.91, 28.93, 28.94], [29.4, 29.4, 29.4, 29.4, 29.4, 29.4, 29.4, 29.6, 29.6, 29.6, 29.6, 29.22, 28.6, 28.6, 28.6, 28.92, 28.94, 28.86, 28.89, 28.91], [29.4, 29.4, 29.53, 29.53, 29.53, 29.6, 29.6, 29.6, 29.6, 29.6, 28.97, 29.04, 28.95, 28.86, 28.96, 28.89, 28.94, 28.86, 29.0, 29.03], [29.53, 29.53, 29.47, 29.47, 29.6, 29.6, 29.6, 29.6, 29.6, 29.6, 29.17, 29.05, 28.92, 28.8, 28.81, 29.17, 29.38, 29.54, 29.66, 29.75], [29.47, 29.47, 29.48, 29.48, 29.6, 29.6, 29.6, 29.6, 29.6, 29.35, 29.21, 29.06, 28.91, 28.82, 28.63, 29.11, 29.4, 29.59, 29.71, 29.8], [29.48, 29.48, 29.48, 29.6, 29.6, 29.6, 29.6, 29.6, 29.51, 29.41, 29.35, 29.23, 29.02, 28.89, 29.06, 29.27, 29.51, 29.68, 29.79, 29.87], [29.48, 29.48, 29.71, 29.71, 29.7, 29.69, 29.67, 29.63, 29.53, 29.46, 29.37, 29.27, 29.08, 29.0, 29.43, 29.54, 29.7, 29.82, 29.9, 29.95], [29.72, 29.72, 29.72, 29.68, 29.68, 29.67, 29.67, 29.66, 29.49, 29.46, 29.4, 29.32, 29.13, 29.66, 29.7, 29.79, 29.89, 29.97, 30.03, 30.05], [29.69, 29.69, 29.69, 29.69, 29.69, 29.69, 29.68, 29.98, 29.5, 29.48, 29.43, 29.37, 29.25, 29.84, 29.9, 29.97, 30.04, 30.11, 30.16, 30.16], [29.7, 29.7, 29.7, 30.13, 30.11, 30.09, 30.06, 30.05, 30.04, 30.05, 30.08, 29.64, 30.26, 29.98, 30.04, 30.09, 30.09, 30.23, 30.3, 30.27], [30.19, 30.18, 30.17, 30.16, 30.15, 30.13, 30.11, 30.08, 30.05, 30.04, 30.09, 30.1, 30.25, 30.32, 30.36, 30.2, 29.88, 30.52, 30.48, 30.37], [30.21, 30.21, 30.21, 30.2, 30.19, 30.18, 30.16, 30.11, 30.02, 29.94, 30.09, 30.14, 30.13, 30.33, 30.4, 30.48, 30.67, 31.0, 30.6, 30.43], [30.24, 30.24, 30.24, 30.24, 30.24, 30.23, 30.22, 30.18, 30.08, 29.99, 30.15, 30.24, 30.22, 30.34, 30.43, 30.77, 30.84, 30.91, 30.55, 30.43], [30.26, 30.27, 30.27, 30.28, 30.29, 30.29, 30.3, 30.3, 30.29, 30.33, 30.39, 30.4, 30.34, 30.89, 30.84, 30.82, 30.84, 30.85, 30.85, 30.83], [30.28, 30.29, 30.3, 30.32, 30.33, 30.36, 30.39, 30.44, 30.52, 30.65, 30.73, 30.99, 31.0, 31.05, 30.89, 30.86, 30.85, 30.85, 30.84, 30.83], [30.3, 30.32, 30.33, 30.35, 30.38, 30.41, 30.47, 30.55, 30.7, 30.94, 31.28, 31.12, 31.06, 31.07, 30.93, 30.89, 30.87, 30.86, 30.85, 30.84], [30.32, 30.34, 30.35, 30.38, 30.41, 30.45, 30.52, 30.61, 31.01, 31.15, 31.23, 31.14, 31.09, 31.08, 30.95, 30.91, 30.89, 30.87, 30.86, 30.85], [30.34, 30.35, 30.37, 30.4, 30.43, 30.48, 30.54, 30.62, 31.02, 31.09, 31.12, 31.11, 31.09, 31.08, 30.97, 30.93, 30.9, 30.88, 30.87, 30.86], [30.35, 30.37, 30.39, 30.42, 30.45, 30.49, 30.54, 30.97, 31.01, 31.05, 31.08, 31.08, 31.08, 31.08, 30.97, 30.94, 30.91, 30.9, 30.88, 30.87]]}