awsData/contour/temp_2023092504.json
{"header": {"refTime": "2023-09-25T04:00:00.000Z", "nx": 21, "ny": 33, "lo1": 113.509, "la1": 22.2235, "lo2": 113.5947, "la2": 22.1034, "dx": 0.0042850000000001385, "dy": 0.003753125000000024, "parameterCategory": 0, "parameterCategoryName": "Temperature", "parameterNumber": 0}, "z": [[28.6, 28.59, 28.59, 28.36, 28.37, 28.62, 28.62, 28.62, 28.63, 28.54, 28.54, 28.55, 28.74, 28.75, 28.75, 28.75, 28.78, 28.77, 28.77, 28.77], [28.6, 28.6, 28.59, 28.59, 28.37, 28.39, 28.61, 28.62, 28.62, 28.55, 28.55, 28.56, 28.75, 28.76, 28.76, 28.78, 28.77, 28.77, 28.77, 28.76], [28.6, 28.6, 28.59, 28.59, 28.37, 28.39, 28.42, 28.61, 28.6, 28.55, 28.55, 28.58, 28.77, 28.78, 28.79, 28.78, 28.77, 28.77, 28.76, 28.76], [28.6, 28.6, 28.6, 28.59, 28.59, 28.37, 28.4, 28.44, 28.48, 28.53, 28.55, 28.61, 28.8, 28.66, 28.79, 28.78, 28.77, 28.76, 28.76, 28.75], [28.61, 28.6, 28.6, 28.59, 28.59, 28.35, 28.37, 28.38, 28.37, 28.48, 28.52, 28.67, 28.8, 28.69, 28.79, 28.77, 28.76, 28.75, 28.75, 28.75], [28.61, 28.61, 28.6, 28.6, 28.59, 28.58, 28.34, 28.33, 28.31, 28.26, 28.46, 28.6, 28.71, 28.83, 28.78, 28.76, 28.74, 28.74, 28.74, 28.74], [28.62, 28.61, 28.61, 28.61, 28.6, 28.58, 28.37, 28.32, 28.29, 28.23, 28.2, 28.49, 28.79, 28.8, 28.77, 28.75, 28.73, 28.72, 28.74, 28.75], [28.63, 28.63, 28.63, 28.63, 28.62, 28.44, 28.4, 28.37, 28.36, 28.2, 28.03, 28.45, 28.46, 28.8, 28.7, 28.7, 28.7, 28.7, 28.7, 28.7], [28.57, 28.58, 28.65, 28.65, 28.66, 28.64, 28.59, 28.39, 28.24, 28.25, 28.21, 28.33, 28.38, 28.31, 28.7, 28.7, 28.7, 28.7, 28.7, 28.7], [28.8, 28.8, 28.8, 28.61, 28.64, 28.71, 28.66, 28.59, 28.12, 28.14, 28.39, 28.25, 28.3, 28.27, 28.7, 28.7, 28.7, 28.7, 28.7, 28.7], [28.8, 28.8, 28.8, 28.8, 28.8, 28.8, 28.8, 28.8, 28.66, 28.23, 27.9, 28.2, 28.24, 28.24, 28.7, 28.7, 28.7, 28.7, 28.7, 28.7], [28.8, 28.8, 28.8, 28.8, 28.8, 28.8, 28.8, 28.8, 28.8, -999.0, 27.9, 28.7, 28.7, 28.22, 28.7, 28.7, 28.7, 27.9, 27.92, 27.93], [28.8, 28.8, 28.8, 28.8, 28.8, 28.8, 28.8, 28.8, 28.8, 28.8, -999.0, 28.7, 28.7, 27.79, 28.19, 28.19, 28.2, 28.03, 28.05, 28.07], [28.8, 28.8, 28.8, 28.8, 28.8, 28.8, 28.8, 28.8, 28.8, 28.8, -999.0, 27.3, 27.3, 27.3, 28.07, 28.07, 28.1, 27.92, 27.96, 27.99], [28.8, 28.8, 28.8, 28.8, 28.8, 28.8, 28.8, 28.6, 28.6, 28.6, 28.6, 28.1, 27.3, 27.3, 27.3, 27.94, 27.98, 27.82, 27.87, 27.91], [28.8, 28.8, 28.67, 28.67, 28.67, 28.6, 28.6, 28.6, 28.6, 28.6, 27.78, 27.87, 27.75, 27.64, 27.76, 27.74, 27.81, 27.69, 27.99, 28.04], [28.67, 28.67, 28.73, 28.73, 28.6, 28.6, 28.6, 28.6, 28.6, 28.6, 28.04, 27.88, 27.71, 27.55, 27.59, 27.56, 27.65, 27.72, 27.77, 27.8], [28.73, 28.73, 28.72, 28.72, 28.6, 28.6, 28.6, 28.6, 28.6, 28.27, 28.1, 27.9, 27.7, 27.6, 27.34, 27.53, 27.66, 27.74, 27.79, 27.83], [28.72, 28.72, 28.72, 28.6, 28.6, 28.6, 28.6, 28.6, 28.48, 28.35, 28.19, 28.02, 27.87, 27.7, 27.51, 27.61, 27.71, 27.79, 27.83, 27.86], [28.72, 28.72, 28.49, 28.49, 28.5, 28.51, 28.53, 28.57, 28.46, 28.34, 28.2, 28.07, 27.96, 27.86, 27.68, 27.74, 27.81, 27.86, 27.88, 27.9], [28.48, 28.48, 28.48, 28.52, 28.52, 28.53, 28.53, 28.54, 28.35, 28.29, 28.21, 28.11, 28.03, 27.79, 27.82, 27.86, 27.91, 27.94, 27.94, 27.94], [28.51, 28.51, 28.51, 28.51, 28.51, 28.51, 28.52, 28.57, 28.3, 28.27, 28.21, 28.14, 28.04, 27.87, 27.92, 27.98, 28.02, 28.02, 28.0, 27.97], [28.5, 28.5, 28.5, 28.58, 28.57, 28.57, 28.56, 28.55, 28.54, 28.54, 28.55, 28.49, 28.26, 27.93, 27.99, 28.07, 28.14, 28.1, 28.04, 28.0], [28.59, 28.58, 28.58, 28.58, 28.57, 28.57, 28.55, 28.54, 28.52, 28.51, 28.53, 28.52, 28.26, 28.24, 28.22, 28.11, 28.32, 28.1, 28.04, 28.01], [28.59, 28.59, 28.58, 28.58, 28.57, 28.57, 28.55, 28.53, 28.49, 28.45, 28.51, 28.53, 28.54, 28.23, 28.21, 28.19, 28.05, 27.97, 28.01, 28.0], [28.59, 28.59, 28.59, 28.58, 28.58, 28.57, 28.56, 28.54, 28.5, 28.46, 28.51, 28.55, 28.56, 28.23, 28.2, 28.23, 28.17, 28.14, 28.0, 28.0], [28.59, 28.59, 28.59, 28.59, 28.58, 28.58, 28.57, 28.57, 28.55, 28.56, 28.57, 28.59, 28.58, 28.38, 28.32, 28.27, 28.22, 28.2, 28.21, 28.22], [28.59, 28.59, 28.59, 28.59, 28.59, 28.59, 28.59, 28.6, 28.61, 28.63, 28.65, 28.53, 28.46, 28.39, 28.36, 28.31, 28.27, 28.25, 28.24, 28.25], [28.6, 28.6, 28.6, 28.6, 28.6, 28.6, 28.61, 28.62, 28.65, 28.7, 28.73, 28.6, 28.5, 28.42, 28.39, 28.34, 28.3, 28.28, 28.27, 28.27], [28.6, 28.6, 28.6, 28.6, 28.61, 28.61, 28.62, 28.64, 28.57, 28.64, 28.69, 28.6, 28.51, 28.44, 28.41, 28.37, 28.33, 28.31, 28.3, 28.29], [28.6, 28.6, 28.61, 28.61, 28.61, 28.62, 28.63, 28.64, 28.56, 28.59, 28.6, 28.56, 28.5, 28.45, 28.42, 28.38, 28.35, 28.33, 28.32, 28.31], [28.6, 28.61, 28.61, 28.61, 28.62, 28.62, 28.63, 28.51, 28.53, 28.54, 28.54, 28.52, 28.49, 28.44, 28.43, 28.4, 28.37, 28.35, 28.33, 28.33]]}