awsData/contour/temp_2023092421.json
{"header": {"refTime": "2023-09-24T21:00:00.000Z", "nx": 21, "ny": 33, "lo1": 113.509, "la1": 22.2235, "lo2": 113.5947, "la2": 22.1034, "dx": 0.0042850000000001385, "dy": 0.003753125000000024, "parameterCategory": 0, "parameterCategoryName": "Temperature", "parameterNumber": 0}, "z": [[29.0, 29.0, 29.0, 28.8, 28.82, 29.04, 29.05, 29.06, 29.07, 29.02, 29.01, 29.01, 29.16, 29.16, 29.1, 29.08, 29.04, 29.03, 29.02, 29.02], [29.0, 29.0, 29.0, 29.0, 28.81, 28.84, 29.05, 29.06, 29.08, 29.03, 29.02, 29.02, 29.16, 29.17, 29.1, 29.06, 29.04, 29.02, 29.01, 29.01], [29.0, 29.0, 29.0, 29.0, 28.81, 28.83, 28.87, 29.07, 29.09, 29.04, 29.02, 29.03, 29.18, 29.18, 29.08, 29.05, 29.03, 29.01, 29.0, 29.0], [29.0, 29.0, 29.0, 29.0, 29.0, 28.81, 28.84, 28.9, 28.95, 29.01, 29.01, 29.06, 29.2, 29.05, 29.09, 29.05, 29.01, 28.99, 28.99, 28.98], [29.01, 29.0, 29.0, 29.0, 28.99, 28.78, 28.8, 28.81, 28.81, 28.95, 28.98, 29.07, 29.2, 29.08, 29.08, 29.03, 28.99, 28.97, 28.96, 28.97], [29.01, 29.01, 29.0, 29.0, 28.99, 28.97, 28.75, 28.74, 28.73, 28.69, 28.87, 29.0, 29.11, 29.2, 29.06, 29.0, 28.95, 28.92, 28.93, 28.95], [28.98, 29.01, 29.01, 29.0, 28.99, 28.96, 28.75, 28.7, 28.68, 28.62, 28.61, 28.88, 29.13, 29.15, 29.04, 28.97, 28.89, 28.86, 28.89, 28.92], [28.99, 28.99, 28.99, 28.99, 28.98, 28.82, 28.77, 28.72, 28.68, 28.6, 28.49, 28.82, 28.82, 29.15, 28.87, 28.9, 28.85, 28.84, 28.86, 28.88], [28.91, 28.92, 29.01, 29.02, 29.02, 29.0, 28.94, 28.75, 28.6, 28.64, 28.63, 28.72, 28.76, 28.7, 28.88, 28.9, 28.88, 28.87, 28.87, 28.88], [29.2, 29.2, 29.2, 28.97, 29.0, 29.09, 29.03, 28.94, 28.53, 28.55, 28.76, 28.66, 28.7, 28.68, 28.88, 28.91, 28.9, 28.89, 28.89, 28.89], [29.2, 29.2, 29.2, 29.2, 29.2, 29.2, 29.2, 29.2, 29.02, 28.6, 28.4, 28.63, 28.66, 28.66, 28.88, 28.92, 28.91, 28.9, 28.9, 28.9], [29.2, 29.2, 29.2, 29.2, 29.2, 29.2, 29.2, 29.2, 29.2, -999.0, 28.4, 29.0, 29.0, 28.64, 28.88, 28.93, 28.92, 28.23, 28.25, 28.25], [29.2, 29.2, 29.2, 29.2, 29.2, 29.2, 29.2, 29.2, 29.2, 29.2, -999.0, 29.0, 29.0, 28.22, 28.56, 28.44, 28.44, 28.32, 28.34, 28.35], [29.2, 29.2, 29.2, 29.2, 29.2, 29.2, 29.2, 29.2, 29.2, 29.2, -999.0, 27.8, 27.8, 27.8, 28.46, 28.35, 28.37, 28.24, 28.27, 28.29], [29.2, 29.2, 29.2, 29.2, 29.2, 29.2, 29.2, 29.1, 29.1, 29.1, 29.1, 28.6, 27.8, 27.8, 27.8, 28.26, 28.29, 28.17, 28.21, 28.24], [29.2, 29.2, 29.14, 29.14, 29.13, 29.1, 29.1, 29.1, 29.1, 29.1, 28.28, 28.37, 28.25, 28.14, 28.26, 28.17, 28.22, 28.12, 28.33, 28.37], [29.14, 29.14, 29.16, 29.16, 29.1, 29.1, 29.1, 29.1, 29.1, 29.1, 28.54, 28.38, 28.21, 28.05, 28.07, 28.04, 28.12, 28.19, 28.24, 28.27], [29.16, 29.16, 29.16, 29.16, 29.1, 29.1, 29.1, 29.1, 29.1, 28.77, 28.6, 28.4, 28.2, 28.08, 27.84, 28.01, 28.13, 28.21, 28.26, 28.29], [29.16, 29.16, 29.16, 29.1, 29.1, 29.1, 29.1, 29.1, 28.98, 28.85, 28.69, 28.52, 28.34, 28.17, 28.0, 28.08, 28.19, 28.25, 28.3, 28.32], [29.16, 29.16, 28.99, 28.99, 29.0, 29.01, 29.03, 29.07, 28.96, 28.84, 28.7, 28.57, 28.41, 28.31, 28.16, 28.21, 28.27, 28.32, 28.34, 28.36], [28.98, 28.98, 28.98, 29.02, 29.02, 29.03, 29.03, 29.04, 28.85, 28.79, 28.71, 28.61, 28.48, 28.25, 28.28, 28.32, 28.37, 28.39, 28.4, 28.4], [29.01, 29.01, 29.01, 29.01, 29.01, 29.01, 29.02, 29.1, 28.8, 28.77, 28.71, 28.64, 28.48, 28.33, 28.37, 28.42, 28.46, 28.47, 28.45, 28.43], [29.0, 29.0, 29.0, 29.13, 29.12, 29.11, 29.1, 29.09, 29.08, 29.08, 29.09, 28.93, 28.72, 28.39, 28.44, 28.5, 28.56, 28.54, 28.49, 28.46], [29.14, 29.14, 29.14, 29.13, 29.12, 29.11, 29.1, 29.08, 29.05, 29.04, 29.07, 29.03, 28.72, 28.69, 28.67, 28.54, 28.68, 28.55, 28.5, 28.47], [29.15, 29.15, 29.14, 29.14, 29.13, 29.12, 29.1, 29.07, 29.02, 28.97, 29.05, 29.04, 29.04, 28.69, 28.67, 28.64, 28.52, 28.48, 28.49, 28.47], [29.15, 29.15, 29.15, 29.14, 29.14, 29.13, 29.12, 29.09, 29.04, 28.99, 29.04, 29.07, 29.07, 28.7, 28.67, 28.73, 28.67, 28.64, 28.48, 28.47], [29.16, 29.16, 29.16, 29.15, 29.15, 29.15, 29.14, 29.13, 29.12, 29.13, 29.13, 29.13, 29.12, 28.92, 28.84, 28.78, 28.73, 28.71, 28.71, 28.73], [29.16, 29.16, 29.16, 29.16, 29.17, 29.17, 29.17, 29.18, 29.21, 29.22, 29.25, 29.16, 29.08, 29.0, 28.89, 28.83, 28.78, 28.76, 28.75, 28.76], [29.17, 29.17, 29.17, 29.17, 29.18, 29.19, 29.2, 29.22, 29.27, 29.33, 29.41, 29.25, 29.13, 29.04, 28.93, 28.87, 28.83, 28.8, 28.79, 28.78], [29.17, 29.17, 29.18, 29.18, 29.19, 29.2, 29.22, 29.24, 29.21, 29.3, 29.35, 29.25, 29.15, 29.06, 28.97, 28.91, 28.86, 28.84, 28.82, 28.81], [29.18, 29.18, 29.18, 29.19, 29.2, 29.21, 29.23, 29.25, 29.19, 29.23, 29.25, 29.2, 29.14, 29.07, 28.98, 28.93, 28.89, 28.86, 28.84, 28.83], [29.18, 29.18, 29.19, 29.19, 29.2, 29.21, 29.23, 29.13, 29.16, 29.18, 29.18, 29.16, 29.11, 29.07, 28.99, 28.95, 28.91, 28.88, 28.87, 28.85]]}