awsData/contour/temp_2023092505.json
{"header": {"refTime": "2023-09-25T05:00:00.000Z", "nx": 21, "ny": 33, "lo1": 113.509, "la1": 22.2235, "lo2": 113.5947, "la2": 22.1034, "dx": 0.0042850000000001385, "dy": 0.003753125000000024, "parameterCategory": 0, "parameterCategoryName": "Temperature", "parameterNumber": 0}, "z": [[28.43, 28.42, 28.42, 28.16, 28.17, 28.44, 28.44, 28.44, 28.45, 28.37, 28.37, 28.38, 28.58, 28.59, 28.59, 28.59, 28.61, 28.61, 28.6, 28.6], [28.43, 28.43, 28.42, 28.42, 28.17, 28.19, 28.43, 28.43, 28.44, 28.37, 28.38, 28.4, 28.6, 28.61, 28.6, 28.62, 28.61, 28.6, 28.6, 28.59], [28.43, 28.43, 28.42, 28.42, 28.17, 28.19, 28.22, 28.42, 28.41, 28.37, 28.39, 28.42, 28.62, 28.63, 28.64, 28.62, 28.61, 28.6, 28.59, 28.59], [28.44, 28.43, 28.43, 28.42, 28.41, 28.17, 28.2, 28.24, 28.28, 28.36, 28.39, 28.46, 28.66, 28.51, 28.64, 28.62, 28.6, 28.59, 28.58, 28.58], [28.44, 28.44, 28.43, 28.43, 28.41, 28.15, 28.17, 28.18, 28.17, 28.31, 28.36, 28.53, 28.69, 28.55, 28.64, 28.61, 28.59, 28.58, 28.57, 28.57], [28.45, 28.44, 28.44, 28.43, 28.42, 28.4, 28.14, 28.13, 28.11, 28.06, 28.3, 28.45, 28.58, 28.7, 28.62, 28.59, 28.57, 28.55, 28.56, 28.57], [28.48, 28.45, 28.45, 28.45, 28.43, 28.41, 28.2, 28.12, 28.09, 28.03, 28.0, 28.32, 28.63, 28.65, 28.6, 28.58, 28.54, 28.53, 28.56, 28.57], [28.49, 28.49, 28.49, 28.49, 28.48, 28.28, 28.23, 28.18, 28.16, 28.0, 27.83, 28.25, 28.26, 28.65, 28.5, 28.5, 28.5, 28.5, 28.5, 28.5], [28.41, 28.42, 28.51, 28.52, 28.52, 28.5, 28.44, 28.21, 28.04, 28.05, 28.01, 28.13, 28.18, 28.11, 28.5, 28.5, 28.5, 28.5, 28.5, 28.5], [28.7, 28.7, 28.7, 28.47, 28.5, 28.59, 28.53, 28.44, 27.92, 27.94, 28.19, 28.05, 28.1, 28.07, 28.5, 28.5, 28.5, 28.5, 28.5, 28.5], [28.7, 28.7, 28.7, 28.7, 28.7, 28.7, 28.7, 28.7, 28.52, 28.03, 27.7, 28.0, 28.04, 28.04, 28.5, 28.5, 28.5, 28.5, 28.5, 28.5], [28.7, 28.7, 28.7, 28.7, 28.7, 28.7, 28.7, 28.7, 28.7, -999.0, 27.7, 28.5, 28.5, 28.02, 28.5, 28.5, 28.5, 27.76, 27.78, 27.78], [28.7, 28.7, 28.7, 28.7, 28.7, 28.7, 28.7, 28.7, 28.7, 28.7, -999.0, 28.5, 28.5, 27.65, 28.02, 28.03, 28.04, 27.88, 27.9, 27.91], [28.7, 28.7, 28.7, 28.7, 28.7, 28.7, 28.7, 28.7, 28.7, 28.7, -999.0, 27.2, 27.2, 27.2, 27.91, 27.92, 27.94, 27.78, 27.81, 27.84], [28.7, 28.7, 28.7, 28.7, 28.7, 28.7, 28.7, 28.4, 28.4, 28.4, 28.4, 27.94, 27.2, 27.2, 27.2, 27.8, 27.83, 27.68, 27.73, 27.77], [28.7, 28.7, 28.51, 28.51, 28.5, 28.4, 28.4, 28.4, 28.4, 28.4, 27.64, 27.73, 27.61, 27.52, 27.63, 27.68, 27.75, 27.62, 27.89, 27.94], [28.51, 28.51, 28.59, 28.59, 28.4, 28.4, 28.4, 28.4, 28.4, 28.4, 27.88, 27.74, 27.58, 27.43, 27.49, 27.47, 27.57, 27.64, 27.7, 27.73], [28.59, 28.59, 28.58, 28.58, 28.4, 28.4, 28.4, 28.4, 28.4, 28.1, 27.93, 27.75, 27.57, 27.5, 27.24, 27.44, 27.58, 27.67, 27.72, 27.76], [28.59, 28.58, 28.58, 28.4, 28.4, 28.4, 28.4, 28.4, 28.29, 28.17, 28.05, 27.9, 27.76, 27.6, 27.42, 27.52, 27.64, 27.72, 27.76, 27.79], [28.58, 28.58, 28.4, 28.4, 28.4, 28.4, 28.4, 28.4, 28.29, 28.19, 28.08, 27.95, 27.85, 27.76, 27.61, 27.66, 27.74, 27.79, 27.82, 27.83], [28.4, 28.4, 28.4, 28.4, 28.4, 28.4, 28.4, 28.4, 28.21, 28.17, 28.09, 28.0, 27.93, 27.72, 27.75, 27.8, 27.85, 27.88, 27.88, 27.88], [28.4, 28.4, 28.4, 28.4, 28.4, 28.4, 28.4, 28.42, 28.19, 28.16, 28.11, 28.04, 28.01, 27.81, 27.86, 27.92, 27.97, 27.97, 27.94, 27.91], [28.4, 28.4, 28.4, 28.43, 28.42, 28.42, 28.42, 28.42, 28.42, 28.42, 28.42, 28.43, 28.23, 27.87, 27.93, 28.02, 28.1, 28.05, 27.98, 27.94], [28.43, 28.43, 28.43, 28.43, 28.43, 28.42, 28.42, 28.42, 28.42, 28.42, 28.42, 28.45, 28.23, 28.2, 28.19, 28.06, 28.29, 28.04, 27.98, 27.95], [28.43, 28.43, 28.43, 28.43, 28.43, 28.43, 28.43, 28.42, 28.42, 28.41, 28.42, 28.45, 28.46, 28.2, 28.17, 28.15, 27.99, 27.9, 27.95, 27.94], [28.43, 28.43, 28.43, 28.43, 28.43, 28.43, 28.43, 28.43, 28.42, 28.41, 28.44, 28.45, 28.46, 28.2, 28.17, 28.14, 28.09, 28.06, 27.94, 27.94], [28.43, 28.43, 28.43, 28.43, 28.43, 28.43, 28.43, 28.43, 28.43, 28.43, 28.45, 28.46, 28.46, 28.24, 28.2, 28.16, 28.13, 28.11, 28.12, 28.13], [28.43, 28.43, 28.43, 28.44, 28.44, 28.44, 28.44, 28.44, 28.45, 28.47, 28.47, 28.35, 28.3, 28.24, 28.22, 28.19, 28.16, 28.15, 28.14, 28.15], [28.44, 28.44, 28.44, 28.44, 28.44, 28.44, 28.44, 28.45, 28.46, 28.48, 28.46, 28.39, 28.32, 28.26, 28.24, 28.21, 28.19, 28.17, 28.16, 28.16], [28.44, 28.44, 28.44, 28.44, 28.44, 28.44, 28.45, 28.45, 28.38, 28.41, 28.44, 28.38, 28.33, 28.27, 28.26, 28.23, 28.21, 28.19, 28.18, 28.18], [28.44, 28.44, 28.44, 28.44, 28.44, 28.44, 28.45, 28.45, 28.36, 28.38, 28.38, 28.36, 28.32, 28.28, 28.26, 28.24, 28.22, 28.21, 28.2, 28.19], [28.44, 28.44, 28.44, 28.44, 28.44, 28.45, 28.45, 28.34, 28.35, 28.35, 28.35, 28.33, 28.3, 28.27, 28.27, 28.25, 28.23, 28.22, 28.21, 28.2]]}