awsData/contour/temp_2023092417.json
{"header": {"refTime": "2023-09-24T17:00:00.000Z", "nx": 21, "ny": 33, "lo1": 113.509, "la1": 22.2235, "lo2": 113.5947, "la2": 22.1034, "dx": 0.0042850000000001385, "dy": 0.003753125000000024, "parameterCategory": 0, "parameterCategoryName": "Temperature", "parameterNumber": 0}, "z": [[30.72, 30.74, 30.76, 30.63, 30.67, 30.88, 30.92, 30.97, 30.98, 30.91, 30.84, 30.77, 30.94, 30.91, 30.53, 30.47, 30.26, 30.24, 30.22, 30.2], [30.71, 30.73, 30.75, 30.77, 30.66, 30.72, 30.95, 31.04, 31.09, 30.98, 30.85, 30.76, 30.91, 30.89, 30.5, 30.29, 30.25, 30.21, 30.19, 30.18], [30.7, 30.71, 30.73, 30.75, 30.64, 30.7, 30.81, 31.09, 31.32, 31.04, 30.84, 30.73, 30.87, 30.85, 30.34, 30.28, 30.22, 30.18, 30.16, 30.15], [30.68, 30.69, 30.7, 30.72, 30.75, 30.65, 30.73, 30.88, 31.01, 30.93, 30.76, 30.66, 30.79, 30.51, 30.35, 30.26, 30.18, 30.13, 30.11, 30.11], [30.66, 30.67, 30.67, 30.68, 30.7, 30.57, 30.6, 30.65, 30.66, 30.73, 30.64, 30.5, 30.56, 30.52, 30.34, 30.21, 30.1, 30.04, 30.04, 30.06], [30.65, 30.64, 30.64, 30.64, 30.64, 30.64, 30.47, 30.45, 30.42, 30.37, 30.39, 30.48, 30.54, 30.67, 30.32, 30.15, 29.98, 29.91, 29.95, 30.01], [30.32, 30.62, 30.62, 30.61, 30.59, 30.57, 30.15, 30.29, 30.24, 30.14, 30.17, 30.45, 30.71, 30.7, 30.3, 30.08, 29.81, 29.7, 29.7, 29.77], [30.33, 30.33, 30.33, 30.33, 30.32, 30.21, 30.17, 30.12, 30.12, 30.11, 30.02, 30.52, 30.53, 30.7, 29.98, 30.12, 29.84, 29.74, 29.9, 30.01], [30.27, 30.28, 30.35, 30.35, 30.36, 30.34, 30.29, 30.15, 30.04, 30.16, 30.25, 30.38, 30.44, 30.36, 30.02, 30.18, 30.01, 29.94, 29.98, 30.04], [30.5, 30.5, 30.5, 30.31, 30.34, 30.41, 30.36, 30.29, 29.99, 30.0, 30.45, 30.3, 30.34, 30.32, 30.02, 30.23, 30.13, 30.07, 30.07, 30.09], [30.5, 30.5, 30.5, 30.5, 30.5, 30.5, 30.5, 30.5, 30.36, 30.03, 29.9, 30.24, 30.28, 30.29, 30.0, 30.27, 30.2, 30.15, 30.14, 30.15], [30.5, 30.5, 30.5, 30.5, 30.5, 30.5, 30.5, 30.5, 30.5, -999.0, 29.9, 30.8, 30.8, 30.26, 29.99, 30.32, 30.27, 29.27, 29.28, 29.28], [30.5, 30.5, 30.5, 30.5, 30.5, 30.5, 30.5, 30.5, 30.5, 30.5, -999.0, 30.8, 30.8, 29.69, 30.18, 29.35, 29.36, 29.31, 29.32, 29.32], [30.5, 30.5, 30.5, 30.5, 30.5, 30.5, 30.5, 30.5, 30.5, 30.5, -999.0, 29.1, 29.1, 29.1, 30.03, 29.32, 29.33, 29.28, 29.29, 29.3], [30.5, 30.5, 30.5, 30.5, 30.5, 30.5, 30.5, 30.9, 30.9, 30.9, 30.9, 30.21, 29.1, 29.1, 29.1, 29.28, 29.3, 29.25, 29.26, 29.28], [30.5, 30.5, 30.75, 30.76, 30.76, 30.9, 30.9, 30.9, 30.9, 30.9, 29.77, 29.9, 29.72, 29.57, 29.74, 29.25, 29.27, 29.23, 29.31, 29.33], [30.76, 30.76, 30.64, 30.65, 30.9, 30.9, 30.9, 30.9, 30.9, 30.9, 30.13, 29.9, 29.67, 29.45, 29.36, 29.3, 29.38, 29.43, 29.47, 29.5], [30.64, 30.65, 30.65, 30.67, 30.9, 30.9, 30.9, 30.9, 30.9, 30.44, 30.2, 29.93, 29.65, 29.38, 29.14, 29.28, 29.38, 29.45, 29.49, 29.52], [30.65, 30.66, 30.67, 30.9, 30.9, 30.9, 30.9, 30.9, 30.74, 30.55, 30.33, 30.1, 29.67, 29.46, 29.26, 29.34, 29.42, 29.48, 29.52, 29.55], [30.66, 30.66, 30.73, 30.74, 30.75, 30.76, 30.79, 30.85, 30.7, 30.54, 30.35, 30.16, 29.73, 29.58, 29.4, 29.44, 29.49, 29.53, 29.56, 29.58], [30.72, 30.72, 30.73, 30.78, 30.78, 30.79, 30.8, 30.81, 30.55, 30.47, 30.35, 30.21, 29.77, 29.48, 29.49, 29.52, 29.56, 29.59, 29.6, 29.61], [30.76, 30.76, 30.76, 30.77, 30.77, 30.77, 30.77, 30.94, 30.48, 30.43, 30.35, 30.26, 29.72, 29.54, 29.56, 29.59, 29.62, 29.64, 29.65, 29.65], [30.75, 30.75, 30.75, 30.99, 30.98, 30.97, 30.95, 30.93, 30.91, 30.91, 30.92, 30.4, 30.08, 29.59, 29.62, 29.64, 29.65, 29.68, 29.7, 29.68], [31.02, 31.02, 31.01, 31.0, 30.99, 30.97, 30.95, 30.91, 30.87, 30.85, 30.89, 30.6, 30.11, 30.01, 29.93, 29.68, 29.61, 29.77, 29.75, 29.71], [31.03, 31.03, 31.02, 31.01, 31.0, 30.98, 30.96, 30.9, 30.81, 30.72, 30.86, 30.66, 30.58, 30.03, 29.95, 29.88, 29.81, 29.89, 29.78, 29.73], [31.04, 31.04, 31.03, 31.03, 31.02, 31.01, 30.98, 30.94, 30.84, 30.76, 30.74, 30.74, 30.67, 30.05, 29.98, 30.1, 30.04, 30.04, 29.76, 29.73], [31.05, 31.05, 31.05, 31.05, 31.04, 31.04, 31.03, 31.01, 30.99, 31.01, 30.9, 30.87, 30.77, 30.48, 30.32, 30.21, 30.14, 30.11, 30.11, 30.13], [31.06, 31.06, 31.06, 31.07, 31.07, 31.08, 31.09, 31.11, 31.15, 31.1, 31.15, 31.14, 31.02, 30.91, 30.43, 30.31, 30.23, 30.19, 30.18, 30.18], [31.07, 31.07, 31.08, 31.09, 31.1, 31.11, 31.14, 31.18, 31.27, 31.32, 31.54, 31.29, 31.1, 30.97, 30.52, 30.4, 30.32, 30.27, 30.24, 30.23], [31.08, 31.09, 31.09, 31.1, 31.12, 31.14, 31.17, 31.22, 31.21, 31.37, 31.46, 31.29, 31.13, 31.01, 30.59, 30.47, 30.39, 30.33, 30.3, 30.28], [31.09, 31.1, 31.1, 31.12, 31.13, 31.15, 31.19, 31.23, 31.18, 31.26, 31.28, 31.22, 31.11, 31.02, 30.62, 30.52, 30.44, 30.38, 30.34, 30.32], [31.1, 31.1, 31.11, 31.12, 31.14, 31.16, 31.19, 31.09, 31.14, 31.17, 31.18, 31.14, 31.08, 31.01, 30.64, 30.55, 30.48, 30.42, 30.38, 30.36]]}