awsData/contour/temp_2023092507.json
{"header": {"refTime": "2023-09-25T07:00:00.000Z", "nx": 21, "ny": 33, "lo1": 113.509, "la1": 22.2235, "lo2": 113.5947, "la2": 22.1034, "dx": 0.0042850000000001385, "dy": 0.003753125000000024, "parameterCategory": 0, "parameterCategoryName": "Temperature", "parameterNumber": 0}, "z": [[28.52, 28.51, 28.51, 28.25, 28.25, 28.52, 28.51, 28.51, 28.51, 28.41, 28.43, 28.44, 28.67, 28.69, 28.69, 28.7, 28.78, 28.77, 28.77, 28.77], [28.52, 28.52, 28.51, 28.5, 28.25, 28.27, 28.5, 28.49, 28.48, 28.41, 28.43, 28.46, 28.69, 28.7, 28.71, 28.78, 28.77, 28.77, 28.77, 28.76], [28.53, 28.52, 28.52, 28.51, 28.25, 28.26, 28.28, 28.47, 28.42, 28.41, 28.44, 28.49, 28.72, 28.73, 28.79, 28.78, 28.77, 28.77, 28.76, 28.76], [28.53, 28.53, 28.52, 28.51, 28.5, 28.26, 28.27, 28.3, 28.32, 28.4, 28.45, 28.54, 28.77, 28.64, 28.79, 28.78, 28.77, 28.76, 28.76, 28.75], [28.54, 28.54, 28.53, 28.52, 28.51, 28.25, 28.26, 28.26, 28.25, 28.37, 28.43, 28.65, 28.79, 28.67, 28.79, 28.77, 28.76, 28.75, 28.75, 28.75], [28.55, 28.55, 28.54, 28.54, 28.53, 28.51, 28.25, 28.24, 28.22, 28.17, 28.42, 28.57, 28.7, 28.83, 28.78, 28.76, 28.74, 28.74, 28.74, 28.74], [28.62, 28.56, 28.56, 28.55, 28.55, 28.53, 28.35, 28.26, 28.23, 28.18, 28.15, 28.46, 28.79, 28.8, 28.77, 28.75, 28.73, 28.72, 28.74, 28.75], [28.63, 28.63, 28.63, 28.63, 28.62, 28.42, 28.38, 28.35, 28.35, 28.14, 27.95, 28.42, 28.43, 28.8, 28.7, 28.7, 28.7, 28.7, 28.7, 28.7], [28.57, 28.58, 28.65, 28.65, 28.66, 28.64, 28.59, 28.36, 28.21, 28.21, 28.15, 28.28, 28.34, 28.26, 28.7, 28.7, 28.7, 28.7, 28.7, 28.7], [28.8, 28.8, 28.8, 28.61, 28.64, 28.71, 28.66, 28.59, 28.06, 28.09, 28.35, 28.2, 28.24, 28.22, 28.7, 28.7, 28.7, 28.7, 28.7, 28.7], [28.8, 28.8, 28.8, 28.8, 28.8, 28.8, 28.8, 28.8, 28.66, 28.19, 27.8, 28.14, 28.18, 28.19, 28.7, 28.7, 28.7, 28.7, 28.7, 28.7], [28.8, 28.8, 28.8, 28.8, 28.8, 28.8, 28.8, 28.8, 28.8, -999.0, 27.8, 28.7, 28.7, 28.16, 28.7, 28.7, 28.7, 28.02, 28.03, 28.04], [28.8, 28.8, 28.8, 28.8, 28.8, 28.8, 28.8, 28.8, 28.8, 28.8, -999.0, 28.7, 28.7, 27.92, 28.26, 28.26, 28.27, 28.12, 28.15, 28.16], [28.8, 28.8, 28.8, 28.8, 28.8, 28.8, 28.8, 28.8, 28.8, 28.8, -999.0, 27.5, 27.5, 27.5, 28.16, 28.16, 28.18, 28.03, 28.06, 28.09], [28.8, 28.8, 28.8, 28.8, 28.8, 28.8, 28.8, 28.6, 28.6, 28.6, 28.6, 28.18, 27.5, 27.5, 27.5, 28.05, 28.09, 27.95, 27.99, 28.03], [28.8, 28.8, 28.67, 28.67, 28.67, 28.6, 28.6, 28.6, 28.6, 28.6, 27.91, 27.99, 27.88, 27.79, 27.89, 27.87, 27.92, 27.82, 28.08, 28.13], [28.67, 28.67, 28.73, 28.73, 28.6, 28.6, 28.6, 28.6, 28.6, 28.6, 28.13, 27.99, 27.85, 27.71, 27.74, 27.66, 27.71, 27.75, 27.78, 27.8], [28.73, 28.73, 28.72, 28.72, 28.6, 28.6, 28.6, 28.6, 28.6, 28.32, 28.17, 28.01, 27.84, 27.75, 27.54, 27.64, 27.72, 27.77, 27.8, 27.82], [28.72, 28.72, 28.72, 28.6, 28.6, 28.6, 28.6, 28.6, 28.5, 28.39, 28.25, 28.11, 27.98, 27.83, 27.63, 27.69, 27.75, 27.8, 27.82, 27.83], [28.72, 28.72, 28.49, 28.49, 28.5, 28.51, 28.53, 28.57, 28.47, 28.38, 28.26, 28.14, 28.05, 27.97, 27.74, 27.77, 27.81, 27.84, 27.85, 27.86], [28.48, 28.48, 28.48, 28.52, 28.52, 28.53, 28.53, 28.54, 28.38, 28.33, 28.26, 28.17, 28.12, 27.8, 27.82, 27.85, 27.88, 27.89, 27.89, 27.88], [28.51, 28.51, 28.51, 28.51, 28.51, 28.51, 28.52, 28.51, 28.34, 28.31, 28.26, 28.2, 28.11, 27.85, 27.89, 27.93, 27.96, 27.95, 27.92, 27.9], [28.5, 28.5, 28.5, 28.5, 28.5, 28.5, 28.5, 28.49, 28.49, 28.48, 28.48, 28.49, 28.17, 27.89, 27.93, 28.0, 28.07, 28.01, 27.94, 27.91], [28.5, 28.5, 28.5, 28.5, 28.49, 28.49, 28.48, 28.47, 28.46, 28.46, 28.46, 28.45, 28.17, 28.14, 28.11, 28.02, 28.26, 27.96, 27.91, 27.9], [28.5, 28.5, 28.49, 28.49, 28.49, 28.48, 28.48, 28.46, 28.44, 28.42, 28.45, 28.45, 28.46, 28.13, 28.1, 28.06, 27.9, 27.77, 27.87, 27.89], [28.5, 28.49, 28.49, 28.49, 28.49, 28.48, 28.47, 28.46, 28.44, 28.43, 28.44, 28.45, 28.46, 28.13, 28.09, 28.06, 27.99, 27.95, 27.87, 27.88], [28.49, 28.49, 28.49, 28.49, 28.48, 28.48, 28.47, 28.47, 28.46, 28.46, 28.45, 28.46, 28.46, 28.18, 28.13, 28.08, 28.04, 28.02, 28.02, 28.04], [28.49, 28.49, 28.49, 28.49, 28.48, 28.48, 28.48, 28.47, 28.47, 28.47, 28.47, 28.32, 28.25, 28.18, 28.15, 28.11, 28.08, 28.06, 28.05, 28.06], [28.49, 28.49, 28.49, 28.49, 28.48, 28.48, 28.48, 28.48, 28.48, 28.48, 28.45, 28.36, 28.28, 28.21, 28.18, 28.14, 28.11, 28.09, 28.08, 28.08], [28.49, 28.49, 28.49, 28.49, 28.49, 28.48, 28.48, 28.48, 28.35, 28.4, 28.42, 28.36, 28.29, 28.22, 28.2, 28.16, 28.13, 28.11, 28.1, 28.1], [28.49, 28.49, 28.49, 28.49, 28.49, 28.48, 28.48, 28.48, 28.34, 28.36, 28.36, 28.33, 28.28, 28.23, 28.21, 28.17, 28.15, 28.13, 28.12, 28.11], [28.49, 28.49, 28.49, 28.49, 28.49, 28.49, 28.49, 28.3, 28.31, 28.32, 28.32, 28.3, 28.26, 28.22, 28.21, 28.18, 28.16, 28.15, 28.13, 28.13]]}