awsData/contour/temp_2023092510.json
{"header": {"refTime": "2023-09-25T10:00:00.000Z", "nx": 21, "ny": 33, "lo1": 113.509, "la1": 22.2235, "lo2": 113.5947, "la2": 22.1034, "dx": 0.0042850000000001385, "dy": 0.003753125000000024, "parameterCategory": 0, "parameterCategoryName": "Temperature", "parameterNumber": 0}, "z": [[29.87, 29.88, 29.88, 29.68, 29.69, 29.99, 30.0, 30.0, 30.01, 29.95, 29.95, 29.96, 30.28, 30.29, 30.39, 30.42, 30.57, 30.58, 30.59, 30.59], [29.87, 29.87, 29.88, 29.88, 29.69, 29.72, 29.99, 30.0, 30.01, 29.95, 29.96, 29.98, 30.29, 30.31, 30.41, 30.56, 30.57, 30.59, 30.59, 30.6], [29.87, 29.87, 29.87, 29.87, 29.68, 29.71, 29.75, 29.99, 30.0, 29.96, 29.97, 30.0, 30.31, 30.32, 30.54, 30.56, 30.58, 30.6, 30.6, 30.61], [29.87, 29.87, 29.87, 29.87, 29.87, 29.69, 29.72, 29.78, 29.83, 29.94, 29.96, 30.04, 30.34, 30.19, 30.54, 30.57, 30.6, 30.61, 30.62, 30.62], [29.87, 29.87, 29.87, 29.86, 29.86, 29.66, 29.67, 29.69, 29.69, 29.88, 29.93, 30.18, 30.31, 30.22, 30.54, 30.58, 30.62, 30.64, 30.64, 30.64], [29.87, 29.87, 29.87, 29.86, 29.85, 29.84, 29.63, 29.62, 29.59, 29.55, 29.97, 30.12, 30.24, 30.43, 30.55, 30.61, 30.66, 30.68, 30.67, 30.65], [29.82, 29.87, 29.87, 29.86, 29.85, 29.83, 29.6, 29.58, 29.55, 29.59, 29.61, 30.04, 30.46, 30.45, 30.57, 30.63, 30.71, 30.74, 30.73, 30.7], [29.83, 29.83, 29.83, 29.83, 29.82, 29.66, 29.62, 29.59, 29.61, 29.54, 29.38, 30.1, 30.11, 30.45, 30.69, 30.66, 30.72, 30.75, 30.71, 30.68], [29.77, 29.78, 29.85, 29.85, 29.86, 29.84, 29.79, 29.61, 29.47, 29.62, 29.7, 29.89, 29.98, 29.86, 30.68, 30.64, 30.68, 30.7, 30.69, 30.67], [30.0, 30.0, 30.0, 29.81, 29.84, 29.91, 29.86, 29.79, 29.37, 29.39, 29.99, 29.77, 29.84, 29.81, 30.68, 30.63, 30.66, 30.67, 30.67, 30.66], [30.0, 30.0, 30.0, 30.0, 30.0, 30.0, 30.0, 30.0, 29.86, 29.46, 29.2, 29.7, 29.75, 29.76, 30.68, 30.62, 30.64, 30.65, 30.65, 30.65], [30.0, 30.0, 30.0, 30.0, 30.0, 30.0, 30.0, 30.0, 30.0, -999.0, 29.2, 30.5, 30.5, 29.72, 30.69, 30.61, 30.62, 31.37, 31.35, 31.35], [30.0, 30.0, 30.0, 30.0, 30.0, 30.0, 30.0, 30.0, 30.0, 30.0, -999.0, 30.5, 30.5, 31.35, 30.98, 31.16, 31.16, 31.28, 31.26, 31.25], [30.0, 30.0, 30.0, 30.0, 30.0, 30.0, 30.0, 30.0, 30.0, 30.0, -999.0, 31.8, 31.8, 31.8, 31.09, 31.25, 31.23, 31.36, 31.33, 31.31], [30.0, 30.0, 30.0, 30.0, 30.0, 30.0, 30.0, 30.2, 30.2, 30.2, 30.2, 30.81, 31.8, 31.8, 31.8, 31.34, 31.31, 31.43, 31.39, 31.36], [30.0, 30.0, 30.13, 30.13, 30.13, 30.2, 30.2, 30.2, 30.2, 30.2, 31.21, 31.09, 31.25, 31.38, 31.23, 31.03, 30.91, 31.12, 30.97, 30.91], [30.13, 30.13, 30.07, 30.07, 30.2, 30.2, 30.2, 30.2, 30.2, 30.2, 30.89, 31.09, 31.3, 31.49, 31.37, 31.53, 31.44, 31.36, 31.31, 31.28], [30.07, 30.07, 30.08, 30.08, 30.2, 30.2, 30.2, 30.2, 30.2, 30.61, 30.82, 31.06, 31.31, 31.37, 31.74, 31.56, 31.42, 31.34, 31.29, 31.26], [30.08, 30.08, 30.08, 30.2, 30.2, 30.2, 30.2, 30.2, 30.34, 30.51, 30.87, 31.07, 30.98, 31.22, 31.57, 31.47, 31.36, 31.28, 31.24, 31.22], [30.08, 30.08, 30.83, 30.8, 30.76, 30.7, 30.61, 30.38, 30.47, 30.67, 30.88, 31.05, 30.85, 30.97, 31.39, 31.33, 31.25, 31.2, 31.19, 31.18], [30.87, 30.85, 30.83, 30.65, 30.63, 30.6, 30.56, 30.51, 30.71, 30.8, 30.93, 31.05, 30.73, 31.27, 31.24, 31.18, 31.12, 31.11, 31.12, 31.14], [30.71, 30.71, 30.7, 30.69, 30.68, 30.67, 30.66, 30.69, 30.87, 30.93, 31.0, 31.07, 30.97, 31.18, 31.11, 31.03, 30.97, 31.0, 31.06, 31.11], [30.73, 30.73, 30.73, 30.75, 30.76, 30.76, 30.78, 30.8, 30.84, 30.86, 30.86, 30.56, 31.03, 31.11, 31.03, 30.89, 30.74, 30.88, 31.05, 31.11], [30.77, 30.77, 30.77, 30.78, 30.79, 30.82, 30.85, 30.9, 30.97, 31.0, 30.97, 30.78, 31.05, 30.99, 30.92, 30.86, 30.29, 31.03, 31.13, 31.14], [30.78, 30.78, 30.79, 30.81, 30.82, 30.85, 30.9, 30.97, 31.08, 31.18, 31.05, 30.82, 30.67, 31.02, 30.98, 30.96, 31.19, 31.5, 31.23, 31.17], [30.79, 30.8, 30.81, 30.82, 30.84, 30.87, 30.92, 30.98, 31.08, 31.16, 30.98, 30.83, 30.7, 31.05, 31.03, 30.98, 31.1, 31.18, 31.23, 31.19], [30.8, 30.81, 30.82, 30.83, 30.85, 30.88, 30.91, 30.96, 31.0, 31.01, 30.9, 30.81, 30.71, 30.9, 30.93, 30.98, 31.04, 31.07, 31.06, 31.03], [30.81, 30.82, 30.83, 30.84, 30.86, 30.88, 30.9, 30.92, 30.93, 30.86, 30.83, 31.15, 31.25, 31.36, 30.93, 30.96, 31.0, 31.02, 31.02, 31.01], [30.81, 30.82, 30.83, 30.84, 30.86, 30.87, 30.88, 30.89, 30.89, 30.81, 30.9, 31.07, 31.2, 31.31, 30.92, 30.95, 30.97, 30.99, 30.99, 30.99], [30.81, 30.82, 30.83, 30.84, 30.85, 30.86, 30.87, 30.87, 31.1, 31.01, 30.95, 31.07, 31.18, 31.28, 30.91, 30.94, 30.95, 30.97, 30.97, 30.97], [30.82, 30.82, 30.83, 30.84, 30.85, 30.86, 30.86, 30.86, 31.13, 31.08, 31.07, 31.12, 31.2, 31.28, 30.91, 30.93, 30.94, 30.95, 30.96, 30.96], [30.82, 30.82, 30.83, 30.84, 30.84, 30.85, 30.85, 31.19, 31.16, 31.14, 31.14, 31.17, 31.23, 31.28, 30.91, 30.92, 30.93, 30.94, 30.95, 30.95]]}