awsData/contour/temp_2023092415.json
{"header": {"refTime": "2023-09-24T15:00:00.000Z", "nx": 21, "ny": 33, "lo1": 113.509, "la1": 22.2235, "lo2": 113.5947, "la2": 22.1034, "dx": 0.0042850000000001385, "dy": 0.003753125000000024, "parameterCategory": 0, "parameterCategoryName": "Temperature", "parameterNumber": 0}, "z": [[31.22, 31.21, 31.21, 31.2, 31.2, 31.22, 31.21, 31.21, 31.21, 31.3, 31.34, 31.37, 31.42, 31.44, 31.13, 31.1, 31.21, 31.18, 31.16, 31.15], [31.22, 31.22, 31.21, 31.2, 31.2, 31.19, 31.2, 31.19, 31.18, 31.27, 31.33, 31.38, 31.43, 31.45, 31.15, 31.24, 31.19, 31.16, 31.14, 31.13], [31.23, 31.22, 31.22, 31.21, 31.2, 31.19, 31.18, 31.17, 31.12, 31.25, 31.34, 31.4, 31.46, 31.48, 31.29, 31.23, 31.17, 31.13, 31.11, 31.1], [31.23, 31.23, 31.22, 31.21, 31.2, 31.19, 31.18, 31.17, 31.15, 31.29, 31.38, 31.45, 31.5, 31.58, 31.3, 31.21, 31.13, 31.08, 31.06, 31.06], [31.24, 31.24, 31.23, 31.22, 31.21, 31.2, 31.2, 31.19, 31.2, 31.36, 31.42, 31.58, 31.59, 31.58, 31.29, 31.17, 31.06, 31.0, 30.99, 31.01], [31.25, 31.25, 31.24, 31.24, 31.23, 31.21, 31.2, 31.21, 31.22, 31.26, 31.56, 31.57, 31.59, 31.6, 31.27, 31.1, 30.94, 30.88, 30.91, 30.97], [31.32, 31.26, 31.26, 31.25, 31.25, 31.23, 31.3, 31.2, 31.21, 31.38, 31.45, 31.57, 31.6, 31.6, 31.23, 31.04, 30.78, 30.69, 30.7, 30.77], [31.33, 31.33, 31.33, 31.33, 31.32, 31.34, 31.3, 31.23, 31.17, 31.38, 31.48, 31.57, 31.57, 31.6, 30.91, 31.03, 30.79, 30.7, 30.84, 30.93], [31.27, 31.28, 31.35, 31.35, 31.36, 31.34, 31.29, 31.28, 31.23, 31.38, 31.54, 31.55, 31.56, 31.55, 30.94, 31.07, 30.93, 30.87, 30.91, 30.96], [31.5, 31.5, 31.5, 31.31, 31.34, 31.41, 31.36, 31.29, 31.33, 31.31, 31.56, 31.54, 31.55, 31.55, 30.94, 31.12, 31.03, 30.98, 30.98, 31.0], [31.5, 31.5, 31.5, 31.5, 31.5, 31.5, 31.5, 31.5, 31.36, 31.24, 31.5, 31.54, 31.54, 31.54, 30.93, 31.16, 31.09, 31.05, 31.04, 31.05], [31.5, 31.5, 31.5, 31.5, 31.5, 31.5, 31.5, 31.5, 31.5, -999.0, 31.5, 31.6, 31.6, 31.54, 30.92, 31.19, 31.15, 30.39, 30.39, 30.39], [31.5, 31.5, 31.5, 31.5, 31.5, 31.5, 31.5, 31.5, 31.5, 31.5, -999.0, 31.6, 31.6, 30.75, 31.12, 30.43, 30.43, 30.4, 30.41, 30.41], [31.5, 31.5, 31.5, 31.5, 31.5, 31.5, 31.5, 31.5, 31.5, 31.5, -999.0, 30.3, 30.3, 30.3, 31.01, 30.41, 30.41, 30.39, 30.39, 30.4], [31.5, 31.5, 31.5, 31.5, 31.5, 31.5, 31.5, 31.9, 31.9, 31.9, 31.9, 31.29, 30.3, 30.3, 30.3, 30.39, 30.4, 30.37, 30.38, 30.39], [31.5, 31.5, 31.75, 31.76, 31.76, 31.9, 31.9, 31.9, 31.9, 31.9, 30.89, 31.01, 30.85, 30.72, 30.87, 30.15, 30.13, 30.17, 30.24, 30.24], [31.76, 31.76, 31.64, 31.65, 31.9, 31.9, 31.9, 31.9, 31.9, 31.9, 31.21, 31.01, 30.8, 30.61, 30.45, 30.41, 30.45, 30.48, 30.5, 30.52], [31.64, 31.65, 31.65, 31.67, 31.9, 31.9, 31.9, 31.9, 31.9, 31.49, 31.28, 31.04, 30.79, 30.47, 30.32, 30.39, 30.45, 30.48, 30.51, 30.53], [31.65, 31.66, 31.67, 31.9, 31.9, 31.9, 31.9, 31.9, 31.76, 31.59, 31.4, 31.2, 30.67, 30.51, 30.38, 30.42, 30.46, 30.5, 30.52, 30.54], [31.66, 31.66, 31.79, 31.79, 31.8, 31.81, 31.83, 31.87, 31.73, 31.59, 31.42, 31.25, 30.69, 30.56, 30.45, 30.47, 30.49, 30.52, 30.54, 30.56], [31.78, 31.78, 31.78, 31.82, 31.82, 31.83, 31.83, 31.84, 31.6, 31.53, 31.43, 31.3, 30.69, 30.49, 30.49, 30.5, 30.52, 30.54, 30.56, 30.58], [31.81, 31.81, 31.81, 31.81, 31.81, 31.81, 31.82, 31.99, 31.55, 31.51, 31.44, 31.35, 30.63, 30.52, 30.52, 30.52, 30.52, 30.55, 30.59, 30.6], [31.8, 31.8, 31.8, 32.05, 32.04, 32.03, 32.01, 31.99, 31.98, 31.97, 31.99, 31.29, 31.04, 30.54, 30.54, 30.51, 30.46, 30.55, 30.63, 30.64], [32.09, 32.08, 32.08, 32.07, 32.06, 32.04, 32.02, 31.98, 31.94, 31.93, 31.97, 31.53, 31.07, 30.95, 30.83, 30.54, 30.25, 30.7, 30.71, 30.68], [32.1, 32.09, 32.09, 32.08, 32.07, 32.06, 32.03, 31.98, 31.9, 31.82, 31.95, 31.61, 31.47, 30.98, 30.87, 30.79, 30.8, 31.01, 30.79, 30.71], [32.11, 32.11, 32.1, 32.1, 32.09, 32.08, 32.06, 32.02, 31.93, 31.86, 31.76, 31.71, 31.58, 31.01, 30.92, 31.05, 31.03, 31.05, 30.77, 30.72], [32.12, 32.12, 32.12, 32.12, 32.12, 32.12, 32.11, 32.1, 32.08, 32.1, 31.91, 31.85, 31.71, 31.45, 31.29, 31.17, 31.11, 31.1, 31.09, 31.1], [32.13, 32.13, 32.14, 32.14, 32.15, 32.15, 32.17, 32.19, 32.24, 32.13, 32.18, 32.28, 32.19, 32.1, 31.41, 31.28, 31.21, 31.17, 31.15, 31.15], [32.14, 32.15, 32.15, 32.16, 32.17, 32.19, 32.22, 32.27, 32.36, 32.37, 32.66, 32.42, 32.26, 32.15, 31.51, 31.38, 31.29, 31.24, 31.21, 31.2], [32.15, 32.16, 32.17, 32.18, 32.19, 32.22, 32.25, 32.31, 32.35, 32.49, 32.58, 32.43, 32.29, 32.18, 31.58, 31.45, 31.37, 31.31, 31.27, 31.25], [32.16, 32.17, 32.18, 32.19, 32.21, 32.23, 32.27, 32.32, 32.32, 32.4, 32.42, 32.36, 32.27, 32.19, 31.62, 31.51, 31.42, 31.36, 31.32, 31.29], [32.17, 32.18, 32.19, 32.2, 32.22, 32.24, 32.27, 32.24, 32.29, 32.32, 32.33, 32.3, 32.24, 32.18, 31.64, 31.54, 31.46, 31.4, 31.36, 31.33]]}