awsData/contour/temp_2023092506.json
{"header": {"refTime": "2023-09-25T06:00:00.000Z", "nx": 21, "ny": 33, "lo1": 113.509, "la1": 22.2235, "lo2": 113.5947, "la2": 22.1034, "dx": 0.0042850000000001385, "dy": 0.003753125000000024, "parameterCategory": 0, "parameterCategoryName": "Temperature", "parameterNumber": 0}, "z": [[28.63, 28.62, 28.62, 28.36, 28.37, 28.62, 28.62, 28.62, 28.63, 28.54, 28.54, 28.55, 28.72, 28.73, 28.75, 28.75, 28.75, 28.74, 28.74, 28.74], [28.63, 28.63, 28.62, 28.62, 28.37, 28.39, 28.61, 28.62, 28.62, 28.55, 28.55, 28.56, 28.73, 28.74, 28.76, 28.75, 28.75, 28.74, 28.74, 28.74], [28.63, 28.63, 28.62, 28.62, 28.37, 28.39, 28.42, 28.61, 28.6, 28.55, 28.55, 28.58, 28.75, 28.75, 28.77, 28.76, 28.75, 28.74, 28.74, 28.73], [28.64, 28.63, 28.63, 28.62, 28.61, 28.37, 28.4, 28.44, 28.48, 28.53, 28.55, 28.61, 28.78, 28.63, 28.77, 28.75, 28.74, 28.74, 28.73, 28.73], [28.64, 28.64, 28.63, 28.63, 28.61, 28.35, 28.37, 28.38, 28.37, 28.48, 28.52, 28.65, 28.79, 28.67, 28.77, 28.75, 28.74, 28.73, 28.73, 28.73], [28.65, 28.64, 28.64, 28.63, 28.62, 28.6, 28.34, 28.33, 28.31, 28.26, 28.43, 28.57, 28.69, 28.8, 28.75, 28.74, 28.73, 28.72, 28.72, 28.72], [28.68, 28.65, 28.65, 28.65, 28.63, 28.61, 28.4, 28.32, 28.29, 28.21, 28.18, 28.45, 28.73, 28.75, 28.74, 28.73, 28.71, 28.71, 28.74, 28.75], [28.69, 28.69, 28.69, 28.69, 28.68, 28.48, 28.43, 28.38, 28.36, 28.18, 28.02, 28.38, 28.39, 28.75, 28.66, 28.65, 28.67, 28.68, 28.67, 28.66], [28.61, 28.62, 28.71, 28.72, 28.72, 28.7, 28.64, 28.41, 28.24, 28.23, 28.17, 28.27, 28.32, 28.26, 28.66, 28.65, 28.66, 28.67, 28.66, 28.66], [28.9, 28.9, 28.9, 28.67, 28.7, 28.79, 28.73, 28.64, 28.12, 28.14, 28.33, 28.21, 28.25, 28.23, 28.66, 28.64, 28.65, 28.66, 28.66, 28.65], [28.9, 28.9, 28.9, 28.9, 28.9, 28.9, 28.9, 28.9, 28.72, 28.23, 27.9, 28.17, 28.2, 28.2, 28.66, 28.64, 28.65, 28.65, 28.65, 28.65], [28.9, 28.9, 28.9, 28.9, 28.9, 28.9, 28.9, 28.9, 28.9, -999.0, 27.9, 28.6, 28.6, 28.18, 28.66, 28.64, 28.64, 27.96, 27.98, 27.98], [28.9, 28.9, 28.9, 28.9, 28.9, 28.9, 28.9, 28.9, 28.9, 28.9, -999.0, 28.6, 28.6, 27.82, 28.16, 28.23, 28.24, 28.08, 28.1, 28.11], [28.9, 28.9, 28.9, 28.9, 28.9, 28.9, 28.9, 28.9, 28.9, 28.9, -999.0, 27.4, 27.4, 27.4, 28.06, 28.12, 28.14, 27.98, 28.01, 28.04], [28.9, 28.9, 28.9, 28.9, 28.9, 28.9, 28.9, 28.7, 28.7, 28.7, 28.7, 28.2, 27.4, 27.4, 27.4, 28.0, 28.03, 27.88, 27.93, 27.97], [28.9, 28.9, 28.77, 28.77, 28.77, 28.7, 28.7, 28.7, 28.7, 28.7, 27.88, 27.97, 27.85, 27.74, 27.86, 27.84, 27.91, 27.79, 28.06, 28.11], [28.77, 28.77, 28.83, 28.83, 28.7, 28.7, 28.7, 28.7, 28.7, 28.7, 28.14, 27.98, 27.81, 27.65, 27.69, 27.63, 27.71, 27.77, 27.82, 27.85], [28.83, 28.83, 28.82, 28.82, 28.7, 28.7, 28.7, 28.7, 28.7, 28.37, 28.2, 28.0, 27.8, 27.7, 27.44, 27.6, 27.72, 27.79, 27.84, 27.87], [28.82, 28.82, 28.82, 28.7, 28.7, 28.7, 28.7, 28.7, 28.58, 28.45, 28.29, 28.12, 27.97, 27.8, 27.59, 27.67, 27.77, 27.83, 27.87, 27.89], [28.82, 28.82, 28.59, 28.59, 28.6, 28.61, 28.63, 28.67, 28.56, 28.44, 28.3, 28.17, 28.06, 27.96, 27.74, 27.79, 27.85, 27.9, 27.92, 27.93], [28.58, 28.58, 28.58, 28.62, 28.62, 28.63, 28.63, 28.64, 28.45, 28.39, 28.31, 28.21, 28.13, 27.84, 27.86, 27.91, 27.95, 27.97, 27.97, 27.97], [28.61, 28.61, 28.61, 28.61, 28.61, 28.61, 28.62, 28.61, 28.4, 28.37, 28.31, 28.24, 28.14, 27.91, 27.96, 28.01, 28.05, 28.05, 28.02, 28.0], [28.6, 28.6, 28.6, 28.6, 28.6, 28.6, 28.6, 28.59, 28.59, 28.58, 28.58, 28.59, 28.3, 27.97, 28.02, 28.1, 28.18, 28.13, 28.05, 28.02], [28.6, 28.6, 28.6, 28.6, 28.59, 28.59, 28.58, 28.57, 28.56, 28.56, 28.56, 28.55, 28.3, 28.27, 28.25, 28.13, 28.37, 28.1, 28.04, 28.02], [28.6, 28.6, 28.59, 28.59, 28.59, 28.58, 28.58, 28.56, 28.54, 28.52, 28.55, 28.55, 28.56, 28.27, 28.23, 28.2, 28.04, 27.93, 28.01, 28.01], [28.6, 28.59, 28.59, 28.59, 28.59, 28.58, 28.57, 28.56, 28.54, 28.53, 28.54, 28.55, 28.56, 28.26, 28.23, 28.2, 28.14, 28.1, 28.0, 28.0], [28.59, 28.59, 28.59, 28.59, 28.58, 28.58, 28.57, 28.57, 28.56, 28.56, 28.55, 28.56, 28.56, 28.31, 28.26, 28.22, 28.18, 28.16, 28.17, 28.18], [28.59, 28.59, 28.59, 28.59, 28.58, 28.58, 28.58, 28.57, 28.57, 28.57, 28.57, 28.44, 28.38, 28.31, 28.29, 28.25, 28.22, 28.2, 28.2, 28.2], [28.59, 28.59, 28.59, 28.59, 28.58, 28.58, 28.58, 28.58, 28.58, 28.58, 28.56, 28.47, 28.4, 28.33, 28.31, 28.27, 28.25, 28.23, 28.22, 28.22], [28.59, 28.59, 28.59, 28.59, 28.59, 28.58, 28.58, 28.58, 28.47, 28.51, 28.53, 28.47, 28.41, 28.35, 28.33, 28.29, 28.27, 28.25, 28.24, 28.24], [28.59, 28.59, 28.59, 28.59, 28.59, 28.58, 28.58, 28.58, 28.45, 28.47, 28.47, 28.44, 28.4, 28.35, 28.34, 28.31, 28.28, 28.27, 28.26, 28.25], [28.59, 28.59, 28.59, 28.59, 28.59, 28.59, 28.59, 28.42, 28.43, 28.44, 28.43, 28.41, 28.38, 28.35, 28.34, 28.32, 28.3, 28.28, 28.27, 28.26]]}