awsData/contour/temp_2023092422.json
{"header": {"refTime": "2023-09-24T22:00:00.000Z", "nx": 21, "ny": 33, "lo1": 113.509, "la1": 22.2235, "lo2": 113.5947, "la2": 22.1034, "dx": 0.0042850000000001385, "dy": 0.003753125000000024, "parameterCategory": 0, "parameterCategoryName": "Temperature", "parameterNumber": 0}, "z": [[29.04, 29.04, 29.03, 28.81, 28.82, 29.07, 29.07, 29.08, 29.09, 29.0, 28.99, 28.99, 29.2, 29.21, 29.13, 29.11, 29.13, 29.12, 29.11, 29.11], [29.04, 29.03, 29.03, 29.03, 28.82, 28.84, 29.07, 29.08, 29.09, 29.01, 29.0, 29.0, 29.21, 29.22, 29.13, 29.14, 29.13, 29.11, 29.11, 29.1], [29.04, 29.03, 29.03, 29.03, 28.81, 28.84, 28.88, 29.08, 29.1, 29.02, 29.0, 29.01, 29.22, 29.23, 29.16, 29.14, 29.12, 29.1, 29.1, 29.09], [29.04, 29.04, 29.03, 29.03, 29.03, 28.82, 28.85, 28.9, 28.95, 28.99, 28.99, 29.04, 29.24, 29.08, 29.16, 29.13, 29.1, 29.09, 29.08, 29.08], [29.04, 29.04, 29.03, 29.03, 29.02, 28.79, 28.81, 28.82, 28.82, 28.92, 28.95, 29.08, 29.21, 29.11, 29.16, 29.12, 29.08, 29.06, 29.06, 29.06], [29.04, 29.04, 29.04, 29.03, 29.02, 29.01, 28.77, 28.76, 28.74, 28.69, 28.89, 29.02, 29.13, 29.27, 29.15, 29.09, 29.04, 29.02, 29.03, 29.05], [29.02, 29.04, 29.04, 29.04, 29.03, 29.01, 28.77, 28.74, 28.71, 28.65, 28.63, 28.93, 29.24, 29.25, 29.13, 29.07, 28.99, 28.96, 28.97, 29.0], [29.03, 29.03, 29.03, 29.03, 29.02, 28.84, 28.8, 28.77, 28.77, 28.61, 28.45, 28.92, 28.93, 29.25, 29.01, 29.04, 28.98, 28.95, 28.99, 29.02], [28.97, 28.98, 29.05, 29.05, 29.06, 29.04, 28.99, 28.79, 28.64, 28.67, 28.65, 28.78, 28.84, 28.76, 29.02, 29.06, 29.02, 29.0, 29.01, 29.03], [29.2, 29.2, 29.2, 29.01, 29.04, 29.11, 29.06, 28.99, 28.52, 28.54, 28.85, 28.7, 28.74, 28.72, 29.02, 29.07, 29.04, 29.03, 29.03, 29.04], [29.2, 29.2, 29.2, 29.2, 29.2, 29.2, 29.2, 29.2, 29.06, 28.63, 28.3, 28.64, 28.68, 28.69, 29.02, 29.08, 29.06, 29.05, 29.05, 29.05], [29.2, 29.2, 29.2, 29.2, 29.2, 29.2, 29.2, 29.2, 29.2, -999.0, 28.3, 29.2, 29.2, 28.66, 29.01, 29.09, 29.08, 28.33, 28.35, 28.35], [29.2, 29.2, 29.2, 29.2, 29.2, 29.2, 29.2, 29.2, 29.2, 29.2, -999.0, 29.2, 29.2, 28.35, 28.72, 28.54, 28.54, 28.42, 28.44, 28.45], [29.2, 29.2, 29.2, 29.2, 29.2, 29.2, 29.2, 29.2, 29.2, 29.2, -999.0, 27.9, 27.9, 27.9, 28.61, 28.45, 28.47, 28.34, 28.37, 28.39], [29.2, 29.2, 29.2, 29.2, 29.2, 29.2, 29.2, 29.2, 29.2, 29.2, 29.2, 28.7, 27.9, 27.9, 27.9, 28.36, 28.39, 28.27, 28.31, 28.34], [29.2, 29.2, 29.2, 29.2, 29.2, 29.2, 29.2, 29.2, 29.2, 29.2, 28.38, 28.47, 28.35, 28.24, 28.36, 28.19, 28.24, 28.16, 28.38, 28.41], [29.2, 29.2, 29.2, 29.2, 29.2, 29.2, 29.2, 29.2, 29.2, 29.2, 28.64, 28.48, 28.31, 28.15, 28.14, 28.11, 28.18, 28.24, 28.28, 28.31], [29.2, 29.2, 29.2, 29.2, 29.2, 29.2, 29.2, 29.2, 29.2, 28.87, 28.7, 28.5, 28.3, 28.16, 27.94, 28.09, 28.19, 28.26, 28.3, 28.33], [29.2, 29.2, 29.2, 29.2, 29.2, 29.2, 29.2, 29.2, 29.08, 28.95, 28.77, 28.61, 28.4, 28.24, 28.07, 28.15, 28.23, 28.3, 28.33, 28.35], [29.2, 29.2, 29.03, 29.04, 29.05, 29.06, 29.09, 29.15, 29.04, 28.92, 28.78, 28.64, 28.47, 28.36, 28.21, 28.25, 28.31, 28.35, 28.37, 28.39], [29.02, 29.02, 29.03, 29.08, 29.08, 29.09, 29.1, 29.11, 28.93, 28.87, 28.78, 28.68, 28.52, 28.29, 28.31, 28.35, 28.39, 28.41, 28.42, 28.42], [29.06, 29.06, 29.06, 29.07, 29.07, 29.07, 29.07, 29.11, 28.87, 28.83, 28.77, 28.7, 28.48, 28.36, 28.39, 28.44, 28.47, 28.48, 28.47, 28.45], [29.05, 29.05, 29.05, 29.12, 29.11, 29.11, 29.1, 29.09, 29.08, 29.07, 29.08, 28.94, 28.71, 28.41, 28.45, 28.5, 28.55, 28.54, 28.5, 28.48], [29.12, 29.12, 29.12, 29.11, 29.11, 29.1, 29.08, 29.06, 29.04, 29.03, 29.05, 28.95, 28.72, 28.69, 28.66, 28.54, 28.63, 28.56, 28.52, 28.49], [29.12, 29.12, 29.12, 29.11, 29.1, 29.09, 29.08, 29.05, 29.0, 28.96, 29.02, 28.96, 28.95, 28.69, 28.66, 28.64, 28.55, 28.53, 28.52, 28.5], [29.12, 29.12, 29.12, 29.11, 29.11, 29.1, 29.08, 29.05, 29.01, 28.97, 28.98, 28.99, 28.98, 28.69, 28.67, 28.7, 28.66, 28.65, 28.51, 28.49], [29.12, 29.12, 29.12, 29.11, 29.11, 29.1, 29.09, 29.08, 29.07, 29.07, 29.03, 29.03, 29.01, 28.85, 28.79, 28.74, 28.71, 28.69, 28.69, 28.7], [29.12, 29.12, 29.12, 29.12, 29.12, 29.11, 29.11, 29.11, 29.12, 29.1, 29.12, 29.06, 29.01, 28.95, 28.83, 28.78, 28.75, 28.73, 28.72, 28.72], [29.13, 29.12, 29.12, 29.12, 29.12, 29.12, 29.13, 29.14, 29.16, 29.18, 29.23, 29.12, 29.04, 28.98, 28.86, 28.81, 28.78, 28.76, 28.75, 28.75], [29.13, 29.13, 29.13, 29.13, 29.13, 29.13, 29.14, 29.15, 29.1, 29.16, 29.2, 29.13, 29.05, 28.99, 28.89, 28.84, 28.81, 28.79, 28.77, 28.77], [29.13, 29.13, 29.13, 29.13, 29.13, 29.14, 29.15, 29.16, 29.08, 29.11, 29.12, 29.09, 29.04, 29.0, 28.9, 28.86, 28.83, 28.81, 28.79, 28.78], [29.13, 29.13, 29.13, 29.14, 29.14, 29.14, 29.15, 29.04, 29.06, 29.08, 29.08, 29.06, 29.03, 28.99, 28.91, 28.87, 28.84, 28.82, 28.81, 28.8]]}