awsData/contour/temp_2023092423.json
{"header": {"refTime": "2023-09-24T23:00:00.000Z", "nx": 21, "ny": 33, "lo1": 113.509, "la1": 22.2235, "lo2": 113.5947, "la2": 22.1034, "dx": 0.0042850000000001385, "dy": 0.003753125000000024, "parameterCategory": 0, "parameterCategoryName": "Temperature", "parameterNumber": 0}, "z": [[28.83, 28.82, 28.82, 28.61, 28.62, 28.82, 28.82, 28.82, 28.83, 28.78, 28.79, 28.79, 28.94, 28.95, 28.92, 28.92, 28.94, 28.93, 28.93, 28.92], [28.83, 28.83, 28.82, 28.82, 28.62, 28.64, 28.81, 28.82, 28.82, 28.78, 28.79, 28.8, 28.95, 28.96, 28.93, 28.95, 28.94, 28.93, 28.92, 28.92], [28.83, 28.83, 28.82, 28.82, 28.62, 28.63, 28.66, 28.81, 28.8, 28.78, 28.8, 28.82, 28.97, 28.98, 28.96, 28.95, 28.93, 28.92, 28.92, 28.91], [28.84, 28.83, 28.83, 28.82, 28.81, 28.62, 28.64, 28.67, 28.7, 28.77, 28.8, 28.85, 29.0, 28.9, 28.97, 28.94, 28.92, 28.91, 28.91, 28.91], [28.84, 28.84, 28.83, 28.83, 28.81, 28.6, 28.61, 28.62, 28.62, 28.74, 28.78, 28.9, 29.02, 28.92, 28.96, 28.93, 28.91, 28.9, 28.89, 28.9], [28.85, 28.84, 28.84, 28.83, 28.82, 28.8, 28.59, 28.58, 28.57, 28.54, 28.74, 28.85, 28.94, 29.03, 28.95, 28.92, 28.88, 28.87, 28.88, 28.89], [28.88, 28.85, 28.85, 28.85, 28.83, 28.81, 28.65, 28.57, 28.55, 28.52, 28.51, 28.75, 28.99, 29.0, 28.93, 28.9, 28.85, 28.83, 28.86, 28.87], [28.89, 28.89, 28.89, 28.89, 28.88, 28.72, 28.67, 28.62, 28.58, 28.5, 28.39, 28.72, 28.72, 29.0, 28.84, 28.85, 28.83, 28.82, 28.83, 28.84], [28.81, 28.82, 28.91, 28.92, 28.92, 28.9, 28.84, 28.65, 28.5, 28.54, 28.53, 28.62, 28.66, 28.6, 28.84, 28.85, 28.84, 28.83, 28.84, 28.84], [29.1, 29.1, 29.1, 28.87, 28.9, 28.99, 28.93, 28.84, 28.43, 28.45, 28.66, 28.56, 28.6, 28.58, 28.84, 28.86, 28.85, 28.84, 28.84, 28.85], [29.1, 29.1, 29.1, 29.1, 29.1, 29.1, 29.1, 29.1, 28.92, 28.5, 28.3, 28.53, 28.56, 28.56, 28.84, 28.86, 28.85, 28.85, 28.85, 28.85], [29.1, 29.1, 29.1, 29.1, 29.1, 29.1, 29.1, 29.1, 29.1, -999.0, 28.3, 28.9, 28.9, 28.54, 28.84, 28.86, 28.86, 28.17, 28.19, 28.19], [29.1, 29.1, 29.1, 29.1, 29.1, 29.1, 29.1, 29.1, 29.1, 29.1, -999.0, 28.9, 28.9, 28.12, 28.46, 28.4, 28.41, 28.27, 28.29, 28.3], [29.1, 29.1, 29.1, 29.1, 29.1, 29.1, 29.1, 29.1, 29.1, 29.1, -999.0, 27.7, 27.7, 27.7, 28.36, 28.31, 28.33, 28.19, 28.22, 28.24], [29.1, 29.1, 29.1, 29.1, 29.1, 29.1, 29.1, 28.9, 28.9, 28.9, 28.9, 28.44, 27.7, 27.7, 27.7, 28.2, 28.24, 28.11, 28.15, 28.18], [29.1, 29.1, 28.97, 28.97, 28.97, 28.9, 28.9, 28.9, 28.9, 28.9, 28.14, 28.23, 28.11, 28.02, 28.13, 28.07, 28.12, 28.02, 28.26, 28.3], [28.97, 28.97, 29.03, 29.03, 28.9, 28.9, 28.9, 28.9, 28.9, 28.9, 28.38, 28.24, 28.08, 27.93, 27.95, 27.91, 27.99, 28.04, 28.09, 28.11], [29.03, 29.03, 29.02, 29.02, 28.9, 28.9, 28.9, 28.9, 28.9, 28.6, 28.43, 28.25, 28.07, 27.96, 27.74, 27.89, 27.99, 28.06, 28.11, 28.13], [29.02, 29.02, 29.02, 28.9, 28.9, 28.9, 28.9, 28.9, 28.79, 28.67, 28.54, 28.39, 28.21, 28.05, 27.87, 27.95, 28.04, 28.1, 28.14, 28.16], [29.02, 29.02, 28.84, 28.85, 28.85, 28.85, 28.86, 28.88, 28.78, 28.68, 28.55, 28.43, 28.28, 28.19, 28.02, 28.06, 28.12, 28.16, 28.18, 28.19], [28.84, 28.84, 28.84, 28.86, 28.86, 28.86, 28.87, 28.87, 28.69, 28.64, 28.56, 28.47, 28.35, 28.1, 28.13, 28.17, 28.2, 28.22, 28.23, 28.22], [28.85, 28.85, 28.85, 28.86, 28.86, 28.86, 28.86, 28.9, 28.66, 28.62, 28.57, 28.51, 28.38, 28.17, 28.21, 28.26, 28.29, 28.29, 28.27, 28.26], [28.85, 28.85, 28.85, 28.91, 28.91, 28.91, 28.9, 28.9, 28.89, 28.89, 28.89, 28.8, 28.56, 28.22, 28.27, 28.33, 28.4, 28.36, 28.31, 28.28], [28.92, 28.92, 28.92, 28.92, 28.91, 28.91, 28.9, 28.89, 28.88, 28.87, 28.88, 28.85, 28.57, 28.53, 28.5, 28.37, 28.54, 28.36, 28.31, 28.28], [28.92, 28.92, 28.92, 28.92, 28.92, 28.91, 28.9, 28.89, 28.86, 28.84, 28.87, 28.86, 28.86, 28.53, 28.49, 28.45, 28.31, 28.25, 28.29, 28.28], [28.93, 28.93, 28.92, 28.92, 28.92, 28.92, 28.91, 28.89, 28.87, 28.85, 28.86, 28.88, 28.87, 28.53, 28.49, 28.49, 28.43, 28.41, 28.28, 28.27], [28.93, 28.93, 28.93, 28.93, 28.93, 28.92, 28.92, 28.92, 28.91, 28.91, 28.91, 28.91, 28.9, 28.65, 28.59, 28.53, 28.49, 28.47, 28.47, 28.49], [28.93, 28.93, 28.93, 28.93, 28.93, 28.93, 28.94, 28.94, 28.95, 28.96, 28.97, 28.86, 28.79, 28.72, 28.62, 28.57, 28.53, 28.51, 28.51, 28.51], [28.93, 28.93, 28.94, 28.94, 28.94, 28.94, 28.95, 28.96, 28.98, 29.01, 29.04, 28.92, 28.83, 28.75, 28.66, 28.61, 28.57, 28.55, 28.54, 28.53], [28.94, 28.94, 28.94, 28.94, 28.94, 28.95, 28.96, 28.97, 28.9, 28.96, 29.0, 28.92, 28.84, 28.77, 28.68, 28.63, 28.6, 28.58, 28.56, 28.56], [28.94, 28.94, 28.94, 28.94, 28.95, 28.95, 28.96, 28.98, 28.88, 28.91, 28.92, 28.88, 28.83, 28.77, 28.7, 28.65, 28.62, 28.6, 28.58, 28.58], [28.94, 28.94, 28.94, 28.95, 28.95, 28.96, 28.96, 28.84, 28.86, 28.87, 28.87, 28.85, 28.81, 28.77, 28.7, 28.67, 28.64, 28.62, 28.6, 28.59]]}