awsData/contour/temp_2023092413.json
{"header": {"refTime": "2023-09-24T13:00:00.000Z", "nx": 21, "ny": 33, "lo1": 113.509, "la1": 22.2235, "lo2": 113.5947, "la2": 22.1034, "dx": 0.0042850000000001385, "dy": 0.003753125000000024, "parameterCategory": 0, "parameterCategoryName": "Temperature", "parameterNumber": 0}, "z": [[30.76, 30.77, 30.77, 30.66, 30.68, 30.75, 30.78, 30.81, 30.82, 30.79, 30.75, 30.7, 30.98, 30.98, 30.71, 30.7, 30.83, 30.83, 30.83, 30.83], [30.75, 30.76, 30.77, 30.78, 30.68, 30.71, 30.8, 30.86, 30.89, 30.84, 30.76, 30.69, 30.96, 30.95, 30.69, 30.82, 30.82, 30.82, 30.82, 30.83], [30.75, 30.75, 30.76, 30.77, 30.66, 30.7, 30.76, 30.9, 31.05, 30.87, 30.74, 30.66, 30.91, 30.92, 30.81, 30.82, 30.82, 30.81, 30.81, 30.82], [30.74, 30.74, 30.75, 30.75, 30.76, 30.67, 30.72, 30.8, 30.88, 30.81, 30.69, 30.62, 30.83, 30.71, 30.8, 30.81, 30.81, 30.8, 30.8, 30.81], [30.74, 30.74, 30.74, 30.74, 30.74, 30.62, 30.64, 30.67, 30.68, 30.69, 30.62, 30.67, 30.59, 30.7, 30.81, 30.81, 30.79, 30.78, 30.78, 30.79], [30.73, 30.73, 30.73, 30.72, 30.71, 30.7, 30.56, 30.55, 30.53, 30.52, 30.72, 30.73, 30.69, 30.87, 30.84, 30.81, 30.76, 30.74, 30.76, 30.78], [30.58, 30.72, 30.72, 30.71, 30.69, 30.67, 30.43, 30.45, 30.42, 30.55, 30.63, 30.88, 31.13, 31.06, 30.89, 30.81, 30.71, 30.67, 30.58, 30.58], [30.59, 30.59, 30.59, 30.59, 30.58, 30.49, 30.44, 30.37, 30.38, 30.51, 30.45, 31.2, 31.21, 31.05, 30.97, 31.08, 30.86, 30.78, 30.91, 30.99], [30.51, 30.52, 30.61, 30.62, 30.62, 30.6, 30.54, 30.42, 30.3, 30.58, 30.8, 30.99, 31.08, 30.96, 31.0, 31.12, 30.99, 30.94, 30.97, 31.02], [30.8, 30.8, 30.8, 30.57, 30.6, 30.69, 30.63, 30.54, 30.3, 30.3, 31.09, 30.87, 30.94, 30.91, 31.0, 31.16, 31.08, 31.04, 31.04, 31.06], [30.8, 30.8, 30.8, 30.8, 30.8, 30.8, 30.8, 30.8, 30.62, 30.3, 30.3, 30.8, 30.85, 30.86, 30.99, 31.2, 31.14, 31.1, 31.09, 31.1], [30.8, 30.8, 30.8, 30.8, 30.8, 30.8, 30.8, 30.8, 30.8, -999.0, 30.3, 31.6, 31.6, 30.82, 30.98, 31.23, 31.19, 30.15, 30.16, 30.16], [30.8, 30.8, 30.8, 30.8, 30.8, 30.8, 30.8, 30.8, 30.8, 30.8, -999.0, 31.6, 31.6, 30.42, 30.94, 30.31, 30.31, 30.22, 30.23, 30.24], [30.8, 30.8, 30.8, 30.8, 30.8, 30.8, 30.8, 30.8, 30.8, 30.8, -999.0, 29.8, 29.8, 29.8, 30.79, 30.24, 30.25, 30.15, 30.18, 30.19], [30.8, 30.8, 30.8, 30.8, 30.8, 30.8, 30.8, 31.9, 31.9, 31.9, 31.9, 31.09, 29.8, 29.8, 29.8, 30.17, 30.19, 30.1, 30.13, 30.15], [30.8, 30.8, 31.49, 31.5, 31.53, 31.9, 31.9, 31.9, 31.9, 31.9, 30.58, 30.73, 30.52, 30.35, 30.55, 29.95, 29.97, 29.93, 30.12, 30.14], [31.51, 31.51, 31.19, 31.21, 31.9, 31.9, 31.9, 31.9, 31.9, 31.9, 31.0, 30.74, 30.46, 30.21, 30.09, 30.0, 30.08, 30.13, 30.17, 30.2], [31.19, 31.21, 31.23, 31.25, 31.9, 31.9, 31.9, 31.9, 31.9, 31.37, 31.08, 30.77, 30.44, 30.12, 29.84, 29.98, 30.08, 30.15, 30.19, 30.22], [31.21, 31.23, 31.26, 31.9, 31.9, 31.9, 31.9, 31.9, 31.71, 31.49, 31.22, 30.96, 30.45, 30.21, 29.96, 30.04, 30.12, 30.18, 30.22, 30.25], [31.23, 31.25, 31.67, 31.68, 31.7, 31.72, 31.75, 31.83, 31.66, 31.47, 31.24, 31.02, 30.52, 30.35, 30.1, 30.14, 30.19, 30.23, 30.26, 30.28], [31.66, 31.66, 31.67, 31.73, 31.74, 31.75, 31.77, 31.79, 31.48, 31.38, 31.24, 31.08, 30.56, 30.18, 30.19, 30.22, 30.26, 30.29, 30.3, 30.31], [31.71, 31.72, 31.72, 31.72, 31.72, 31.73, 31.73, 31.76, 31.39, 31.33, 31.24, 31.13, 30.48, 30.24, 30.26, 30.29, 30.32, 30.34, 30.35, 30.35], [31.71, 31.71, 31.71, 31.75, 31.75, 31.75, 31.74, 31.72, 31.71, 31.7, 31.71, 31.28, 30.86, 30.29, 30.32, 30.34, 30.35, 30.38, 30.4, 30.38], [31.76, 31.76, 31.75, 31.75, 31.74, 31.73, 31.71, 31.69, 31.66, 31.65, 31.67, 31.28, 30.88, 30.77, 30.66, 30.38, 30.31, 30.47, 30.45, 30.41], [31.76, 31.75, 31.75, 31.74, 31.73, 31.72, 31.7, 31.67, 31.61, 31.57, 31.64, 31.33, 31.22, 30.79, 30.69, 30.61, 30.51, 30.59, 30.48, 30.43], [31.75, 31.75, 31.75, 31.74, 31.73, 31.72, 31.7, 31.67, 31.62, 31.58, 31.44, 31.38, 31.28, 30.81, 30.72, 30.72, 30.69, 30.69, 30.46, 30.43], [31.75, 31.75, 31.75, 31.74, 31.74, 31.73, 31.71, 31.7, 31.68, 31.68, 31.49, 31.44, 31.35, 31.0, 30.89, 30.8, 30.76, 30.74, 30.74, 30.75], [31.75, 31.75, 31.75, 31.74, 31.74, 31.74, 31.73, 31.73, 31.74, 31.59, 31.61, 31.62, 31.54, 31.46, 30.97, 30.88, 30.82, 30.79, 30.78, 30.78], [31.75, 31.75, 31.75, 31.75, 31.75, 31.75, 31.75, 31.75, 31.78, 31.7, 31.82, 31.69, 31.58, 31.5, 31.03, 30.94, 30.88, 30.85, 30.83, 30.82], [31.76, 31.75, 31.75, 31.75, 31.75, 31.75, 31.76, 31.77, 31.66, 31.74, 31.78, 31.69, 31.6, 31.52, 31.08, 31.0, 30.93, 30.89, 30.87, 30.86], [31.76, 31.76, 31.76, 31.76, 31.76, 31.76, 31.77, 31.78, 31.64, 31.68, 31.69, 31.65, 31.58, 31.52, 31.11, 31.03, 30.97, 30.93, 30.9, 30.89], [31.76, 31.76, 31.76, 31.76, 31.76, 31.76, 31.77, 31.59, 31.61, 31.63, 31.63, 31.6, 31.56, 31.52, 31.12, 31.05, 31.0, 30.96, 30.93, 30.91]]}