awsData/contour/temp_2023092412.json
{"header": {"refTime": "2023-09-24T12:00:00.000Z", "nx": 21, "ny": 33, "lo1": 113.509, "la1": 22.2235, "lo2": 113.5947, "la2": 22.1034, "dx": 0.0042850000000001385, "dy": 0.003753125000000024, "parameterCategory": 0, "parameterCategoryName": "Temperature", "parameterNumber": 0}, "z": [[29.92, 29.93, 29.94, 29.79, 29.81, 30.14, 30.15, 30.16, 30.17, 30.08, 30.08, 30.08, 30.42, 30.43, 30.24, 30.22, 30.31, 30.3, 30.29, 30.28], [29.92, 29.92, 29.93, 29.95, 29.81, 29.84, 30.15, 30.16, 30.18, 30.1, 30.09, 30.09, 30.42, 30.44, 30.25, 30.33, 30.3, 30.29, 30.27, 30.27], [29.91, 29.92, 29.93, 29.94, 29.8, 29.84, 29.89, 30.16, 30.19, 30.11, 30.09, 30.11, 30.44, 30.45, 30.36, 30.32, 30.29, 30.27, 30.26, 30.25], [29.91, 29.91, 29.92, 29.92, 29.94, 29.81, 29.85, 29.93, 29.99, 30.08, 30.08, 30.15, 30.46, 30.27, 30.36, 30.31, 30.27, 30.24, 30.23, 30.23], [29.9, 29.9, 29.9, 29.91, 29.91, 29.77, 29.79, 29.81, 29.81, 29.99, 30.03, 30.26, 30.41, 30.3, 30.36, 30.29, 30.23, 30.19, 30.19, 30.2], [29.89, 29.89, 29.89, 29.89, 29.89, 29.89, 29.73, 29.72, 29.69, 29.64, 30.03, 30.2, 30.33, 30.53, 30.35, 30.25, 30.16, 30.12, 30.14, 30.17], [29.76, 29.88, 29.88, 29.87, 29.87, 29.86, 29.6, 29.67, 29.64, 29.65, 29.65, 30.11, 30.56, 30.55, 30.33, 30.22, 30.07, 30.01, 30.01, 30.05], [29.76, 29.76, 29.76, 29.76, 29.76, 29.62, 29.62, 29.62, 29.7, 29.59, 29.4, 30.17, 30.18, 30.55, 30.16, 30.24, 30.08, 30.03, 30.12, 30.17], [29.74, 29.74, 29.76, 29.76, 29.76, 29.76, 29.75, 29.61, 29.54, 29.68, 29.74, 29.94, 30.04, 29.91, 30.18, 30.26, 30.18, 30.14, 30.16, 30.19], [29.8, 29.8, 29.8, 29.75, 29.76, 29.78, 29.77, 29.75, 29.42, 29.44, 30.05, 29.82, 29.89, 29.86, 30.18, 30.29, 30.24, 30.21, 30.21, 30.22], [29.8, 29.8, 29.8, 29.8, 29.8, 29.8, 29.8, 29.8, 29.76, 29.53, 29.2, 29.73, 29.8, 29.8, 30.17, 30.32, 30.28, 30.25, 30.25, 30.25], [29.8, 29.8, 29.8, 29.8, 29.8, 29.8, 29.8, 29.8, 29.8, -999.0, 29.2, 30.6, 30.6, 29.76, 30.16, 30.34, 30.32, 29.45, 29.46, 29.46], [29.8, 29.8, 29.8, 29.8, 29.8, 29.8, 29.8, 29.8, 29.8, 29.8, -999.0, 30.6, 30.6, 29.62, 30.05, 29.61, 29.61, 29.52, 29.53, 29.54], [29.8, 29.8, 29.8, 29.8, 29.8, 29.8, 29.8, 29.8, 29.8, 29.8, -999.0, 29.1, 29.1, 29.1, 29.92, 29.54, 29.55, 29.45, 29.48, 29.49], [29.8, 29.8, 29.8, 29.8, 29.8, 29.8, 29.8, 30.2, 30.2, 30.2, 30.2, 29.78, 29.1, 29.1, 29.1, 29.47, 29.49, 29.4, 29.43, 29.45], [29.8, 29.8, 30.05, 30.06, 30.06, 30.2, 30.2, 30.2, 30.2, 30.2, 29.51, 29.59, 29.48, 29.39, 29.49, 29.32, 29.35, 29.29, 29.47, 29.5], [30.06, 30.06, 29.94, 29.95, 30.2, 30.2, 30.2, 30.2, 30.2, 30.2, 29.73, 29.59, 29.45, 29.31, 29.3, 29.36, 29.46, 29.53, 29.58, 29.62], [29.94, 29.95, 29.95, 29.97, 30.2, 30.2, 30.2, 30.2, 30.2, 29.92, 29.77, 29.61, 29.44, 29.31, 29.13, 29.33, 29.46, 29.55, 29.61, 29.64], [29.95, 29.96, 29.97, 30.2, 30.2, 30.2, 30.2, 30.2, 30.1, 29.99, 30.05, 29.92, 29.51, 29.37, 29.31, 29.41, 29.52, 29.59, 29.64, 29.68], [29.96, 29.96, 30.71, 30.69, 30.66, 30.61, 30.54, 30.35, 30.2, 30.17, 30.1, 29.99, 29.56, 29.48, 29.48, 29.53, 29.6, 29.66, 29.69, 29.72], [30.75, 30.74, 30.72, 30.57, 30.55, 30.53, 30.49, 30.46, 30.24, 30.22, 30.17, 30.09, 29.61, 29.59, 29.61, 29.65, 29.7, 29.73, 29.75, 29.76], [30.62, 30.62, 30.61, 30.6, 30.6, 30.59, 30.58, 30.83, 30.33, 30.32, 30.27, 30.2, 29.94, 29.67, 29.7, 29.74, 29.78, 29.8, 29.81, 29.81], [30.64, 30.64, 30.64, 30.98, 30.97, 30.96, 30.95, 30.95, 30.97, 30.99, 31.02, 30.47, 30.4, 29.73, 29.77, 29.81, 29.83, 29.86, 29.87, 29.85], [31.04, 31.04, 31.03, 31.03, 31.03, 31.03, 31.04, 31.05, 31.07, 31.08, 31.1, 30.98, 30.42, 30.3, 30.18, 29.85, 29.81, 29.96, 29.93, 29.88], [31.07, 31.07, 31.07, 31.08, 31.08, 31.09, 31.11, 31.12, 31.12, 31.12, 31.15, 31.04, 30.93, 30.32, 30.21, 30.12, 29.99, 30.08, 29.96, 29.9], [31.09, 31.1, 31.11, 31.12, 31.13, 31.15, 31.17, 31.18, 31.17, 31.16, 31.16, 31.12, 31.02, 30.34, 30.24, 30.32, 30.25, 30.24, 29.94, 29.9], [31.12, 31.13, 31.14, 31.15, 31.17, 31.2, 31.23, 31.25, 31.28, 31.31, 31.28, 31.23, 31.12, 30.72, 30.55, 30.43, 30.35, 30.33, 30.33, 30.34], [31.14, 31.15, 31.17, 31.19, 31.21, 31.24, 31.28, 31.34, 31.41, 31.46, 31.5, 31.48, 31.36, 31.24, 30.66, 30.54, 30.45, 30.41, 30.4, 30.4], [31.16, 31.17, 31.19, 31.22, 31.25, 31.28, 31.33, 31.4, 31.51, 31.66, 31.86, 31.61, 31.44, 31.3, 30.76, 30.63, 30.54, 30.49, 30.46, 30.45], [31.18, 31.19, 31.21, 31.24, 31.27, 31.31, 31.36, 31.44, 31.55, 31.69, 31.78, 31.62, 31.46, 31.33, 30.83, 30.7, 30.62, 30.56, 30.52, 30.5], [31.19, 31.21, 31.23, 31.25, 31.29, 31.32, 31.38, 31.44, 31.52, 31.59, 31.61, 31.55, 31.44, 31.34, 30.87, 30.76, 30.67, 30.61, 30.57, 30.55], [31.2, 31.22, 31.24, 31.26, 31.29, 31.33, 31.37, 31.44, 31.48, 31.51, 31.51, 31.47, 31.41, 31.34, 30.88, 30.79, 30.71, 30.66, 30.61, 30.59]]}