awsData/contour/temp.json
{"header": {"refTime": "2023-09-25T11:20:00.000Z", "nx": 21, "ny": 33, "lo1": 113.509, "la1": 22.2235, "lo2": 113.5947, "la2": 22.1034, "dx": 0.0042850000000001385, "dy": 0.003753125000000024, "parameterCategory": 0, "parameterCategoryName": "Temperature", "parameterNumber": 0}, "z": [[30.66, 30.65, 30.63, 30.64, 30.62, 30.68, 30.65, 30.62, 30.61, 30.7, 30.79, 30.87, 31.05, 31.1, 30.79, 30.78, 31.14, 31.11, 31.09, 31.08], [30.67, 30.66, 30.64, 30.62, 30.62, 30.59, 30.62, 30.54, 30.5, 30.63, 30.78, 30.9, 31.09, 31.14, 30.83, 31.16, 31.12, 31.09, 31.07, 31.05], [30.68, 30.67, 30.65, 30.63, 30.63, 30.6, 30.54, 30.48, 30.27, 30.57, 30.8, 30.96, 31.16, 31.2, 31.22, 31.15, 31.1, 31.05, 31.03, 31.02], [30.69, 30.68, 30.67, 30.66, 30.63, 30.63, 30.58, 30.5, 30.42, 30.67, 30.89, 31.07, 31.27, 31.44, 31.22, 31.13, 31.05, 31.0, 30.98, 30.98], [30.71, 30.7, 30.69, 30.68, 30.67, 30.67, 30.65, 30.63, 30.62, 30.83, 30.99, 31.44, 31.48, 31.45, 31.22, 31.09, 30.98, 30.92, 30.92, 30.94], [30.72, 30.72, 30.72, 30.72, 30.71, 30.7, 30.72, 30.74, 30.76, 30.79, 31.37, 31.43, 31.46, 31.53, 31.19, 31.03, 30.86, 30.79, 30.83, 30.89], [30.96, 30.74, 30.75, 30.75, 30.75, 30.75, 30.98, 30.82, 30.85, 31.13, 31.19, 31.41, 31.56, 31.55, 31.17, 30.96, 30.69, 30.6, 30.6, 30.67], [30.96, 30.96, 30.96, 30.96, 30.96, 30.98, 30.97, 30.95, 30.96, 31.12, 31.14, 31.45, 31.45, 31.55, 30.85, 30.98, 30.71, 30.62, 30.77, 30.87], [30.94, 30.94, 30.96, 30.96, 30.96, 30.96, 30.95, 30.97, 30.96, 31.13, 31.29, 31.37, 31.4, 31.35, 30.88, 31.03, 30.87, 30.81, 30.84, 30.9], [31.0, 31.0, 31.0, 30.95, 30.96, 30.98, 30.97, 30.95, 31.01, 31.0, 31.4, 31.32, 31.35, 31.33, 30.88, 31.08, 30.98, 30.93, 30.93, 30.95], [31.0, 31.0, 31.0, 31.0, 31.0, 31.0, 31.0, 31.0, 30.96, 30.97, 31.1, 31.29, 31.31, 31.31, 30.87, 31.11, 31.04, 31.0, 30.99, 31.0], [31.0, 31.0, 31.0, 31.0, 31.0, 31.0, 31.0, 31.0, 31.0, -999.0, 31.1, 31.6, 31.6, 31.3, 30.85, 31.16, 31.11, 30.57, 30.57, 30.57], [31.0, 31.0, 31.0, 31.0, 31.0, 31.0, 31.0, 31.0, 31.0, 31.0, -999.0, 31.6, 31.6, 31.01, 31.27, 30.51, 30.51, 30.54, 30.54, 30.54], [31.0, 31.0, 31.0, 31.0, 31.0, 31.0, 31.0, 31.0, 31.0, 31.0, -999.0, 30.7, 30.7, 30.7, 31.19, 30.53, 30.53, 30.57, 30.56, 30.55], [31.0, 31.0, 31.0, 31.0, 31.0, 31.0, 31.0, 31.7, 31.7, 31.7, 31.7, 31.32, 30.7, 30.7, 30.7, 30.56, 30.55, 30.59, 30.58, 30.57], [31.0, 31.0, 31.44, 31.45, 31.46, 31.7, 31.7, 31.7, 31.7, 31.7, 31.07, 31.14, 31.05, 30.96, 31.06, 30.22, 30.15, 30.28, 30.27, 30.24], [31.45, 31.45, 31.25, 31.26, 31.7, 31.7, 31.7, 31.7, 31.7, 31.7, 31.27, 31.15, 31.02, 30.9, 30.67, 30.51, 30.45, 30.4, 30.36, 30.34], [31.25, 31.26, 31.27, 31.29, 31.7, 31.7, 31.7, 31.7, 31.7, 31.45, 31.31, 31.16, 31.01, 30.69, 30.69, 30.53, 30.44, 30.38, 30.34, 30.32], [31.26, 31.27, 31.29, 31.7, 31.7, 31.7, 31.7, 31.7, 31.61, 31.51, 31.3, 31.17, 30.74, 30.67, 30.54, 30.47, 30.39, 30.34, 30.31, 30.3], [31.27, 31.28, 31.36, 31.37, 31.4, 31.43, 31.48, 31.6, 31.54, 31.42, 31.3, 31.19, 30.71, 30.62, 30.41, 30.37, 30.32, 30.29, 30.27, 30.27], [31.33, 31.34, 31.35, 31.45, 31.46, 31.48, 31.5, 31.53, 31.4, 31.35, 31.27, 31.19, 30.65, 30.34, 30.31, 30.27, 30.24, 30.22, 30.23, 30.24], [31.42, 31.42, 31.43, 31.43, 31.44, 31.44, 31.45, 31.56, 31.31, 31.28, 31.23, 31.19, 30.42, 30.27, 30.23, 30.18, 30.14, 30.15, 30.19, 30.22], [31.41, 31.41, 31.41, 31.58, 31.57, 31.56, 31.54, 31.52, 31.49, 31.48, 31.49, 30.83, 30.44, 30.23, 30.17, 30.09, 29.99, 30.08, 30.17, 30.21], [31.6, 31.6, 31.59, 31.58, 31.57, 31.55, 31.52, 31.47, 31.41, 31.39, 31.43, 30.93, 30.47, 30.35, 30.23, 30.06, 29.73, 30.15, 30.21, 30.22], [31.6, 31.6, 31.59, 31.58, 31.57, 31.54, 31.51, 31.44, 31.33, 31.24, 31.38, 31.01, 30.87, 30.38, 30.27, 30.2, 30.24, 30.41, 30.27, 30.24], [31.61, 31.6, 31.6, 31.59, 31.57, 31.55, 31.52, 31.46, 31.36, 31.27, 31.15, 31.09, 30.97, 30.41, 30.32, 30.43, 30.4, 30.42, 30.27, 30.25], [31.61, 31.61, 31.6, 31.6, 31.59, 31.57, 31.56, 31.53, 31.5, 31.51, 31.28, 31.22, 31.09, 30.82, 30.66, 30.55, 30.49, 30.47, 30.47, 30.48], [31.62, 31.61, 31.61, 31.61, 31.61, 31.6, 31.6, 31.61, 31.64, 31.48, 31.53, 31.61, 31.52, 31.43, 30.77, 30.65, 30.58, 30.54, 30.53, 30.52], [31.62, 31.62, 31.62, 31.62, 31.62, 31.63, 31.65, 31.68, 31.74, 31.71, 31.96, 31.74, 31.59, 31.48, 30.87, 30.74, 30.66, 30.61, 30.59, 30.57], [31.63, 31.63, 31.63, 31.63, 31.64, 31.65, 31.68, 31.71, 31.68, 31.81, 31.89, 31.75, 31.61, 31.51, 30.94, 30.82, 30.73, 30.68, 30.64, 30.62], [31.63, 31.64, 31.64, 31.65, 31.65, 31.67, 31.69, 31.73, 31.65, 31.72, 31.74, 31.68, 31.6, 31.52, 30.98, 30.87, 30.79, 30.73, 30.69, 30.66], [31.64, 31.64, 31.65, 31.65, 31.66, 31.68, 31.7, 31.57, 31.61, 31.65, 31.65, 31.62, 31.57, 31.51, 30.99, 30.9, 30.82, 30.77, 30.73, 30.7]]}