awsData/contour/temp_2023092501.json
{"header": {"refTime": "2023-09-25T01:00:00.000Z", "nx": 21, "ny": 33, "lo1": 113.509, "la1": 22.2235, "lo2": 113.5947, "la2": 22.1034, "dx": 0.0042850000000001385, "dy": 0.003753125000000024, "parameterCategory": 0, "parameterCategoryName": "Temperature", "parameterNumber": 0}, "z": [[28.77, 28.77, 28.77, 28.54, 28.55, 28.84, 28.84, 28.84, 28.85, 28.75, 28.75, 28.76, 28.96, 28.97, 28.97, 28.96, 28.95, 28.94, 28.94, 28.93], [28.77, 28.77, 28.77, 28.76, 28.55, 28.57, 28.83, 28.83, 28.84, 28.75, 28.76, 28.78, 28.97, 28.98, 28.98, 28.96, 28.95, 28.94, 28.93, 28.93], [28.77, 28.77, 28.77, 28.76, 28.54, 28.56, 28.6, 28.82, 28.81, 28.76, 28.77, 28.8, 29.0, 29.0, 28.98, 28.96, 28.94, 28.93, 28.92, 28.92], [28.77, 28.77, 28.77, 28.76, 28.76, 28.55, 28.58, 28.62, 28.66, 28.74, 28.76, 28.84, 29.04, 28.87, 28.99, 28.96, 28.93, 28.92, 28.91, 28.91], [28.77, 28.77, 28.77, 28.76, 28.76, 28.53, 28.54, 28.55, 28.55, 28.68, 28.73, 28.89, 29.07, 28.91, 28.99, 28.94, 28.92, 28.9, 28.9, 28.9], [28.77, 28.77, 28.77, 28.76, 28.76, 28.75, 28.51, 28.5, 28.48, 28.42, 28.63, 28.8, 28.94, 29.07, 28.97, 28.92, 28.89, 28.87, 28.88, 28.89], [28.77, 28.78, 28.77, 28.77, 28.76, 28.75, 28.52, 28.49, 28.46, 28.36, 28.32, 28.64, 28.97, 29.0, 28.94, 28.9, 28.85, 28.83, 28.87, 28.9], [28.77, 28.77, 28.77, 28.77, 28.77, 28.58, 28.55, 28.54, 28.54, 28.33, 28.14, 28.55, 28.56, 29.0, 28.8, 28.8, 28.8, 28.8, 28.8, 28.8], [28.73, 28.73, 28.79, 28.79, 28.79, 28.78, 28.74, 28.54, 28.41, 28.39, 28.31, 28.43, 28.48, 28.41, 28.8, 28.8, 28.8, 28.8, 28.8, 28.8], [28.9, 28.9, 28.9, 28.76, 28.78, 28.83, 28.8, 28.74, 28.26, 28.29, 28.49, 28.35, 28.4, 28.37, 28.8, 28.8, 28.8, 28.8, 28.8, 28.8], [28.9, 28.9, 28.9, 28.9, 28.9, 28.9, 28.9, 28.9, 28.79, 28.39, 28.0, 28.3, 28.34, 28.34, 28.8, 28.8, 28.8, 28.8, 28.8, 28.8], [28.9, 28.9, 28.9, 28.9, 28.9, 28.9, 28.9, 28.9, 28.9, -999.0, 28.0, 28.8, 28.8, 28.32, 28.8, 28.8, 28.8, 28.06, 28.08, 28.08], [28.9, 28.9, 28.9, 28.9, 28.9, 28.9, 28.9, 28.9, 28.9, 28.9, -999.0, 28.8, 28.8, 27.95, 28.32, 28.33, 28.34, 28.18, 28.2, 28.21], [28.9, 28.9, 28.9, 28.9, 28.9, 28.9, 28.9, 28.9, 28.9, 28.9, -999.0, 27.5, 27.5, 27.5, 28.21, 28.22, 28.24, 28.08, 28.11, 28.14], [28.9, 28.9, 28.9, 28.9, 28.9, 28.9, 28.9, 28.7, 28.7, 28.7, 28.7, 28.24, 27.5, 27.5, 27.5, 28.1, 28.13, 27.98, 28.03, 28.07], [28.9, 28.9, 28.77, 28.77, 28.77, 28.7, 28.7, 28.7, 28.7, 28.7, 27.94, 28.03, 27.91, 27.82, 27.93, 27.94, 28.01, 27.89, 28.16, 28.21], [28.77, 28.77, 28.83, 28.83, 28.7, 28.7, 28.7, 28.7, 28.7, 28.7, 28.18, 28.04, 27.88, 27.73, 27.78, 27.71, 27.79, 27.85, 27.89, 27.92], [28.83, 28.83, 28.82, 28.82, 28.7, 28.7, 28.7, 28.7, 28.7, 28.4, 28.23, 28.05, 27.87, 27.79, 27.54, 27.69, 27.8, 27.87, 27.91, 27.94], [28.82, 28.82, 28.82, 28.7, 28.7, 28.7, 28.7, 28.7, 28.59, 28.47, 28.34, 28.19, 28.05, 27.88, 27.68, 27.76, 27.85, 27.91, 27.94, 27.96], [28.82, 28.82, 28.64, 28.65, 28.65, 28.65, 28.66, 28.68, 28.58, 28.48, 28.35, 28.23, 28.13, 28.03, 27.82, 27.87, 27.93, 27.97, 27.99, 28.0], [28.64, 28.64, 28.64, 28.66, 28.66, 28.66, 28.67, 28.67, 28.49, 28.44, 28.36, 28.27, 28.2, 27.91, 27.94, 27.98, 28.02, 28.04, 28.04, 28.03], [28.65, 28.65, 28.65, 28.66, 28.66, 28.66, 28.66, 28.7, 28.46, 28.42, 28.37, 28.31, 28.24, 27.98, 28.03, 28.08, 28.12, 28.11, 28.08, 28.06], [28.65, 28.65, 28.65, 28.71, 28.71, 28.71, 28.7, 28.7, 28.69, 28.69, 28.69, 28.66, 28.37, 28.03, 28.09, 28.16, 28.25, 28.19, 28.11, 28.07], [28.72, 28.72, 28.72, 28.72, 28.71, 28.71, 28.7, 28.69, 28.68, 28.67, 28.68, 28.7, 28.37, 28.34, 28.31, 28.2, 28.45, 28.15, 28.09, 28.07], [28.72, 28.72, 28.72, 28.72, 28.72, 28.71, 28.7, 28.69, 28.66, 28.64, 28.67, 28.7, 28.72, 28.33, 28.3, 28.26, 28.08, 27.96, 28.05, 28.06], [28.73, 28.73, 28.72, 28.72, 28.72, 28.72, 28.71, 28.69, 28.67, 28.65, 28.69, 28.72, 28.73, 28.33, 28.29, 28.29, 28.21, 28.17, 28.05, 28.05], [28.73, 28.73, 28.73, 28.73, 28.73, 28.72, 28.72, 28.72, 28.71, 28.71, 28.73, 28.74, 28.74, 28.45, 28.38, 28.32, 28.27, 28.24, 28.25, 28.27], [28.73, 28.73, 28.73, 28.73, 28.73, 28.73, 28.74, 28.74, 28.75, 28.78, 28.79, 28.63, 28.55, 28.46, 28.42, 28.36, 28.32, 28.3, 28.29, 28.3], [28.73, 28.73, 28.74, 28.74, 28.74, 28.74, 28.75, 28.76, 28.78, 28.83, 28.83, 28.7, 28.59, 28.5, 28.45, 28.4, 28.36, 28.34, 28.33, 28.32], [28.74, 28.74, 28.74, 28.74, 28.74, 28.75, 28.76, 28.77, 28.68, 28.74, 28.79, 28.7, 28.6, 28.52, 28.48, 28.43, 28.39, 28.37, 28.35, 28.35], [28.74, 28.74, 28.74, 28.74, 28.75, 28.75, 28.76, 28.78, 28.65, 28.69, 28.69, 28.65, 28.59, 28.52, 28.49, 28.45, 28.42, 28.39, 28.38, 28.37], [28.74, 28.74, 28.74, 28.75, 28.75, 28.76, 28.76, 28.61, 28.63, 28.64, 28.64, 28.61, 28.57, 28.52, 28.5, 28.46, 28.43, 28.41, 28.4, 28.38]]}