awsData/contour/temp_2023092411.json
{"header": {"refTime": "2023-09-24T11:00:00.000Z", "nx": 21, "ny": 33, "lo1": 113.509, "la1": 22.2235, "lo2": 113.5947, "la2": 22.1034, "dx": 0.0042850000000001385, "dy": 0.003753125000000024, "parameterCategory": 0, "parameterCategoryName": "Temperature", "parameterNumber": 0}, "z": [[30.25, 30.25, 30.25, 29.93, 29.96, 30.29, 30.32, 30.34, 30.35, 30.25, 30.22, 30.2, 30.57, 30.58, 30.39, 30.37, 30.44, 30.43, 30.42, 30.42], [30.25, 30.25, 30.25, 30.26, 29.95, 30.0, 30.32, 30.36, 30.39, 30.29, 30.24, 30.21, 30.57, 30.58, 30.39, 30.45, 30.43, 30.42, 30.41, 30.41], [30.24, 30.24, 30.25, 30.25, 29.94, 29.99, 30.06, 30.38, 30.47, 30.31, 30.24, 30.22, 30.57, 30.57, 30.46, 30.44, 30.42, 30.4, 30.39, 30.39], [30.24, 30.24, 30.24, 30.24, 30.24, 29.95, 30.01, 30.11, 30.21, 30.25, 30.2, 30.23, 30.56, 30.31, 30.46, 30.43, 30.4, 30.38, 30.37, 30.37], [30.24, 30.24, 30.23, 30.23, 30.22, 29.89, 29.92, 29.95, 29.95, 30.12, 30.12, 30.3, 30.42, 30.34, 30.46, 30.42, 30.37, 30.34, 30.34, 30.35], [30.24, 30.24, 30.23, 30.22, 30.21, 30.18, 29.83, 29.81, 29.78, 29.72, 30.08, 30.25, 30.37, 30.6, 30.46, 30.39, 30.32, 30.28, 30.3, 30.33], [30.14, 30.24, 30.24, 30.22, 30.2, 30.16, 29.77, 29.73, 29.68, 29.68, 29.71, 30.19, 30.67, 30.65, 30.47, 30.37, 30.24, 30.19, 30.17, 30.2], [30.16, 30.16, 30.16, 30.16, 30.14, 29.89, 29.81, 29.73, 29.71, 29.63, 29.43, 30.31, 30.32, 30.65, 30.36, 30.44, 30.28, 30.23, 30.32, 30.37], [30.04, 30.05, 30.2, 30.21, 30.21, 30.18, 30.08, 29.78, 29.54, 29.72, 29.81, 30.05, 30.17, 30.01, 30.38, 30.46, 30.38, 30.34, 30.36, 30.39], [30.5, 30.5, 30.5, 30.13, 30.18, 30.32, 30.22, 30.08, 29.42, 29.44, 30.17, 29.91, 29.99, 29.95, 30.38, 30.49, 30.44, 30.41, 30.41, 30.42], [30.5, 30.5, 30.5, 30.5, 30.5, 30.5, 30.5, 30.5, 30.22, 29.53, 29.2, 29.81, 29.88, 29.89, 30.37, 30.52, 30.48, 30.45, 30.45, 30.45], [30.5, 30.5, 30.5, 30.5, 30.5, 30.5, 30.5, 30.5, 30.5, -999.0, 29.2, 30.8, 30.8, 29.84, 30.36, 30.54, 30.52, 30.16, 30.16, 30.16], [30.5, 30.5, 30.5, 30.5, 30.5, 30.5, 30.5, 30.5, 30.5, 30.5, -999.0, 30.8, 30.8, 30.41, 30.58, 30.14, 30.14, 30.15, 30.15, 30.15], [30.5, 30.5, 30.5, 30.5, 30.5, 30.5, 30.5, 30.5, 30.5, 30.5, -999.0, 30.2, 30.2, 30.2, 30.53, 30.14, 30.14, 30.16, 30.15, 30.15], [30.5, 30.5, 30.5, 30.5, 30.5, 30.5, 30.5, 30.3, 30.3, 30.3, 30.3, 30.26, 30.2, 30.2, 30.2, 30.15, 30.15, 30.16, 30.16, 30.16], [30.5, 30.5, 30.37, 30.37, 30.37, 30.3, 30.3, 30.3, 30.3, 30.3, 30.24, 30.24, 30.23, 30.23, 30.24, 29.98, 29.95, 30.01, 30.01, 30.0], [30.37, 30.37, 30.43, 30.43, 30.3, 30.3, 30.3, 30.3, 30.3, 30.3, 30.26, 30.24, 30.23, 30.22, 30.14, 30.01, 29.94, 29.89, 29.85, 29.82], [30.43, 30.43, 30.42, 30.42, 30.3, 30.3, 30.3, 30.3, 30.3, 30.27, 30.26, 30.25, 30.23, 30.15, 30.19, 30.03, 29.93, 29.87, 29.83, 29.8], [30.42, 30.42, 30.42, 30.3, 30.3, 30.3, 30.3, 30.3, 30.29, 30.28, 30.25, 30.24, 30.12, 30.13, 30.04, 29.97, 29.89, 29.84, 29.8, 29.78], [30.42, 30.42, 30.24, 30.25, 30.25, 30.25, 30.26, 30.28, 30.28, 30.27, 30.25, 30.24, 30.1, 30.08, 29.92, 29.88, 29.83, 29.79, 29.76, 29.75], [30.24, 30.24, 30.24, 30.26, 30.26, 30.26, 30.27, 30.27, 30.26, 30.25, 30.25, 30.24, 30.07, 29.84, 29.82, 29.79, 29.76, 29.73, 29.72, 29.72], [30.25, 30.25, 30.25, 30.26, 30.26, 30.26, 30.26, 30.32, 30.25, 30.24, 30.24, 30.23, 30.01, 29.78, 29.75, 29.72, 29.69, 29.68, 29.68, 29.69], [30.25, 30.25, 30.25, 30.34, 30.33, 30.33, 30.32, 30.32, 30.31, 30.31, 30.31, 30.07, 29.79, 29.73, 29.7, 29.66, 29.63, 29.63, 29.64, 29.66], [30.35, 30.35, 30.35, 30.34, 30.34, 30.33, 30.32, 30.31, 30.29, 30.29, 30.3, 30.15, 29.81, 29.74, 29.68, 29.63, 29.6, 29.58, 29.61, 29.64], [30.35, 30.35, 30.35, 30.35, 30.34, 30.34, 30.33, 30.31, 30.27, 30.24, 30.29, 30.18, 30.13, 29.74, 29.68, 29.63, 29.58, 29.56, 29.6, 29.63], [30.36, 30.36, 30.36, 30.35, 30.35, 30.35, 30.34, 30.32, 30.29, 30.26, 30.23, 30.21, 30.17, 29.75, 29.69, 29.71, 29.65, 29.64, 29.62, 29.64], [30.36, 30.36, 30.36, 30.36, 30.36, 30.36, 30.35, 30.35, 30.34, 30.35, 30.28, 30.26, 30.22, 29.92, 29.84, 29.76, 29.72, 29.7, 29.7, 29.71], [30.37, 30.37, 30.37, 30.37, 30.37, 30.37, 30.38, 30.38, 30.4, 30.36, 30.38, 30.32, 30.24, 30.16, 29.89, 29.82, 29.77, 29.75, 29.74, 29.74], [30.37, 30.37, 30.37, 30.37, 30.38, 30.38, 30.39, 30.41, 30.44, 30.45, 30.52, 30.39, 30.28, 30.2, 29.94, 29.87, 29.82, 29.79, 29.78, 29.77], [30.37, 30.37, 30.38, 30.38, 30.39, 30.39, 30.41, 30.42, 30.36, 30.44, 30.48, 30.39, 30.3, 30.22, 29.98, 29.91, 29.87, 29.83, 29.81, 29.8], [30.38, 30.38, 30.38, 30.39, 30.39, 30.4, 30.41, 30.43, 30.34, 30.38, 30.39, 30.35, 30.28, 30.22, 30.0, 29.94, 29.9, 29.86, 29.84, 29.83], [30.38, 30.38, 30.38, 30.39, 30.39, 30.4, 30.41, 30.29, 30.31, 30.33, 30.33, 30.3, 30.26, 30.22, 30.01, 29.96, 29.92, 29.89, 29.87, 29.85]]}