awsData/contour/temp_2023092502.json
{"header": {"refTime": "2023-09-25T02:00:00.000Z", "nx": 21, "ny": 33, "lo1": 113.509, "la1": 22.2235, "lo2": 113.5947, "la2": 22.1034, "dx": 0.0042850000000001385, "dy": 0.003753125000000024, "parameterCategory": 0, "parameterCategoryName": "Temperature", "parameterNumber": 0}, "z": [[28.6, 28.59, 28.59, 28.33, 28.34, 28.61, 28.62, 28.62, 28.63, 28.57, 28.57, 28.58, 28.76, 28.77, 28.79, 28.79, 28.79, 28.78, 28.77, 28.77], [28.6, 28.59, 28.59, 28.59, 28.34, 28.36, 28.61, 28.62, 28.62, 28.57, 28.58, 28.6, 28.77, 28.78, 28.8, 28.8, 28.79, 28.78, 28.77, 28.77], [28.6, 28.6, 28.59, 28.59, 28.34, 28.36, 28.39, 28.61, 28.6, 28.57, 28.59, 28.62, 28.8, 28.8, 28.81, 28.8, 28.78, 28.77, 28.77, 28.76], [28.6, 28.6, 28.59, 28.59, 28.58, 28.34, 28.37, 28.42, 28.46, 28.56, 28.59, 28.66, 28.84, 28.69, 28.82, 28.79, 28.78, 28.77, 28.76, 28.76], [28.61, 28.6, 28.6, 28.59, 28.58, 28.32, 28.33, 28.34, 28.34, 28.51, 28.56, 28.71, 28.88, 28.73, 28.81, 28.78, 28.76, 28.75, 28.75, 28.75], [28.61, 28.61, 28.61, 28.6, 28.58, 28.56, 28.29, 28.29, 28.27, 28.22, 28.47, 28.62, 28.76, 28.87, 28.8, 28.77, 28.75, 28.74, 28.74, 28.75], [28.63, 28.62, 28.62, 28.61, 28.6, 28.57, 28.35, 28.26, 28.23, 28.17, 28.16, 28.48, 28.77, 28.8, 28.77, 28.75, 28.73, 28.72, 28.76, 28.77], [28.64, 28.65, 28.65, 28.64, 28.63, 28.44, 28.38, 28.32, 28.27, 28.15, 28.01, 28.38, 28.39, 28.8, 28.66, 28.65, 28.67, 28.68, 28.67, 28.66], [28.56, 28.57, 28.67, 28.68, 28.68, 28.66, 28.59, 28.36, 28.17, 28.19, 28.17, 28.27, 28.32, 28.26, 28.66, 28.65, 28.66, 28.67, 28.66, 28.66], [28.9, 28.9, 28.9, 28.62, 28.66, 28.76, 28.69, 28.59, 28.07, 28.09, 28.33, 28.21, 28.25, 28.23, 28.66, 28.64, 28.65, 28.66, 28.66, 28.65], [28.9, 28.9, 28.9, 28.9, 28.9, 28.9, 28.9, 28.9, 28.69, 28.16, 27.9, 28.17, 28.2, 28.2, 28.66, 28.64, 28.65, 28.65, 28.65, 28.65], [28.9, 28.9, 28.9, 28.9, 28.9, 28.9, 28.9, 28.9, 28.9, -999.0, 27.9, 28.6, 28.6, 28.18, 28.66, 28.64, 28.64, 27.96, 27.98, 27.98], [28.9, 28.9, 28.9, 28.9, 28.9, 28.9, 28.9, 28.9, 28.9, 28.9, -999.0, 28.6, 28.6, 27.82, 28.16, 28.23, 28.24, 28.08, 28.1, 28.11], [28.9, 28.9, 28.9, 28.9, 28.9, 28.9, 28.9, 28.9, 28.9, 28.9, -999.0, 27.4, 27.4, 27.4, 28.06, 28.12, 28.14, 27.98, 28.01, 28.04], [28.9, 28.9, 28.9, 28.9, 28.9, 28.9, 28.9, 28.5, 28.5, 28.5, 28.5, 28.08, 27.4, 27.4, 27.4, 28.0, 28.03, 27.88, 27.93, 27.97], [28.9, 28.9, 28.65, 28.64, 28.64, 28.5, 28.5, 28.5, 28.5, 28.5, 27.81, 27.89, 27.78, 27.69, 27.79, 27.84, 27.91, 27.79, 28.06, 28.11], [28.64, 28.64, 28.76, 28.75, 28.5, 28.5, 28.5, 28.5, 28.5, 28.5, 28.03, 27.89, 27.75, 27.61, 27.67, 27.64, 27.73, 27.8, 27.84, 27.87], [28.76, 28.75, 28.75, 28.73, 28.5, 28.5, 28.5, 28.5, 28.5, 28.22, 28.07, 27.91, 27.74, 27.67, 27.44, 27.62, 27.74, 27.82, 27.87, 27.9], [28.75, 28.74, 28.73, 28.5, 28.5, 28.5, 28.5, 28.5, 28.4, 28.29, 28.18, 28.05, 27.92, 27.76, 27.6, 27.69, 27.79, 27.86, 27.9, 27.93], [28.74, 28.74, 28.5, 28.5, 28.5, 28.5, 28.5, 28.5, 28.4, 28.31, 28.2, 28.09, 28.0, 27.91, 27.76, 27.81, 27.88, 27.93, 27.95, 27.96], [28.5, 28.5, 28.5, 28.5, 28.5, 28.5, 28.5, 28.5, 28.33, 28.28, 28.21, 28.13, 28.07, 27.86, 27.89, 27.94, 27.98, 28.0, 28.01, 28.0], [28.5, 28.5, 28.5, 28.5, 28.5, 28.5, 28.5, 28.55, 28.31, 28.28, 28.23, 28.17, 28.14, 27.94, 27.99, 28.04, 28.09, 28.09, 28.06, 28.04], [28.5, 28.5, 28.5, 28.58, 28.57, 28.57, 28.56, 28.56, 28.56, 28.56, 28.56, 28.53, 28.33, 28.0, 28.06, 28.13, 28.21, 28.16, 28.09, 28.06], [28.59, 28.59, 28.58, 28.58, 28.58, 28.57, 28.57, 28.56, 28.55, 28.55, 28.56, 28.6, 28.33, 28.3, 28.29, 28.17, 28.39, 28.15, 28.09, 28.06], [28.59, 28.59, 28.59, 28.59, 28.58, 28.58, 28.58, 28.57, 28.55, 28.53, 28.56, 28.6, 28.62, 28.3, 28.27, 28.25, 28.09, 28.0, 28.06, 28.06], [28.59, 28.59, 28.59, 28.59, 28.59, 28.59, 28.59, 28.58, 28.56, 28.54, 28.59, 28.62, 28.63, 28.3, 28.27, 28.28, 28.21, 28.18, 28.05, 28.05], [28.6, 28.6, 28.6, 28.6, 28.6, 28.6, 28.6, 28.6, 28.6, 28.6, 28.63, 28.64, 28.64, 28.41, 28.36, 28.3, 28.26, 28.24, 28.25, 28.26], [28.6, 28.6, 28.6, 28.61, 28.61, 28.61, 28.62, 28.63, 28.64, 28.68, 28.69, 28.56, 28.49, 28.42, 28.39, 28.34, 28.3, 28.28, 28.28, 28.29], [28.61, 28.61, 28.61, 28.61, 28.62, 28.62, 28.63, 28.65, 28.67, 28.73, 28.74, 28.62, 28.53, 28.45, 28.42, 28.37, 28.34, 28.32, 28.31, 28.31], [28.61, 28.61, 28.61, 28.62, 28.62, 28.63, 28.64, 28.66, 28.6, 28.66, 28.7, 28.62, 28.54, 28.47, 28.44, 28.4, 28.37, 28.35, 28.33, 28.33], [28.61, 28.61, 28.62, 28.62, 28.63, 28.63, 28.65, 28.66, 28.58, 28.61, 28.62, 28.58, 28.53, 28.47, 28.45, 28.41, 28.39, 28.37, 28.35, 28.34], [28.61, 28.62, 28.62, 28.62, 28.63, 28.64, 28.65, 28.54, 28.56, 28.57, 28.57, 28.55, 28.51, 28.47, 28.46, 28.43, 28.4, 28.38, 28.37, 28.36]]}