awsData/contour/temp_2023092410.json
{"header": {"refTime": "2023-09-24T10:00:00.000Z", "nx": 21, "ny": 33, "lo1": 113.509, "la1": 22.2235, "lo2": 113.5947, "la2": 22.1034, "dx": 0.0042850000000001385, "dy": 0.003753125000000024, "parameterCategory": 0, "parameterCategoryName": "Temperature", "parameterNumber": 0}, "z": [[30.01, 30.01, 30.03, 29.79, 29.82, 30.01, 30.05, 30.09, 30.1, 29.98, 29.91, 29.84, 30.02, 30.0, 30.13, 30.14, 30.03, 30.05, 30.06, 30.07], [30.0, 30.01, 30.02, 30.04, 29.82, 29.88, 30.07, 30.16, 30.2, 30.06, 29.92, 29.82, 29.99, 29.97, 30.1, 30.0, 30.04, 30.06, 30.08, 30.09], [29.99, 30.0, 30.01, 30.02, 29.8, 29.86, 29.96, 30.21, 30.43, 30.12, 29.9, 29.78, 29.94, 29.92, 29.96, 30.01, 30.05, 30.08, 30.1, 30.11], [29.98, 29.98, 29.99, 30.0, 30.02, 29.81, 29.89, 30.02, 30.14, 30.01, 29.82, 29.71, 29.85, 29.57, 29.95, 30.02, 30.08, 30.12, 30.13, 30.14], [29.97, 29.97, 29.97, 29.97, 29.98, 29.74, 29.77, 29.81, 29.82, 29.8, 29.7, 29.56, 29.59, 29.58, 29.95, 30.05, 30.13, 30.17, 30.18, 30.17], [29.96, 29.96, 29.95, 29.95, 29.94, 29.93, 29.65, 29.63, 29.6, 29.54, 29.48, 29.55, 29.59, 29.73, 29.99, 30.1, 30.21, 30.26, 30.23, 30.2], [29.73, 29.95, 29.94, 29.93, 29.91, 29.88, 29.45, 29.51, 29.46, 29.33, 29.33, 29.56, 29.83, 29.8, 30.03, 30.16, 30.32, 30.38, 30.33, 30.28], [29.74, 29.75, 29.75, 29.74, 29.73, 29.54, 29.48, 29.42, 29.39, 29.3, 29.15, 29.69, 29.7, 29.8, 30.31, 30.26, 30.37, 30.41, 30.35, 30.3], [29.66, 29.67, 29.77, 29.78, 29.78, 29.76, 29.69, 29.46, 29.27, 29.36, 29.38, 29.53, 29.6, 29.51, 30.3, 30.24, 30.3, 30.33, 30.31, 30.29], [30.0, 30.0, 30.0, 29.72, 29.76, 29.86, 29.79, 29.69, 29.17, 29.19, 29.61, 29.44, 29.49, 29.47, 30.3, 30.22, 30.26, 30.28, 30.28, 30.27], [30.0, 30.0, 30.0, 30.0, 30.0, 30.0, 30.0, 30.0, 29.79, 29.26, 29.0, 29.38, 29.43, 29.43, 30.31, 30.2, 30.23, 30.25, 30.25, 30.25], [30.0, 30.0, 30.0, 30.0, 30.0, 30.0, 30.0, 30.0, 30.0, -999.0, 29.0, 30.0, 30.0, 29.4, 30.31, 30.19, 30.2, 30.84, 30.83, 30.83], [30.0, 30.0, 30.0, 30.0, 30.0, 30.0, 30.0, 30.0, 30.0, 30.0, -999.0, 30.0, 30.0, 30.72, 30.4, 30.72, 30.71, 30.79, 30.78, 30.77], [30.0, 30.0, 30.0, 30.0, 30.0, 30.0, 30.0, 30.0, 30.0, 30.0, -999.0, 31.1, 31.1, 31.1, 30.5, 30.77, 30.76, 30.83, 30.82, 30.81], [30.0, 30.0, 30.0, 30.0, 30.0, 30.0, 30.0, 30.1, 30.1, 30.1, 30.1, 30.48, 31.1, 31.1, 31.1, 30.83, 30.81, 30.88, 30.86, 30.84], [30.0, 30.0, 30.06, 30.06, 30.07, 30.1, 30.1, 30.1, 30.1, 30.1, 30.73, 30.66, 30.75, 30.84, 30.74, 30.37, 30.26, 30.45, 30.4, 30.35], [30.06, 30.06, 30.04, 30.04, 30.1, 30.1, 30.1, 30.1, 30.1, 30.1, 30.53, 30.65, 30.78, 30.9, 30.76, 30.65, 30.49, 30.36, 30.28, 30.21], [30.04, 30.04, 30.04, 30.04, 30.1, 30.1, 30.1, 30.1, 30.1, 30.35, 30.49, 30.64, 30.79, 30.76, 31.05, 30.7, 30.47, 30.33, 30.23, 30.17], [30.04, 30.04, 30.04, 30.1, 30.1, 30.1, 30.1, 30.1, 30.19, 30.29, 30.48, 30.61, 30.46, 30.63, 30.73, 30.56, 30.37, 30.24, 30.17, 30.12], [30.04, 30.04, 30.39, 30.37, 30.35, 30.33, 30.29, 30.18, 30.25, 30.36, 30.48, 30.59, 30.36, 30.43, 30.43, 30.33, 30.21, 30.12, 30.07, 30.05], [30.4, 30.4, 30.39, 30.31, 30.3, 30.28, 30.26, 30.24, 30.37, 30.43, 30.5, 30.58, 30.24, 30.24, 30.2, 30.11, 30.03, 29.98, 29.97, 29.98], [30.33, 30.33, 30.33, 30.32, 30.32, 30.32, 30.31, 30.24, 30.45, 30.49, 30.53, 30.58, 30.3, 30.09, 30.02, 29.92, 29.84, 29.84, 29.87, 29.91], [30.34, 30.34, 30.34, 30.23, 30.24, 30.25, 30.26, 30.28, 30.3, 30.31, 30.3, 30.06, 29.95, 29.99, 29.89, 29.76, 29.64, 29.7, 29.8, 29.86], [30.22, 30.22, 30.23, 30.24, 30.25, 30.26, 30.29, 30.32, 30.36, 30.38, 30.35, 30.06, 29.98, 29.86, 29.75, 29.69, 29.37, 29.69, 29.79, 29.84], [30.22, 30.22, 30.23, 30.24, 30.25, 30.27, 30.3, 30.34, 30.43, 30.5, 30.39, 30.09, 29.95, 29.88, 29.78, 29.7, 29.76, 29.87, 29.82, 29.85], [30.22, 30.22, 30.23, 30.24, 30.25, 30.26, 30.29, 30.33, 30.41, 30.48, 30.24, 30.09, 29.96, 29.91, 29.82, 29.67, 29.7, 29.73, 29.84, 29.86], [30.22, 30.22, 30.23, 30.23, 30.24, 30.25, 30.27, 30.29, 30.31, 30.31, 30.13, 30.04, 29.96, 29.71, 29.69, 29.69, 29.69, 29.7, 29.7, 29.69], [30.22, 30.22, 30.22, 30.22, 30.23, 30.23, 30.23, 30.23, 30.21, 30.06, 30.02, 30.14, 30.16, 30.16, 29.71, 29.7, 29.7, 29.7, 29.69, 29.69], [30.21, 30.21, 30.21, 30.21, 30.21, 30.21, 30.2, 30.18, 30.14, 29.98, 29.97, 30.07, 30.12, 30.15, 29.72, 29.71, 29.7, 29.7, 29.7, 29.69], [30.21, 30.21, 30.21, 30.21, 30.2, 30.2, 30.18, 30.16, 30.11, 30.04, 30.0, 30.06, 30.11, 30.13, 29.73, 29.72, 29.71, 29.7, 29.7, 29.7], [30.21, 30.2, 30.2, 30.2, 30.19, 30.19, 30.17, 30.15, 30.12, 30.08, 30.07, 30.08, 30.11, 30.13, 29.74, 29.72, 29.72, 29.71, 29.7, 29.7], [30.2, 30.2, 30.2, 30.19, 30.19, 30.18, 30.17, 30.15, 30.13, 30.11, 30.1, 30.11, 30.12, 30.14, 29.74, 29.73, 29.72, 29.71, 29.71, 29.7]]}