awsData/contour/temp_2023092416.json
{"header": {"refTime": "2023-09-24T16:00:00.000Z", "nx": 21, "ny": 33, "lo1": 113.509, "la1": 22.2235, "lo2": 113.5947, "la2": 22.1034, "dx": 0.0042850000000001385, "dy": 0.003753125000000024, "parameterCategory": 0, "parameterCategoryName": "Temperature", "parameterNumber": 0}, "z": [[31.21, 31.21, 31.21, 31.08, 31.1, 31.17, 31.19, 31.22, 31.23, 31.37, 31.36, 31.35, 31.48, 31.49, 30.96, 30.91, 31.0, 30.97, 30.94, 30.93], [31.21, 31.21, 31.21, 31.21, 31.1, 31.13, 31.2, 31.24, 31.27, 31.37, 31.36, 31.35, 31.47, 31.48, 30.95, 31.03, 30.98, 30.94, 30.91, 30.9], [31.21, 31.21, 31.2, 31.2, 31.08, 31.12, 31.17, 31.26, 31.37, 31.38, 31.36, 31.34, 31.46, 31.47, 31.09, 31.01, 30.94, 30.89, 30.86, 30.85], [31.21, 31.21, 31.2, 31.2, 31.19, 31.08, 31.13, 31.2, 31.27, 31.37, 31.35, 31.33, 31.44, 31.47, 31.09, 30.98, 30.89, 30.82, 30.8, 30.8], [31.21, 31.21, 31.2, 31.19, 31.18, 31.03, 31.05, 31.08, 31.1, 31.34, 31.34, 31.52, 31.36, 31.45, 31.09, 30.93, 30.79, 30.71, 30.71, 30.74], [31.22, 31.21, 31.2, 31.19, 31.17, 31.14, 30.95, 30.93, 31.04, 31.09, 31.66, 31.51, 31.44, 31.5, 31.07, 30.86, 30.63, 30.54, 30.59, 30.67], [31.15, 31.22, 31.21, 31.2, 31.18, 31.13, 31.1, 30.9, 30.88, 31.26, 31.12, 31.58, 31.64, 31.61, 31.06, 30.78, 30.41, 30.27, 30.24, 30.32], [31.17, 31.18, 31.18, 31.17, 31.15, 31.09, 30.97, 30.88, 30.75, 31.21, 31.16, 31.9, 31.9, 31.6, 30.71, 30.91, 30.5, 30.35, 30.58, 30.74], [31.03, 31.04, 31.22, 31.23, 31.24, 31.2, 31.08, 30.9, 30.6, 31.29, 31.9, 31.9, 31.9, 31.9, 30.76, 30.99, 30.75, 30.65, 30.7, 30.79], [31.6, 31.6, 31.6, 31.13, 31.2, 31.37, 31.25, 31.08, 30.6, 30.6, 31.9, 31.9, 31.9, 31.9, 30.76, 31.07, 30.92, 30.83, 30.83, 30.87], [31.6, 31.6, 31.6, 31.6, 31.6, 31.6, 31.6, 31.6, 31.25, 30.6, -999.0, 31.9, 31.9, 31.9, 30.74, 31.13, 31.02, 30.95, 30.94, 30.95], [31.6, 31.6, 31.6, 31.6, 31.6, 31.6, 31.6, 31.6, 31.6, -999.0, -999.0, 31.9, 31.9, 31.9, 30.72, 31.2, 31.13, 30.0, 30.0, 30.0], [31.6, 31.6, 31.6, 31.6, 31.6, 31.6, 31.6, 31.6, 31.6, 31.6, -999.0, 31.9, 31.9, 30.66, 31.21, 30.0, 30.0, 30.0, 30.0, 30.0], [31.6, 31.6, 31.6, 31.6, 31.6, 31.6, 31.6, 31.6, 31.6, 31.6, -999.0, 30.0, 30.0, 30.0, 31.04, 30.0, 30.0, 30.0, 30.0, 30.0], [31.6, 31.6, 31.6, 31.6, 31.6, 31.6, 31.6, 31.9, 31.9, 31.9, 31.9, 31.17, 30.0, 30.0, 30.0, 30.0, 30.0, 30.0, 30.0, 30.0], [31.6, 31.6, 31.79, 31.79, 31.8, 31.9, 31.9, 31.9, 31.9, 31.9, 30.7, 30.84, 30.66, 30.5, 30.68, 29.89, 29.87, 29.9, 29.92, 29.91], [31.79, 31.79, 31.71, 31.71, 31.9, 31.9, 31.9, 31.9, 31.9, 31.9, 31.08, 30.85, 30.6, 30.37, 30.19, 30.11, 30.15, 30.18, 30.2, 30.22], [31.71, 31.71, 31.72, 31.72, 31.9, 31.9, 31.9, 31.9, 31.9, 31.42, 31.16, 30.88, 30.58, 30.22, 30.03, 30.09, 30.15, 30.19, 30.21, 30.23], [31.71, 31.72, 31.72, 31.9, 31.9, 31.9, 31.9, 31.9, 31.73, 31.53, 31.26, 31.02, 30.47, 30.27, 30.09, 30.12, 30.17, 30.2, 30.23, 30.24], [31.72, 31.72, 31.61, 31.63, 31.65, 31.67, 31.71, 31.82, 31.67, 31.49, 31.28, 31.07, 30.5, 30.34, 30.15, 30.17, 30.2, 30.22, 30.24, 30.26], [31.6, 31.6, 31.61, 31.69, 31.7, 31.72, 31.74, 31.76, 31.49, 31.4, 31.26, 31.12, 30.51, 30.19, 30.2, 30.21, 30.22, 30.25, 30.27, 30.28], [31.67, 31.67, 31.67, 31.68, 31.68, 31.68, 31.69, 31.74, 31.39, 31.34, 31.25, 31.15, 30.36, 30.22, 30.23, 30.23, 30.23, 30.26, 30.29, 30.31], [31.66, 31.66, 31.66, 31.74, 31.74, 31.73, 31.72, 31.7, 31.68, 31.67, 31.68, 31.1, 30.74, 30.25, 30.25, 30.23, 30.19, 30.27, 30.33, 30.34], [31.75, 31.75, 31.74, 31.74, 31.73, 31.71, 31.69, 31.66, 31.62, 31.6, 31.63, 31.13, 30.77, 30.65, 30.53, 30.25, 30.0, 30.39, 30.41, 30.38], [31.75, 31.75, 31.74, 31.73, 31.72, 31.7, 31.68, 31.63, 31.56, 31.49, 31.59, 31.2, 31.06, 30.68, 30.57, 30.5, 30.48, 30.67, 30.47, 30.41], [31.75, 31.74, 31.74, 31.73, 31.72, 31.71, 31.68, 31.64, 31.57, 31.51, 31.35, 31.27, 31.14, 30.71, 30.62, 30.67, 30.66, 30.69, 30.46, 30.41], [31.75, 31.75, 31.74, 31.74, 31.73, 31.72, 31.7, 31.68, 31.66, 31.66, 31.42, 31.35, 31.23, 30.97, 30.85, 30.76, 30.72, 30.71, 30.71, 30.71], [31.75, 31.75, 31.74, 31.74, 31.74, 31.73, 31.73, 31.73, 31.74, 31.56, 31.59, 31.69, 31.62, 31.56, 30.94, 30.85, 30.79, 30.76, 30.75, 30.75], [31.75, 31.75, 31.75, 31.75, 31.75, 31.75, 31.75, 31.77, 31.8, 31.71, 31.91, 31.77, 31.67, 31.6, 31.02, 30.92, 30.86, 30.82, 30.8, 30.79], [31.76, 31.75, 31.75, 31.75, 31.76, 31.76, 31.77, 31.79, 31.73, 31.82, 31.87, 31.78, 31.69, 31.62, 31.07, 30.98, 30.91, 30.87, 30.84, 30.82], [31.76, 31.76, 31.76, 31.76, 31.76, 31.77, 31.78, 31.8, 31.71, 31.76, 31.77, 31.73, 31.67, 31.62, 31.1, 31.02, 30.95, 30.91, 30.88, 30.86], [31.76, 31.76, 31.76, 31.76, 31.77, 31.77, 31.78, 31.66, 31.69, 31.71, 31.71, 31.69, 31.66, 31.62, 31.12, 31.04, 30.98, 30.94, 30.91, 30.88]]}