awsData/contour/temp_2023092419.json
{"header": {"refTime": "2023-09-24T19:00:00.000Z", "nx": 21, "ny": 33, "lo1": 113.509, "la1": 22.2235, "lo2": 113.5947, "la2": 22.1034, "dx": 0.0042850000000001385, "dy": 0.003753125000000024, "parameterCategory": 0, "parameterCategoryName": "Temperature", "parameterNumber": 0}, "z": [[29.64, 29.65, 29.65, 29.42, 29.44, 29.72, 29.73, 29.74, 29.75, 29.63, 29.62, 29.61, 29.84, 29.84, 29.7, 29.68, 29.66, 29.65, 29.64, 29.63], [29.64, 29.64, 29.65, 29.65, 29.44, 29.47, 29.73, 29.75, 29.76, 29.66, 29.63, 29.62, 29.84, 29.85, 29.7, 29.68, 29.65, 29.64, 29.62, 29.62], [29.64, 29.64, 29.64, 29.65, 29.43, 29.46, 29.51, 29.75, 29.79, 29.67, 29.63, 29.63, 29.85, 29.85, 29.7, 29.67, 29.64, 29.62, 29.61, 29.6], [29.64, 29.64, 29.64, 29.64, 29.65, 29.44, 29.48, 29.55, 29.61, 29.63, 29.61, 29.64, 29.86, 29.66, 29.71, 29.66, 29.62, 29.59, 29.58, 29.58], [29.64, 29.64, 29.63, 29.63, 29.63, 29.41, 29.43, 29.44, 29.44, 29.54, 29.55, 29.67, 29.8, 29.69, 29.71, 29.64, 29.58, 29.55, 29.55, 29.56], [29.63, 29.63, 29.63, 29.63, 29.62, 29.61, 29.38, 29.37, 29.33, 29.27, 29.45, 29.6, 29.72, 29.87, 29.69, 29.6, 29.52, 29.49, 29.51, 29.53], [29.57, 29.63, 29.63, 29.62, 29.62, 29.6, 29.32, 29.33, 29.29, 29.2, 29.17, 29.5, 29.84, 29.85, 29.67, 29.57, 29.44, 29.39, 29.41, 29.45], [29.57, 29.57, 29.57, 29.57, 29.57, 29.38, 29.35, 29.34, 29.36, 29.16, 28.97, 29.49, 29.5, 29.85, 29.49, 29.54, 29.43, 29.39, 29.45, 29.5], [29.53, 29.53, 29.59, 29.59, 29.59, 29.58, 29.54, 29.34, 29.21, 29.23, 29.18, 29.33, 29.4, 29.31, 29.5, 29.56, 29.5, 29.47, 29.49, 29.51], [29.7, 29.7, 29.7, 29.56, 29.58, 29.63, 29.6, 29.54, 29.06, 29.09, 29.41, 29.24, 29.29, 29.27, 29.5, 29.58, 29.54, 29.52, 29.52, 29.53], [29.7, 29.7, 29.7, 29.7, 29.7, 29.7, 29.7, 29.7, 29.59, 29.19, 28.8, 29.18, 29.23, 29.23, 29.49, 29.6, 29.57, 29.55, 29.55, 29.55], [29.7, 29.7, 29.7, 29.7, 29.7, 29.7, 29.7, 29.7, 29.7, -999.0, 28.8, 29.8, 29.8, 29.2, 29.49, 29.61, 29.6, 28.67, 28.69, 28.69], [29.7, 29.7, 29.7, 29.7, 29.7, 29.7, 29.7, 29.7, 29.7, 29.7, -999.0, 29.8, 29.8, 28.76, 29.21, 28.9, 28.91, 28.77, 28.79, 28.8], [29.7, 29.7, 29.7, 29.7, 29.7, 29.7, 29.7, 29.7, 29.7, 29.7, -999.0, 28.2, 28.2, 28.2, 29.08, 28.81, 28.83, 28.69, 28.72, 28.74], [29.7, 29.7, 29.7, 29.7, 29.7, 29.7, 29.7, 29.5, 29.5, 29.5, 29.5, 29.0, 28.2, 28.2, 28.2, 28.7, 28.74, 28.61, 28.65, 28.68], [29.7, 29.7, 29.57, 29.57, 29.57, 29.5, 29.5, 29.5, 29.5, 29.5, 28.68, 28.77, 28.65, 28.54, 28.66, 28.46, 28.5, 28.43, 28.68, 28.71], [29.57, 29.57, 29.63, 29.63, 29.5, 29.5, 29.5, 29.5, 29.5, 29.5, 28.94, 28.78, 28.61, 28.45, 28.43, 28.38, 28.44, 28.49, 28.53, 28.55], [29.63, 29.63, 29.62, 29.62, 29.5, 29.5, 29.5, 29.5, 29.5, 29.17, 29.0, 28.8, 28.6, 28.45, 28.23, 28.36, 28.45, 28.51, 28.54, 28.57], [29.62, 29.62, 29.62, 29.5, 29.5, 29.5, 29.5, 29.5, 29.38, 29.25, 29.07, 28.91, 28.68, 28.52, 28.35, 28.41, 28.49, 28.54, 28.57, 28.59], [29.62, 29.62, 29.33, 29.34, 29.35, 29.36, 29.39, 29.45, 29.34, 29.22, 29.08, 28.94, 28.74, 28.64, 28.47, 28.5, 28.55, 28.59, 28.61, 28.62], [29.32, 29.32, 29.33, 29.38, 29.38, 29.39, 29.4, 29.41, 29.23, 29.17, 29.08, 28.98, 28.8, 28.54, 28.56, 28.59, 28.62, 28.64, 28.65, 28.65], [29.36, 29.36, 29.36, 29.37, 29.37, 29.37, 29.37, 29.43, 29.17, 29.13, 29.07, 29.0, 28.75, 28.6, 28.63, 28.66, 28.69, 28.7, 28.69, 28.67], [29.35, 29.35, 29.35, 29.44, 29.44, 29.43, 29.42, 29.41, 29.39, 29.39, 29.4, 29.21, 28.95, 28.64, 28.67, 28.72, 28.76, 28.75, 28.72, 28.7], [29.45, 29.45, 29.44, 29.44, 29.43, 29.42, 29.41, 29.38, 29.36, 29.34, 29.37, 29.25, 28.96, 28.92, 28.88, 28.75, 28.84, 28.77, 28.73, 28.71], [29.45, 29.45, 29.45, 29.44, 29.43, 29.42, 29.4, 29.37, 29.32, 29.27, 29.34, 29.27, 29.25, 28.92, 28.88, 28.85, 28.75, 28.73, 28.73, 28.71], [29.45, 29.45, 29.45, 29.44, 29.44, 29.43, 29.41, 29.38, 29.33, 29.28, 29.29, 29.3, 29.28, 28.93, 28.89, 28.93, 28.88, 28.86, 28.72, 28.71], [29.46, 29.45, 29.45, 29.45, 29.44, 29.44, 29.43, 29.41, 29.4, 29.4, 29.36, 29.36, 29.33, 29.12, 29.04, 28.98, 28.94, 28.92, 28.92, 28.93], [29.46, 29.46, 29.46, 29.45, 29.45, 29.45, 29.45, 29.46, 29.47, 29.45, 29.47, 29.4, 29.33, 29.26, 29.09, 29.03, 28.99, 28.97, 28.96, 28.96], [29.46, 29.46, 29.46, 29.46, 29.46, 29.47, 29.47, 29.49, 29.52, 29.54, 29.62, 29.48, 29.38, 29.3, 29.14, 29.08, 29.03, 29.01, 28.99, 28.99], [29.46, 29.46, 29.47, 29.47, 29.47, 29.48, 29.49, 29.51, 29.45, 29.53, 29.57, 29.48, 29.39, 29.32, 29.17, 29.11, 29.07, 29.04, 29.02, 29.01], [29.47, 29.47, 29.47, 29.47, 29.48, 29.48, 29.5, 29.51, 29.43, 29.47, 29.48, 29.44, 29.38, 29.32, 29.19, 29.13, 29.1, 29.07, 29.05, 29.04], [29.47, 29.47, 29.47, 29.48, 29.48, 29.49, 29.5, 29.38, 29.4, 29.42, 29.42, 29.4, 29.36, 29.32, 29.19, 29.15, 29.11, 29.09, 29.07, 29.06]]}