awsData/contour/temp_2023092414.json
{"header": {"refTime": "2023-09-24T14:00:00.000Z", "nx": 21, "ny": 33, "lo1": 113.509, "la1": 22.2235, "lo2": 113.5947, "la2": 22.1034, "dx": 0.0042850000000001385, "dy": 0.003753125000000024, "parameterCategory": 0, "parameterCategoryName": "Temperature", "parameterNumber": 0}, "z": [[30.95, 30.96, 30.97, 31.03, 31.04, 31.21, 31.22, 31.22, 31.23, 31.29, 31.31, 31.33, 31.57, 31.59, 31.29, 31.27, 31.43, 31.41, 31.4, 31.39], [30.95, 30.96, 30.96, 30.98, 31.04, 31.05, 31.21, 31.22, 31.22, 31.28, 31.31, 31.35, 31.58, 31.6, 31.3, 31.46, 31.42, 31.39, 31.37, 31.36], [30.94, 30.95, 30.96, 30.97, 31.03, 31.04, 31.07, 31.21, 31.2, 31.26, 31.32, 31.37, 31.61, 31.62, 31.5, 31.45, 31.4, 31.36, 31.35, 31.34], [30.94, 30.94, 30.95, 30.96, 30.97, 31.03, 31.05, 31.08, 31.11, 31.28, 31.34, 31.42, 31.64, 31.61, 31.5, 31.43, 31.36, 31.32, 31.3, 31.3], [30.93, 30.93, 30.94, 30.94, 30.95, 31.01, 31.02, 31.03, 31.04, 31.28, 31.35, 31.6, 31.66, 31.62, 31.5, 31.39, 31.3, 31.25, 31.25, 31.26], [30.92, 30.92, 30.92, 30.92, 30.93, 30.93, 30.98, 30.98, 30.98, 30.99, 31.49, 31.58, 31.64, 31.77, 31.48, 31.34, 31.2, 31.14, 31.17, 31.22], [30.8, 30.91, 30.91, 30.91, 30.91, 30.9, 30.85, 30.92, 30.92, 31.11, 31.19, 31.55, 31.81, 31.8, 31.47, 31.29, 31.06, 30.97, 30.97, 31.02], [30.8, 30.8, 30.8, 30.8, 30.8, 30.85, 30.85, 30.84, 30.89, 31.08, 31.09, 31.62, 31.63, 31.8, 31.21, 31.33, 31.09, 31.0, 31.14, 31.23], [30.8, 30.8, 30.8, 30.8, 30.8, 30.8, 30.8, 30.84, 30.86, 31.12, 31.35, 31.48, 31.54, 31.46, 31.24, 31.37, 31.23, 31.17, 31.21, 31.26], [30.8, 30.8, 30.8, 30.8, 30.8, 30.8, 30.8, 30.8, 30.91, 30.9, 31.55, 31.4, 31.44, 31.42, 31.24, 31.42, 31.33, 31.28, 31.28, 31.3], [30.8, 30.8, 30.8, 30.8, 30.8, 30.8, 30.8, 30.8, 30.8, 30.87, 31.0, 31.34, 31.38, 31.39, 31.23, 31.46, 31.39, 31.35, 31.34, 31.35], [30.8, 30.8, 30.8, 30.8, 30.8, 30.8, 30.8, 30.8, 30.8, -999.0, 31.0, 31.9, 31.9, 31.36, 31.22, 31.49, 31.45, 30.17, 30.19, 30.19], [30.8, 30.8, 30.8, 30.8, 30.8, 30.8, 30.8, 30.8, 30.8, 30.8, -999.0, 31.9, 31.9, 30.46, 31.1, 30.4, 30.41, 30.27, 30.29, 30.3], [30.8, 30.8, 30.8, 30.8, 30.8, 30.8, 30.8, 30.8, 30.8, 30.8, -999.0, 29.7, 29.7, 29.7, 30.91, 30.31, 30.33, 30.19, 30.22, 30.24], [30.8, 30.8, 30.8, 30.8, 30.8, 30.8, 30.8, 31.4, 31.4, 31.4, 31.4, 30.75, 29.7, 29.7, 29.7, 30.2, 30.24, 30.11, 30.15, 30.18], [30.8, 30.8, 31.18, 31.18, 31.2, 31.4, 31.4, 31.4, 31.4, 31.4, 30.33, 30.45, 30.29, 30.15, 30.31, 29.85, 29.87, 29.83, 30.09, 30.12], [31.19, 31.19, 31.01, 31.02, 31.4, 31.4, 31.4, 31.4, 31.4, 31.4, 30.67, 30.46, 30.24, 30.03, 29.95, 29.92, 29.99, 30.06, 30.1, 30.13], [31.01, 31.02, 31.03, 31.05, 31.4, 31.4, 31.4, 31.4, 31.4, 30.97, 30.74, 30.48, 30.22, 29.97, 29.74, 29.89, 30.0, 30.07, 30.12, 30.15], [31.03, 31.04, 31.05, 31.4, 31.4, 31.4, 31.4, 31.4, 31.25, 31.07, 30.87, 30.66, 30.24, 30.04, 29.88, 29.95, 30.04, 30.11, 30.15, 30.18], [31.03, 31.04, 31.29, 31.29, 31.3, 31.31, 31.33, 31.37, 31.22, 31.07, 30.9, 30.72, 30.3, 30.16, 30.02, 30.06, 30.12, 30.16, 30.19, 30.21], [31.28, 31.28, 31.28, 31.32, 31.32, 31.33, 31.33, 31.34, 31.09, 31.02, 30.9, 30.77, 30.34, 30.1, 30.12, 30.15, 30.19, 30.22, 30.24, 30.25], [31.31, 31.31, 31.31, 31.31, 31.31, 31.31, 31.32, 31.4, 31.03, 30.99, 30.91, 30.82, 30.32, 30.17, 30.2, 30.23, 30.25, 30.28, 30.29, 30.29], [31.3, 31.3, 31.3, 31.43, 31.42, 31.41, 31.4, 31.39, 31.38, 31.38, 31.39, 30.97, 30.71, 30.22, 30.25, 30.27, 30.28, 30.32, 30.34, 30.32], [31.44, 31.44, 31.44, 31.43, 31.42, 31.41, 31.4, 31.38, 31.35, 31.34, 31.37, 31.08, 30.73, 30.65, 30.56, 30.31, 30.23, 30.42, 30.4, 30.36], [31.45, 31.45, 31.44, 31.44, 31.43, 31.42, 31.4, 31.37, 31.32, 31.27, 31.35, 31.13, 31.04, 30.66, 30.59, 30.53, 30.46, 30.56, 30.43, 30.38], [31.45, 31.45, 31.45, 31.44, 31.44, 31.43, 31.42, 31.39, 31.34, 31.29, 31.22, 31.18, 31.1, 30.68, 30.62, 30.67, 30.64, 30.64, 30.42, 30.38], [31.46, 31.46, 31.46, 31.45, 31.45, 31.45, 31.44, 31.43, 31.42, 31.43, 31.3, 31.26, 31.17, 30.93, 30.82, 30.75, 30.7, 30.69, 30.69, 30.69], [31.46, 31.46, 31.46, 31.46, 31.47, 31.47, 31.47, 31.48, 31.51, 31.42, 31.45, 31.47, 31.4, 31.33, 30.9, 30.82, 30.77, 30.74, 30.73, 30.73], [31.47, 31.47, 31.47, 31.47, 31.48, 31.49, 31.5, 31.52, 31.57, 31.56, 31.71, 31.56, 31.45, 31.37, 30.97, 30.88, 30.82, 30.79, 30.77, 30.76], [31.47, 31.47, 31.48, 31.48, 31.49, 31.5, 31.52, 31.54, 31.52, 31.61, 31.66, 31.56, 31.47, 31.39, 31.01, 30.93, 30.87, 30.83, 30.81, 30.8], [31.48, 31.48, 31.48, 31.49, 31.5, 31.51, 31.53, 31.55, 31.5, 31.54, 31.56, 31.52, 31.45, 31.4, 31.04, 30.96, 30.91, 30.87, 30.84, 30.82], [31.48, 31.48, 31.49, 31.49, 31.5, 31.51, 31.53, 31.45, 31.47, 31.49, 31.5, 31.47, 31.43, 31.39, 31.05, 30.99, 30.94, 30.9, 30.87, 30.85]]}