awsData/contour/temp_2023092508.json
{"header": {"refTime": "2023-09-25T08:00:00.000Z", "nx": 21, "ny": 33, "lo1": 113.509, "la1": 22.2235, "lo2": 113.5947, "la2": 22.1034, "dx": 0.0042850000000001385, "dy": 0.003753125000000024, "parameterCategory": 0, "parameterCategoryName": "Temperature", "parameterNumber": 0}, "z": [[29.07, 29.06, 29.06, 28.88, 28.89, 29.07, 29.07, 29.08, 29.09, 29.05, 29.06, 29.06, 29.28, 29.29, 29.21, 29.21, 29.32, 29.32, 29.31, 29.31], [29.07, 29.06, 29.06, 29.06, 28.89, 28.91, 29.07, 29.08, 29.09, 29.06, 29.06, 29.07, 29.28, 29.29, 29.22, 29.32, 29.32, 29.31, 29.31, 29.31], [29.07, 29.07, 29.06, 29.06, 28.89, 28.9, 28.93, 29.08, 29.1, 29.07, 29.06, 29.08, 29.29, 29.3, 29.32, 29.32, 29.31, 29.31, 29.3, 29.3], [29.07, 29.07, 29.06, 29.06, 29.05, 28.89, 28.91, 28.95, 28.99, 29.05, 29.06, 29.1, 29.3, 29.21, 29.32, 29.31, 29.31, 29.3, 29.3, 29.3], [29.07, 29.07, 29.07, 29.06, 29.05, 28.87, 28.88, 28.89, 28.89, 29.01, 29.04, 29.2, 29.26, 29.22, 29.32, 29.31, 29.29, 29.29, 29.29, 29.29], [29.08, 29.08, 29.07, 29.06, 29.05, 29.04, 28.85, 28.84, 28.83, 28.8, 29.09, 29.18, 29.24, 29.37, 29.33, 29.3, 29.28, 29.27, 29.27, 29.28], [29.08, 29.08, 29.08, 29.07, 29.06, 29.04, 28.87, 28.81, 28.79, 28.84, 28.87, 29.15, 29.41, 29.4, 29.33, 29.3, 29.25, 29.23, 29.22, 29.22], [29.09, 29.09, 29.09, 29.09, 29.08, 28.94, 28.9, 28.84, 28.82, 28.81, 28.72, 29.22, 29.23, 29.4, 29.31, 29.34, 29.28, 29.25, 29.29, 29.32], [29.01, 29.02, 29.11, 29.12, 29.12, 29.1, 29.04, 28.88, 28.74, 28.86, 28.95, 29.08, 29.14, 29.06, 29.32, 29.36, 29.32, 29.3, 29.31, 29.33], [29.3, 29.3, 29.3, 29.07, 29.1, 29.19, 29.13, 29.04, 28.69, 28.7, 29.15, 29.0, 29.04, 29.02, 29.32, 29.37, 29.34, 29.33, 29.33, 29.34], [29.3, 29.3, 29.3, 29.3, 29.3, 29.3, 29.3, 29.3, 29.12, 28.73, 28.6, 28.94, 28.98, 28.99, 29.32, 29.38, 29.36, 29.35, 29.35, 29.35], [29.3, 29.3, 29.3, 29.3, 29.3, 29.3, 29.3, 29.3, 29.3, -999.0, 28.6, 29.5, 29.5, 28.96, 29.31, 29.39, 29.38, 29.37, 29.37, 29.37], [29.3, 29.3, 29.3, 29.3, 29.3, 29.3, 29.3, 29.3, 29.3, 29.3, -999.0, 29.5, 29.5, 29.5, 29.5, 29.31, 29.31, 29.34, 29.34, 29.34], [29.3, 29.3, 29.3, 29.3, 29.3, 29.3, 29.3, 29.3, 29.3, 29.3, -999.0, 29.5, 29.5, 29.5, 29.5, 29.33, 29.33, 29.37, 29.36, 29.35], [29.3, 29.3, 29.3, 29.3, 29.3, 29.3, 29.3, 29.4, 29.4, 29.4, 29.4, 29.44, 29.5, 29.5, 29.5, 29.36, 29.35, 29.39, 29.38, 29.37], [29.3, 29.3, 29.36, 29.36, 29.37, 29.4, 29.4, 29.4, 29.4, 29.4, 29.46, 29.46, 29.47, 29.47, 29.46, 29.46, 29.46, 29.47, 29.4, 29.39], [29.36, 29.36, 29.34, 29.34, 29.4, 29.4, 29.4, 29.4, 29.4, 29.4, 29.44, 29.46, 29.47, 29.48, 29.48, 29.37, 29.33, 29.29, 29.26, 29.24], [29.34, 29.34, 29.34, 29.34, 29.4, 29.4, 29.4, 29.4, 29.4, 29.43, 29.44, 29.45, 29.47, 29.48, 29.5, 29.39, 29.32, 29.28, 29.25, 29.23], [29.34, 29.34, 29.34, 29.4, 29.4, 29.4, 29.4, 29.4, 29.41, 29.42, 29.43, 29.44, 29.45, 29.47, 29.4, 29.35, 29.3, 29.26, 29.23, 29.22], [29.34, 29.34, 29.4, 29.4, 29.4, 29.4, 29.4, 29.4, 29.41, 29.42, 29.43, 29.44, 29.45, 29.46, 29.32, 29.29, 29.26, 29.23, 29.21, 29.2], [29.4, 29.4, 29.4, 29.4, 29.4, 29.4, 29.4, 29.4, 29.42, 29.42, 29.43, 29.43, 29.44, 29.26, 29.26, 29.24, 29.22, 29.2, 29.18, 29.17], [29.4, 29.4, 29.4, 29.4, 29.4, 29.4, 29.4, 29.45, 29.42, 29.42, 29.42, 29.43, 29.44, 29.22, 29.21, 29.2, 29.18, 29.17, 29.15, 29.15], [29.4, 29.4, 29.4, 29.48, 29.47, 29.47, 29.46, 29.46, 29.46, 29.46, 29.46, 29.4, 29.19, 29.19, 29.18, 29.18, 29.18, 29.14, 29.12, 29.12], [29.49, 29.49, 29.48, 29.48, 29.48, 29.47, 29.47, 29.46, 29.45, 29.45, 29.46, 29.47, 29.2, 29.17, 29.14, 29.15, 29.26, 29.07, 29.07, 29.1], [29.49, 29.49, 29.49, 29.49, 29.48, 29.48, 29.48, 29.47, 29.45, 29.43, 29.46, 29.48, 29.49, 29.16, 29.13, 29.1, 29.02, 28.93, 29.04, 29.08], [29.49, 29.49, 29.49, 29.49, 29.49, 29.49, 29.49, 29.48, 29.46, 29.44, 29.48, 29.5, 29.5, 29.16, 29.13, 29.13, 29.07, 29.04, 29.05, 29.08], [29.5, 29.5, 29.5, 29.5, 29.5, 29.5, 29.5, 29.5, 29.5, 29.5, 29.52, 29.53, 29.52, 29.28, 29.22, 29.17, 29.12, 29.1, 29.11, 29.12], [29.5, 29.5, 29.5, 29.51, 29.51, 29.51, 29.52, 29.53, 29.54, 29.57, 29.58, 29.46, 29.39, 29.32, 29.26, 29.21, 29.17, 29.15, 29.14, 29.15], [29.51, 29.51, 29.51, 29.51, 29.52, 29.52, 29.53, 29.55, 29.57, 29.62, 29.64, 29.52, 29.43, 29.35, 29.29, 29.24, 29.2, 29.18, 29.17, 29.17], [29.51, 29.51, 29.51, 29.52, 29.52, 29.53, 29.54, 29.56, 29.5, 29.56, 29.6, 29.52, 29.44, 29.37, 29.31, 29.27, 29.23, 29.21, 29.2, 29.19], [29.51, 29.51, 29.52, 29.52, 29.53, 29.53, 29.55, 29.56, 29.48, 29.51, 29.52, 29.48, 29.43, 29.37, 29.32, 29.28, 29.25, 29.23, 29.22, 29.21], [29.51, 29.52, 29.52, 29.52, 29.53, 29.54, 29.55, 29.44, 29.46, 29.47, 29.47, 29.45, 29.41, 29.37, 29.33, 29.3, 29.27, 29.25, 29.23, 29.23]]}