awsData/contour/temp_2023092420.json
{"header": {"refTime": "2023-09-24T20:00:00.000Z", "nx": 21, "ny": 33, "lo1": 113.509, "la1": 22.2235, "lo2": 113.5947, "la2": 22.1034, "dx": 0.0042850000000001385, "dy": 0.003753125000000024, "parameterCategory": 0, "parameterCategoryName": "Temperature", "parameterNumber": 0}, "z": [[29.37, 29.38, 29.38, 29.18, 29.19, 29.4, 29.41, 29.42, 29.43, 29.35, 29.33, 29.32, 29.45, 29.45, 29.36, 29.34, 29.27, 29.26, 29.25, 29.24], [29.37, 29.37, 29.38, 29.38, 29.19, 29.22, 29.41, 29.43, 29.44, 29.37, 29.34, 29.32, 29.45, 29.45, 29.36, 29.28, 29.26, 29.25, 29.24, 29.23], [29.37, 29.37, 29.37, 29.37, 29.18, 29.21, 29.25, 29.44, 29.49, 29.39, 29.34, 29.33, 29.45, 29.45, 29.31, 29.28, 29.25, 29.24, 29.23, 29.22], [29.37, 29.37, 29.37, 29.37, 29.37, 29.19, 29.22, 29.28, 29.33, 29.35, 29.32, 29.33, 29.46, 29.3, 29.31, 29.27, 29.24, 29.22, 29.21, 29.21], [29.37, 29.37, 29.37, 29.36, 29.36, 29.16, 29.17, 29.19, 29.19, 29.27, 29.27, 29.3, 29.42, 29.32, 29.31, 29.25, 29.21, 29.19, 29.18, 29.19], [29.37, 29.37, 29.37, 29.36, 29.35, 29.34, 29.13, 29.12, 29.09, 29.05, 29.14, 29.25, 29.34, 29.43, 29.29, 29.23, 29.16, 29.14, 29.15, 29.17], [29.32, 29.37, 29.37, 29.36, 29.35, 29.33, 29.1, 29.08, 29.05, 28.95, 28.93, 29.15, 29.39, 29.4, 29.27, 29.2, 29.1, 29.07, 29.09, 29.12], [29.33, 29.33, 29.33, 29.33, 29.32, 29.16, 29.12, 29.09, 29.07, 28.93, 28.8, 29.12, 29.12, 29.4, 29.11, 29.14, 29.08, 29.05, 29.09, 29.12], [29.27, 29.28, 29.35, 29.35, 29.36, 29.34, 29.29, 29.11, 28.97, 28.97, 28.93, 29.02, 29.06, 29.0, 29.12, 29.16, 29.12, 29.1, 29.11, 29.13], [29.5, 29.5, 29.5, 29.31, 29.34, 29.41, 29.36, 29.29, 28.87, 28.89, 29.06, 28.96, 29.0, 28.98, 29.12, 29.17, 29.14, 29.13, 29.13, 29.14], [29.5, 29.5, 29.5, 29.5, 29.5, 29.5, 29.5, 29.5, 29.36, 28.96, 28.7, 28.93, 28.96, 28.96, 29.12, 29.18, 29.16, 29.15, 29.15, 29.15], [29.5, 29.5, 29.5, 29.5, 29.5, 29.5, 29.5, 29.5, 29.5, -999.0, 28.7, 29.3, 29.3, 28.94, 29.11, 29.19, 29.18, 28.37, 28.39, 28.39], [29.5, 29.5, 29.5, 29.5, 29.5, 29.5, 29.5, 29.5, 29.5, 29.5, -999.0, 29.3, 29.3, 28.39, 28.79, 28.6, 28.61, 28.47, 28.49, 28.5], [29.5, 29.5, 29.5, 29.5, 29.5, 29.5, 29.5, 29.5, 29.5, 29.5, -999.0, 27.9, 27.9, 27.9, 28.67, 28.51, 28.53, 28.39, 28.42, 28.44], [29.5, 29.5, 29.5, 29.5, 29.5, 29.5, 29.5, 29.2, 29.2, 29.2, 29.2, 28.7, 27.9, 27.9, 27.9, 28.4, 28.44, 28.31, 28.35, 28.38], [29.5, 29.5, 29.31, 29.31, 29.3, 29.2, 29.2, 29.2, 29.2, 29.2, 28.38, 28.47, 28.35, 28.24, 28.36, 28.27, 28.32, 28.22, 28.46, 28.5], [29.31, 29.31, 29.39, 29.39, 29.2, 29.2, 29.2, 29.2, 29.2, 29.2, 28.64, 28.48, 28.31, 28.15, 28.17, 28.11, 28.19, 28.24, 28.29, 28.31], [29.39, 29.39, 29.38, 29.38, 29.2, 29.2, 29.2, 29.2, 29.2, 28.87, 28.7, 28.5, 28.3, 28.18, 27.94, 28.09, 28.19, 28.26, 28.31, 28.33], [29.39, 29.38, 29.38, 29.2, 29.2, 29.2, 29.2, 29.2, 29.08, 28.95, 28.77, 28.61, 28.44, 28.27, 28.07, 28.15, 28.24, 28.3, 28.34, 28.36], [29.38, 29.38, 29.03, 29.04, 29.05, 29.06, 29.09, 29.15, 29.04, 28.92, 28.78, 28.64, 28.51, 28.41, 28.22, 28.26, 28.32, 28.36, 28.38, 28.39], [29.02, 29.02, 29.03, 29.08, 29.08, 29.09, 29.1, 29.11, 28.93, 28.87, 28.78, 28.68, 28.58, 28.3, 28.33, 28.37, 28.4, 28.42, 28.43, 28.42], [29.06, 29.06, 29.06, 29.07, 29.07, 29.07, 29.07, 29.17, 28.87, 28.83, 28.77, 28.7, 28.55, 28.37, 28.41, 28.46, 28.49, 28.49, 28.47, 28.46], [29.05, 29.05, 29.05, 29.19, 29.18, 29.17, 29.16, 29.15, 29.13, 29.13, 29.14, 28.99, 28.72, 28.42, 28.47, 28.53, 28.6, 28.56, 28.51, 28.48], [29.21, 29.21, 29.2, 29.19, 29.19, 29.17, 29.15, 29.13, 29.09, 29.08, 29.11, 29.07, 28.73, 28.7, 28.68, 28.57, 28.74, 28.56, 28.51, 28.48], [29.21, 29.21, 29.2, 29.2, 29.19, 29.18, 29.15, 29.12, 29.05, 28.99, 29.08, 29.09, 29.1, 28.7, 28.67, 28.64, 28.51, 28.45, 28.49, 28.48], [29.22, 29.21, 29.21, 29.21, 29.2, 29.19, 29.17, 29.13, 29.07, 29.01, 29.08, 29.12, 29.13, 28.7, 28.67, 28.74, 28.67, 28.63, 28.48, 28.47], [29.22, 29.22, 29.22, 29.21, 29.21, 29.2, 29.2, 29.18, 29.16, 29.17, 29.18, 29.19, 29.18, 28.96, 28.87, 28.79, 28.74, 28.71, 28.72, 28.73], [29.23, 29.23, 29.23, 29.23, 29.23, 29.23, 29.23, 29.24, 29.27, 29.29, 29.33, 29.2, 29.11, 29.01, 28.92, 28.85, 28.8, 28.77, 28.76, 28.77], [29.23, 29.23, 29.23, 29.24, 29.24, 29.25, 29.26, 29.29, 29.34, 29.41, 29.49, 29.3, 29.17, 29.06, 28.97, 28.9, 28.85, 28.82, 28.8, 28.8], [29.24, 29.24, 29.24, 29.25, 29.25, 29.26, 29.28, 29.31, 29.26, 29.36, 29.43, 29.31, 29.19, 29.09, 29.01, 28.94, 28.89, 28.86, 28.84, 28.83], [29.24, 29.24, 29.25, 29.25, 29.26, 29.27, 29.29, 29.32, 29.23, 29.29, 29.3, 29.25, 29.17, 29.09, 29.03, 28.97, 28.92, 28.89, 28.87, 28.86], [29.24, 29.25, 29.25, 29.26, 29.27, 29.28, 29.3, 29.17, 29.2, 29.22, 29.22, 29.19, 29.14, 29.09, 29.03, 28.98, 28.94, 28.91, 28.89, 28.88]]}