awsData/contour/temp_2023092511.json
{"header": {"refTime": "2023-09-25T11:00:00.000Z", "nx": 21, "ny": 33, "lo1": 113.509, "la1": 22.2235, "lo2": 113.5947, "la2": 22.1034, "dx": 0.0042850000000001385, "dy": 0.003753125000000024, "parameterCategory": 0, "parameterCategoryName": "Temperature", "parameterNumber": 0}, "z": [[30.19, 30.18, 30.16, 29.99, 29.98, 29.97, 29.96, 29.95, 29.95, 30.02, 30.06, 30.09, 30.43, 30.47, 30.26, 30.29, 30.79, 30.8, 30.8, 30.81], [30.2, 30.19, 30.17, 30.14, 29.98, 29.96, 29.94, 29.92, 29.91, 29.99, 30.05, 30.1, 30.44, 30.48, 30.28, 30.78, 30.79, 30.79, 30.8, 30.81], [30.21, 30.2, 30.18, 30.16, 29.98, 29.97, 29.94, 29.9, 29.83, 29.96, 30.06, 30.13, 30.45, 30.49, 30.75, 30.77, 30.78, 30.79, 30.8, 30.8], [30.23, 30.22, 30.2, 30.18, 30.15, 29.98, 29.96, 29.93, 29.9, 30.01, 30.1, 30.17, 30.46, 30.6, 30.74, 30.77, 30.78, 30.79, 30.79, 30.8], [30.25, 30.24, 30.23, 30.21, 30.18, 30.0, 29.99, 29.98, 29.98, 30.09, 30.15, 30.55, 30.42, 30.58, 30.74, 30.78, 30.78, 30.78, 30.79, 30.8], [30.27, 30.27, 30.26, 30.25, 30.22, 30.18, 30.01, 30.02, 30.03, 30.06, 30.65, 30.63, 30.56, 30.73, 30.79, 30.79, 30.78, 30.77, 30.78, 30.79], [30.5, 30.3, 30.3, 30.29, 30.27, 30.24, 30.3, 30.03, 30.05, 30.45, 30.57, 30.82, 31.04, 30.96, 30.86, 30.81, 30.76, 30.74, 30.63, 30.6], [30.52, 30.52, 30.52, 30.52, 30.5, 30.41, 30.32, 30.19, 30.13, 30.41, 30.43, 31.2, 31.21, 30.95, 31.04, 31.13, 30.94, 30.86, 30.98, 31.05], [30.38, 30.4, 30.56, 30.57, 30.58, 30.54, 30.43, 30.28, 30.1, 30.47, 30.8, 30.99, 31.08, 30.96, 31.06, 31.17, 31.05, 31.01, 31.03, 31.08], [30.9, 30.9, 30.9, 30.48, 30.54, 30.7, 30.59, 30.43, 30.17, 30.15, 31.09, 30.87, 30.94, 30.91, 31.06, 31.21, 31.13, 31.1, 31.09, 31.11], [30.9, 30.9, 30.9, 30.9, 30.9, 30.9, 30.9, 30.9, 30.58, 30.1, 30.3, 30.8, 30.85, 30.86, 31.05, 31.24, 31.18, 31.15, 31.14, 31.15], [30.9, 30.9, 30.9, 30.9, 30.9, 30.9, 30.9, 30.9, 30.9, -999.0, 30.3, 31.6, 31.6, 30.82, 31.04, 31.27, 31.23, 30.81, 30.81, 30.81], [30.9, 30.9, 30.9, 30.9, 30.9, 30.9, 30.9, 30.9, 30.9, 30.9, -999.0, 31.6, 31.6, 31.14, 31.34, 30.77, 30.77, 30.8, 30.79, 30.79], [30.9, 30.9, 30.9, 30.9, 30.9, 30.9, 30.9, 30.9, 30.9, 30.9, -999.0, 30.9, 30.9, 30.9, 31.28, 30.79, 30.79, 30.81, 30.81, 30.8], [30.9, 30.9, 30.9, 30.9, 30.9, 30.9, 30.9, 31.2, 31.2, 31.2, 31.2, 31.08, 30.9, 30.9, 30.9, 30.81, 30.8, 30.83, 30.82, 30.81], [30.9, 30.9, 31.09, 31.09, 31.1, 31.2, 31.2, 31.2, 31.2, 31.2, 31.01, 31.03, 31.0, 30.98, 31.01, 30.5, 30.44, 30.54, 30.55, 30.52], [31.09, 31.09, 31.01, 31.01, 31.2, 31.2, 31.2, 31.2, 31.2, 31.2, 31.07, 31.03, 30.99, 30.96, 30.81, 30.79, 30.75, 30.72, 30.69, 30.68], [31.01, 31.01, 31.02, 31.02, 31.2, 31.2, 31.2, 31.2, 31.2, 31.12, 31.08, 31.04, 30.99, 30.82, 30.89, 30.8, 30.74, 30.7, 30.68, 30.67], [31.01, 31.02, 31.02, 31.2, 31.2, 31.2, 31.2, 31.2, 31.17, 31.14, 31.08, 31.04, 30.78, 30.78, 30.8, 30.76, 30.71, 30.68, 30.66, 30.66], [31.02, 31.02, 31.09, 31.09, 31.1, 31.11, 31.13, 31.17, 31.15, 31.11, 31.07, 31.04, 30.74, 30.71, 30.72, 30.69, 30.66, 30.64, 30.64, 30.64], [31.08, 31.08, 31.08, 31.12, 31.12, 31.13, 31.13, 31.14, 31.11, 31.09, 31.07, 31.04, 30.69, 30.67, 30.65, 30.63, 30.6, 30.6, 30.61, 30.62], [31.11, 31.11, 31.11, 31.11, 31.11, 31.11, 31.12, 31.25, 31.08, 31.07, 31.05, 31.04, 30.58, 30.63, 30.6, 30.56, 30.53, 30.55, 30.59, 30.61], [31.1, 31.1, 31.1, 31.3, 31.29, 31.28, 31.27, 31.25, 31.24, 31.24, 31.25, 30.74, 30.69, 30.6, 30.56, 30.49, 30.41, 30.49, 30.59, 30.62], [31.33, 31.33, 31.32, 31.31, 31.3, 31.29, 31.27, 31.24, 31.21, 31.19, 31.23, 30.93, 30.7, 30.64, 30.58, 30.48, 30.15, 30.59, 30.64, 30.64], [31.34, 31.34, 31.33, 31.32, 31.32, 31.3, 31.28, 31.24, 31.16, 31.1, 31.21, 30.99, 30.89, 30.66, 30.61, 30.58, 30.68, 30.87, 30.7, 30.66], [31.35, 31.34, 31.34, 31.34, 31.33, 31.32, 31.3, 31.27, 31.19, 31.13, 31.08, 31.06, 30.97, 30.68, 30.65, 30.78, 30.79, 30.82, 30.7, 30.67], [31.36, 31.35, 31.35, 31.35, 31.35, 31.35, 31.34, 31.33, 31.32, 31.33, 31.21, 31.17, 31.07, 31.04, 30.93, 30.86, 30.84, 30.83, 30.83, 30.83], [31.36, 31.37, 31.37, 31.37, 31.37, 31.38, 31.39, 31.41, 31.45, 31.38, 31.42, 31.55, 31.5, 31.46, 31.01, 30.93, 30.89, 30.87, 30.86, 30.86], [31.37, 31.38, 31.38, 31.39, 31.39, 31.41, 31.43, 31.47, 31.54, 31.57, 31.8, 31.64, 31.55, 31.49, 31.08, 30.99, 30.94, 30.91, 30.89, 30.89], [31.38, 31.39, 31.39, 31.4, 31.41, 31.43, 31.46, 31.5, 31.59, 31.69, 31.75, 31.65, 31.57, 31.51, 31.12, 31.04, 30.99, 30.95, 30.93, 30.91], [31.39, 31.39, 31.4, 31.41, 31.42, 31.44, 31.47, 31.51, 31.57, 31.63, 31.65, 31.61, 31.56, 31.52, 31.15, 31.07, 31.02, 30.98, 30.96, 30.94], [31.39, 31.4, 31.41, 31.42, 31.43, 31.45, 31.48, 31.52, 31.55, 31.58, 31.59, 31.57, 31.54, 31.51, 31.16, 31.09, 31.05, 31.01, 30.98, 30.96]]}