awsData/contour/temp_2023092409.json
{"header": {"refTime": "2023-09-24T09:00:00.000Z", "nx": 21, "ny": 33, "lo1": 113.509, "la1": 22.2235, "lo2": 113.5947, "la2": 22.1034, "dx": 0.0042850000000001385, "dy": 0.003753125000000024, "parameterCategory": 0, "parameterCategoryName": "Temperature", "parameterNumber": 0}, "z": [[29.24, 29.24, 29.24, 29.11, 29.12, 29.46, 29.45, 29.45, 29.46, 29.43, 29.47, 29.51, 29.73, 29.75, 29.82, 29.82, 29.9, 29.89, 29.88, 29.88], [29.24, 29.24, 29.24, 29.24, 29.12, 29.14, 29.43, 29.42, 29.41, 29.41, 29.47, 29.53, 29.76, 29.78, 29.84, 29.91, 29.9, 29.89, 29.88, 29.87], [29.24, 29.24, 29.24, 29.24, 29.12, 29.13, 29.16, 29.39, 29.33, 29.39, 29.49, 29.58, 29.82, 29.83, 29.93, 29.91, 29.89, 29.88, 29.87, 29.87], [29.24, 29.24, 29.24, 29.23, 29.24, 29.12, 29.14, 29.17, 29.2, 29.41, 29.52, 29.67, 29.91, 29.79, 29.94, 29.91, 29.89, 29.87, 29.87, 29.86], [29.24, 29.23, 29.23, 29.23, 29.23, 29.1, 29.11, 29.12, 29.12, 29.41, 29.52, 29.81, 30.03, 29.84, 29.94, 29.9, 29.87, 29.86, 29.86, 29.86], [29.24, 29.23, 29.23, 29.23, 29.23, 29.22, 29.09, 29.08, 29.07, 29.04, 29.5, 29.69, 29.88, 30.0, 29.91, 29.87, 29.85, 29.84, 29.84, 29.85], [29.21, 29.24, 29.23, 29.23, 29.23, 29.22, 29.07, 29.07, 29.05, 29.06, 29.06, 29.5, 29.86, 29.89, 29.87, 29.85, 29.83, 29.82, 29.87, 29.9], [29.21, 29.22, 29.22, 29.21, 29.21, 29.11, 29.09, 29.07, 29.1, 29.03, 28.92, 29.35, 29.36, 29.9, 29.73, 29.7, 29.75, 29.76, 29.74, 29.72], [29.19, 29.19, 29.22, 29.23, 29.23, 29.22, 29.2, 29.08, 29.0, 29.08, 29.11, 29.23, 29.28, 29.21, 29.72, 29.7, 29.72, 29.73, 29.73, 29.72], [29.3, 29.3, 29.3, 29.21, 29.22, 29.25, 29.23, 29.2, 28.93, 28.95, 29.29, 29.15, 29.2, 29.17, 29.72, 29.69, 29.7, 29.71, 29.71, 29.71], [29.3, 29.3, 29.3, 29.3, 29.3, 29.3, 29.3, 29.3, 29.23, 29.0, 28.8, 29.1, 29.14, 29.14, 29.72, 29.68, 29.69, 29.7, 29.7, 29.7], [29.3, 29.3, 29.3, 29.3, 29.3, 29.3, 29.3, 29.3, 29.3, -999.0, 28.8, 29.6, 29.6, 29.12, 29.72, 29.67, 29.68, 29.69, 29.69, 29.69], [29.3, 29.3, 29.3, 29.3, 29.3, 29.3, 29.3, 29.3, 29.3, 29.3, -999.0, 29.6, 29.6, 29.6, 29.6, 29.73, 29.73, 29.7, 29.71, 29.71], [29.3, 29.3, 29.3, 29.3, 29.3, 29.3, 29.3, 29.3, 29.3, 29.3, -999.0, 29.6, 29.6, 29.6, 29.6, 29.71, 29.71, 29.69, 29.69, 29.7], [29.3, 29.3, 29.3, 29.3, 29.3, 29.3, 29.3, 29.3, 29.3, 29.3, 29.3, 29.42, 29.6, 29.6, 29.6, 29.69, 29.7, 29.67, 29.68, 29.69], [29.3, 29.3, 29.3, 29.3, 29.3, 29.3, 29.3, 29.3, 29.3, 29.3, 29.49, 29.47, 29.5, 29.52, 29.49, 29.27, 29.22, 29.31, 29.41, 29.39], [29.3, 29.3, 29.3, 29.3, 29.3, 29.3, 29.3, 29.3, 29.3, 29.3, 29.43, 29.47, 29.51, 29.54, 29.46, 29.31, 29.2, 29.12, 29.06, 29.02], [29.3, 29.3, 29.3, 29.3, 29.3, 29.3, 29.3, 29.3, 29.3, 29.38, 29.42, 29.46, 29.51, 29.46, 29.58, 29.34, 29.19, 29.09, 29.03, 28.99], [29.3, 29.3, 29.3, 29.3, 29.3, 29.3, 29.3, 29.3, 29.33, 29.36, 29.46, 29.5, 29.36, 29.41, 29.36, 29.25, 29.13, 29.04, 28.99, 28.96], [29.3, 29.3, 29.53, 29.52, 29.5, 29.48, 29.45, 29.37, 29.37, 29.42, 29.47, 29.5, 29.31, 29.33, 29.17, 29.11, 29.03, 28.97, 28.93, 28.91], [29.54, 29.54, 29.53, 29.47, 29.46, 29.45, 29.43, 29.41, 29.44, 29.46, 29.49, 29.52, 29.26, 29.05, 29.02, 28.97, 28.92, 28.88, 28.87, 28.86], [29.49, 29.48, 29.48, 29.48, 29.48, 29.47, 29.47, 29.4, 29.5, 29.51, 29.52, 29.53, 29.35, 28.95, 28.91, 28.86, 28.82, 28.8, 28.8, 28.81], [29.49, 29.49, 29.49, 29.39, 29.4, 29.41, 29.42, 29.44, 29.45, 29.46, 29.45, 29.32, 29.01, 28.88, 28.83, 28.78, 28.73, 28.72, 28.74, 28.77], [29.38, 29.39, 29.39, 29.4, 29.41, 29.42, 29.44, 29.47, 29.5, 29.52, 29.49, 29.3, 29.04, 28.92, 28.81, 28.73, 28.69, 28.65, 28.7, 28.74], [29.38, 29.39, 29.39, 29.4, 29.41, 29.42, 29.45, 29.49, 29.56, 29.62, 29.53, 29.33, 29.23, 28.93, 28.82, 28.73, 28.64, 28.61, 28.68, 28.73], [29.38, 29.39, 29.39, 29.4, 29.41, 29.42, 29.44, 29.48, 29.54, 29.6, 29.43, 29.32, 29.23, 28.95, 28.84, 28.67, 28.64, 28.63, 28.7, 28.73], [29.38, 29.38, 29.39, 29.39, 29.4, 29.41, 29.42, 29.44, 29.46, 29.45, 29.33, 29.27, 29.22, 28.78, 28.73, 28.7, 28.67, 28.66, 28.66, 28.67], [29.38, 29.38, 29.38, 29.38, 29.39, 29.39, 29.39, 29.39, 29.37, 29.27, 29.23, 29.19, 29.15, 29.1, 28.76, 28.73, 28.7, 28.69, 28.69, 28.69], [29.38, 29.38, 29.38, 29.38, 29.38, 29.37, 29.37, 29.35, 29.31, 29.19, 29.13, 29.15, 29.14, 29.1, 28.79, 28.75, 28.73, 28.71, 28.7, 28.7], [29.37, 29.37, 29.37, 29.37, 29.37, 29.36, 29.35, 29.33, 29.19, 29.16, 29.13, 29.14, 29.13, 29.11, 28.8, 28.77, 28.75, 28.73, 28.72, 28.72], [29.37, 29.37, 29.37, 29.36, 29.36, 29.35, 29.34, 29.32, 29.18, 29.16, 29.15, 29.14, 29.13, 29.11, 28.81, 28.78, 28.76, 28.75, 28.74, 28.73], [29.37, 29.36, 29.36, 29.36, 29.35, 29.35, 29.33, 29.18, 29.17, 29.16, 29.15, 29.14, 29.13, 29.11, 28.82, 28.79, 28.77, 28.76, 28.75, 28.74]]}