awsData/contour/temp_2023092503.json
{"header": {"refTime": "2023-09-25T03:00:00.000Z", "nx": 21, "ny": 33, "lo1": 113.509, "la1": 22.2235, "lo2": 113.5947, "la2": 22.1034, "dx": 0.0042850000000001385, "dy": 0.003753125000000024, "parameterCategory": 0, "parameterCategoryName": "Temperature", "parameterNumber": 0}, "z": [[28.57, 28.56, 28.56, 28.33, 28.34, 28.57, 28.57, 28.58, 28.59, 28.52, 28.51, 28.51, 28.7, 28.71, 28.68, 28.68, 28.7, 28.7, 28.69, 28.69], [28.57, 28.56, 28.56, 28.56, 28.34, 28.36, 28.57, 28.58, 28.59, 28.53, 28.52, 28.52, 28.71, 28.72, 28.69, 28.71, 28.7, 28.69, 28.69, 28.69], [28.57, 28.57, 28.56, 28.56, 28.34, 28.36, 28.39, 28.58, 28.6, 28.54, 28.52, 28.53, 28.72, 28.73, 28.72, 28.71, 28.7, 28.69, 28.69, 28.68], [28.57, 28.57, 28.56, 28.56, 28.55, 28.34, 28.37, 28.42, 28.46, 28.51, 28.51, 28.56, 28.74, 28.6, 28.72, 28.7, 28.69, 28.68, 28.68, 28.68], [28.57, 28.57, 28.57, 28.56, 28.55, 28.32, 28.33, 28.34, 28.34, 28.45, 28.48, 28.6, 28.72, 28.63, 28.72, 28.7, 28.68, 28.67, 28.67, 28.67], [28.58, 28.58, 28.57, 28.56, 28.55, 28.54, 28.29, 28.29, 28.27, 28.22, 28.43, 28.55, 28.65, 28.77, 28.71, 28.69, 28.66, 28.65, 28.66, 28.66], [28.58, 28.58, 28.58, 28.57, 28.56, 28.54, 28.32, 28.26, 28.23, 28.19, 28.18, 28.46, 28.74, 28.75, 28.7, 28.67, 28.64, 28.63, 28.64, 28.65], [28.59, 28.59, 28.59, 28.59, 28.58, 28.4, 28.35, 28.3, 28.28, 28.16, 28.03, 28.45, 28.46, 28.75, 28.64, 28.65, 28.63, 28.62, 28.63, 28.64], [28.51, 28.52, 28.61, 28.62, 28.62, 28.6, 28.54, 28.33, 28.17, 28.22, 28.21, 28.33, 28.38, 28.31, 28.64, 28.65, 28.64, 28.63, 28.64, 28.64], [28.8, 28.8, 28.8, 28.57, 28.6, 28.69, 28.63, 28.54, 28.07, 28.09, 28.39, 28.25, 28.3, 28.27, 28.64, 28.66, 28.65, 28.64, 28.64, 28.65], [28.8, 28.8, 28.8, 28.8, 28.8, 28.8, 28.8, 28.8, 28.62, 28.16, 27.9, 28.2, 28.24, 28.24, 28.64, 28.66, 28.65, 28.65, 28.65, 28.65], [28.8, 28.8, 28.8, 28.8, 28.8, 28.8, 28.8, 28.8, 28.8, -999.0, 27.9, 28.7, 28.7, 28.22, 28.64, 28.66, 28.66, 27.92, 27.93, 27.94], [28.8, 28.8, 28.8, 28.8, 28.8, 28.8, 28.8, 28.8, 28.8, 28.8, -999.0, 28.7, 28.7, 27.85, 28.22, 28.16, 28.17, 28.02, 28.05, 28.06], [28.8, 28.8, 28.8, 28.8, 28.8, 28.8, 28.8, 28.8, 28.8, 28.8, -999.0, 27.4, 27.4, 27.4, 28.11, 28.06, 28.08, 27.93, 27.96, 27.99], [28.8, 28.8, 28.8, 28.8, 28.8, 28.8, 28.8, 28.6, 28.6, 28.6, 28.6, 28.14, 27.4, 27.4, 27.4, 27.95, 27.99, 27.85, 27.89, 27.93], [28.8, 28.8, 28.67, 28.67, 28.67, 28.6, 28.6, 28.6, 28.6, 28.6, 27.84, 27.93, 27.81, 27.72, 27.83, 27.8, 27.86, 27.76, 28.01, 28.05], [28.67, 28.67, 28.73, 28.73, 28.6, 28.6, 28.6, 28.6, 28.6, 28.6, 28.08, 27.94, 27.78, 27.63, 27.67, 27.64, 27.73, 27.79, 27.84, 27.87], [28.73, 28.73, 28.72, 28.72, 28.6, 28.6, 28.6, 28.6, 28.6, 28.3, 28.13, 27.95, 27.77, 27.67, 27.44, 27.61, 27.74, 27.81, 27.86, 27.89], [28.72, 28.72, 28.72, 28.6, 28.6, 28.6, 28.6, 28.6, 28.49, 28.37, 28.24, 28.09, 27.93, 27.77, 27.6, 27.69, 27.79, 27.86, 27.9, 27.92], [28.72, 28.72, 28.54, 28.55, 28.55, 28.55, 28.56, 28.58, 28.48, 28.38, 28.25, 28.13, 28.0, 27.91, 27.76, 27.81, 27.87, 27.92, 27.95, 27.96], [28.54, 28.54, 28.54, 28.56, 28.56, 28.56, 28.57, 28.57, 28.39, 28.34, 28.26, 28.17, 28.07, 27.86, 27.88, 27.93, 27.97, 28.0, 28.0, 28.0], [28.55, 28.55, 28.55, 28.56, 28.56, 28.56, 28.56, 28.6, 28.36, 28.32, 28.27, 28.21, 28.11, 27.94, 27.98, 28.03, 28.07, 28.08, 28.06, 28.03], [28.55, 28.55, 28.55, 28.61, 28.61, 28.61, 28.6, 28.6, 28.59, 28.59, 28.59, 28.53, 28.32, 28.0, 28.05, 28.12, 28.19, 28.15, 28.09, 28.06], [28.62, 28.62, 28.62, 28.62, 28.61, 28.61, 28.6, 28.59, 28.58, 28.57, 28.58, 28.57, 28.33, 28.3, 28.28, 28.15, 28.34, 28.15, 28.1, 28.07], [28.62, 28.62, 28.62, 28.62, 28.62, 28.61, 28.6, 28.59, 28.56, 28.54, 28.57, 28.58, 28.59, 28.3, 28.27, 28.24, 28.11, 28.04, 28.08, 28.06], [28.63, 28.63, 28.62, 28.62, 28.62, 28.62, 28.61, 28.59, 28.57, 28.55, 28.58, 28.6, 28.6, 28.3, 28.27, 28.28, 28.22, 28.2, 28.07, 28.06], [28.63, 28.63, 28.63, 28.63, 28.63, 28.62, 28.62, 28.62, 28.61, 28.61, 28.62, 28.63, 28.62, 28.41, 28.36, 28.31, 28.27, 28.25, 28.26, 28.27], [28.63, 28.63, 28.63, 28.63, 28.63, 28.63, 28.64, 28.64, 28.65, 28.67, 28.68, 28.58, 28.52, 28.45, 28.39, 28.34, 28.31, 28.29, 28.29, 28.29], [28.63, 28.63, 28.64, 28.64, 28.64, 28.64, 28.65, 28.66, 28.68, 28.72, 28.74, 28.63, 28.55, 28.48, 28.42, 28.38, 28.34, 28.32, 28.32, 28.31], [28.64, 28.64, 28.64, 28.64, 28.64, 28.65, 28.66, 28.67, 28.61, 28.67, 28.7, 28.63, 28.56, 28.49, 28.44, 28.4, 28.37, 28.35, 28.34, 28.33], [28.64, 28.64, 28.64, 28.64, 28.65, 28.65, 28.66, 28.68, 28.6, 28.62, 28.63, 28.6, 28.55, 28.5, 28.45, 28.42, 28.39, 28.37, 28.36, 28.35], [28.64, 28.64, 28.64, 28.65, 28.65, 28.66, 28.66, 28.56, 28.57, 28.59, 28.58, 28.56, 28.53, 28.49, 28.46, 28.43, 28.4, 28.38, 28.37, 28.36]]}