awsData/contour/wdir_2023092416.json
[{"header": {"refTime": "2023-09-24T16:00:00.000Z", "nx": 21, "ny": 33, "lo1": 113.509, "la1": 22.2235, "lo2": 113.5947, "la2": 22.1034, "dx": 0.0042850000000001385, "dy": 0.003753125000000024, "parameterCategory": 2, "parameterCategoryName": "Temperature", "parameterNumber": 2}, "data": [-2.91, -2.92, -2.93, -2.9, -2.89, -3.23, -3.2, -3.16, -3.15, -2.84, -2.87, -2.89, -3.28, -3.31, -3.97, -4.06, -4.34, -4.4, -4.44, -4.46, -2.91, -2.92, -2.92, -2.93, -2.9, -2.89, -3.17, -3.1, -3.06, -2.84, -2.87, -2.92, -3.3, -3.33, -3.99, -4.29, -4.37, -4.44, -4.49, -4.51, -2.91, -2.91, -2.92, -2.93, -2.91, -2.9, -2.88, -3.06, -2.86, -2.83, -2.89, -2.96, -3.34, -3.36, -4.18, -4.31, -4.42, -4.51, -4.55, -4.57, -2.9, -2.91, -2.92, -2.93, -2.95, -2.92, -2.91, -2.87, -2.84, -2.82, -2.9, -3.03, -3.41, -3.25, -4.17, -4.35, -4.51, -4.61, -4.65, -4.65, -2.89, -2.9, -2.91, -2.93, -2.96, -2.96, -2.95, -2.93, -2.89, -2.79, -2.88, -3.25, -3.43, -3.29, -4.18, -4.43, -4.65, -4.77, -4.78, -4.74, -2.87, -2.88, -2.89, -2.92, -2.95, -3.01, -3.02, -3.03, -2.97, -2.84, -2.97, -3.17, -3.33, -3.98, -4.23, -4.56, -4.89, -5.02, -4.95, -4.84, -4.13, -2.86, -2.86, -2.88, -2.93, -3.0, -2.93, -3.19, -3.15, -2.93, -2.76, -3.05, -4.04, -4.14, -4.29, -4.69, -5.21, -5.41, -5.43, -5.33, -4.13, -4.07, -4.0, -3.8, -3.79, -2.76, -2.92, -3.24, -3.59, -2.86, -2.35, -3.57, -3.83, -4.33, -5.01, -5.23, -5.48, -5.58, -5.44, -5.35, -4.14, -4.07, -3.98, -3.86, -3.63, -3.66, -3.84, -3.01, -3.84, -2.99, -3.4, -4.01, -4.68, -4.36, -5.05, -5.18, -5.33, -5.39, -5.36, -5.31, -4.97, -4.87, -4.72, -3.8, -3.52, -3.27, -3.7, -4.17, -4.28, -4.03, -3.8, -4.32, -4.9, -4.48, -5.09, -5.15, -5.23, -5.28, -5.29, -5.27, -5.01, -4.91, -4.77, -4.5, -3.93, -2.28, -4.34, -5.37, -4.94, -4.64, -4.96, -4.2, -4.39, -4.33, -5.1, -5.13, -5.18, -5.21, -5.23, -5.22, -5.07, -5.0, -4.9, -4.74, -4.47, -4.34, -5.13, -5.97, -6.27, -6.67, -5.22, -5.44, -5.35, -4.2, -5.09, -5.11, -5.15, -5.15, -5.15, -5.14, -5.15, -5.12, -5.09, -5.08, -5.16, -5.55, -6.14, -6.21, -6.26, -6.03, -6.61, -5.52, -5.42, -4.44, -4.39, -5.01, -5.01, -5.02, -5.03, -5.04, -5.23, -5.23, -5.26, -5.35, -5.57, -6.07, -6.92, -6.31, -6.12, -6.0, -6.66, -5.48, -5.3, -5.16, -4.26, -4.82, -4.84, -4.88, -4.91, -4.94, -5.3, -5.33, -5.39, -5.5, -5.71, -6.01, -6.25, -6.17, -5.92, -5.74, -5.6, -4.28, -5.09, -4.92, -4.81, -4.59, -4.66, -4.73, -4.79, -4.84, -5.36, -5.4, -4.22, -4.34, -4.5, -5.8, -5.76, -5.59, -5.41, -5.3, -4.1, -4.04, -3.96, -3.69, -3.7, -4.18, -4.27, -4.35, -4.44, -4.51, -4.05, -4.09, -4.14, -4.2, -5.44, -5.34, -5.15, -4.89, -4.72, -4.74, -3.8, -3.83, -3.8, -3.73, -3.49, -3.65, -3.7, -3.75, -3.77, -3.79, -4.01, -4.03, -4.05, -4.05, -5.14, -4.92, -4.56, -4.07, -3.81, -3.49, -3.68, -3.68, -3.7, -3.47, -3.5, -3.64, -3.71, -3.76, -3.79, -3.8, -3.97, -3.97, -3.95, -5.09, -4.91, -4.61, -4.13, -3.35, -2.54, -3.16, -2.84, -3.01, -3.38, -3.48, -3.63, -3.68, -3.75, -3.79, -3.81, -3.82, -3.92, -3.91, -4.26, -4.16, -4.02, -3.81, -3.5, -3.08, -2.49, -2.68, -2.87, -3.02, -3.4, -3.51, -3.73, -3.77, -3.81, -3.84, -3.85, -3.85, -4.29, -4.24, -4.17, -4.07, -3.95, -3.78, -3.57, -3.36, -2.74, -2.83, -2.95, -3.04, -3.45, -3.8, -3.82, -3.86, -3.89, -3.89, -3.88, -3.87, -4.23, -4.18, -4.11, -4.02, -3.91, -3.79, -3.66, -2.63, -2.94, -2.99, -3.05, -3.1, -3.94, -3.85, -3.89, -3.94, -3.98, -3.96, -3.91, -3.88, -4.18, -4.13, -4.06, -2.63, -2.64, -2.67, -2.7, -2.75, -2.81, -2.83, -2.81, -3.5, -3.87, -3.89, -3.94, -4.02, -4.12, -4.03, -3.92, -3.88, -2.6, -2.61, -2.62, -2.64, -2.67, -2.71, -2.77, -2.86, -2.98, -3.03, -2.94, -3.45, -3.85, -3.9, -3.97, -4.04, -4.4, -3.93, -3.87, -3.86, -2.6, -2.62, -2.63, -2.65, -2.68, -2.73, -2.81, -2.93, -3.15, -3.34, -3.06, -3.38, -3.46, -3.88, -3.93, -3.95, -3.83, -3.63, -3.8, -3.84, -2.6, -2.62, -2.63, -2.65, -2.68, -2.72, -2.79, -2.91, -3.11, -3.28, -3.3, -3.26, -3.34, -3.86, -3.89, -3.62, -3.64, -3.62, -3.81, -3.83, -2.6, -2.61, -2.62, -2.64, -2.66, -2.69, -2.73, -2.79, -2.85, -2.85, -3.05, -3.07, -3.18, -3.21, -3.38, -3.5, -3.55, -3.57, -3.57, -3.57, -2.6, -2.6, -2.61, -2.62, -2.63, -2.65, -2.65, -2.65, -2.6, -2.74, -2.65, -2.56, -2.66, -2.75, -3.26, -3.38, -3.46, -3.5, -3.51, -3.52, -2.59, -2.59, -2.6, -2.6, -2.6, -2.6, -2.58, -2.54, -2.43, -2.4, -2.04, -2.36, -2.56, -2.68, -3.15, -3.29, -3.37, -3.42, -3.45, -3.47, -2.58, -2.58, -2.58, -2.58, -2.58, -2.56, -2.53, -2.47, -2.47, -2.27, -2.14, -2.34, -2.52, -2.64, -3.08, -3.21, -3.3, -3.36, -3.4, -3.42, -2.57, -2.57, -2.57, -2.56, -2.55, -2.53, -2.5, -2.45, -2.5, -2.4, -2.36, -2.43, -2.54, -2.63, -3.04, -3.16, -3.24, -3.3, -3.35, -3.37, -2.57, -2.56, -2.56, -2.55, -2.54, -2.52, -2.49, -2.61, -2.55, -2.49, -2.48, -2.51, -2.57, -2.64, -3.02, -3.12, -3.2, -3.26, -3.3, -3.33]}, {"header": {"refTime": "2023-09-24T16:00:00.000Z", "nx": 21, "ny": 33, "lo1": 113.509, "la1": 22.2235, "lo2": 113.5947, "la2": 22.1034, "dx": 0.0042850000000001385, "dy": 0.003753125000000024, "parameterCategory": 2, "parameterCategoryName": "Temperature", "parameterNumber": 3}, "data": [0.36, 0.34, 0.31, 0.34, 0.29, 0.49, 0.4, 0.3, 0.29, 0.27, 0.45, 0.62, 1.03, 1.13, 1.7, 1.82, 2.66, 2.7, 2.73, 2.75, 0.38, 0.36, 0.33, 0.28, 0.3, 0.21, 0.32, 0.12, 0.01, 0.12, 0.43, 0.68, 1.12, 1.22, 1.77, 2.62, 2.68, 2.73, 2.76, 2.78, 0.4, 0.38, 0.36, 0.32, 0.33, 0.24, 0.09, -0.02, -0.56, -0.0, 0.48, 0.82, 1.28, 1.35, 2.53, 2.63, 2.72, 2.78, 2.82, 2.83, 0.42, 0.41, 0.4, 0.37, 0.33, 0.33, 0.2, -0.01, -0.2, 0.2, 0.66, 1.06, 1.51, 1.82, 2.52, 2.66, 2.78, 2.86, 2.89, 2.89, 0.45, 0.45, 0.44, 0.43, 0.41, 0.45, 0.4, 0.33, 0.29, 0.52, 0.86, 1.82, 1.96, 1.85, 2.53, 2.72, 2.89, 2.98, 2.99, 2.96, 0.48, 0.48, 0.49, 0.49, 0.5, 0.52, 0.62, 0.65, 0.67, 0.65, 1.59, 1.75, 1.88, 2.15, 2.57, 2.82, 3.07, 3.17, 3.12, 3.03, 1.43, 0.51, 0.53, 0.55, 0.58, 0.63, 1.12, 0.95, 1.0, 1.32, 1.29, 1.66, 2.16, 2.19, 2.62, 2.92, 3.32, 3.47, 3.31, 3.18, 1.42, 1.4, 1.38, 1.48, 1.47, 1.02, 1.11, 1.27, 1.49, 1.28, 1.05, 1.84, 1.99, 2.23, 2.77, 3.03, 3.36, 3.48, 3.31, 3.18, 1.42, 1.4, 1.36, 1.31, 1.39, 1.41, 1.51, 1.16, 1.61, 1.36, 1.63, 1.96, 2.22, 2.09, 2.73, 2.94, 3.15, 3.24, 3.2, 3.14, 1.83, 1.78, 1.72, 1.28, 1.16, 1.19, 1.42, 1.68, 1.83, 1.73, 1.82, 2.04, 2.27, 2.12, 2.72, 2.87, 3.0, 3.08, 3.09, 3.07, 1.84, 1.8, 1.73, 1.61, 1.37, 0.64, 1.58, 2.1, 2.07, 2.01, 2.2, 1.99, 2.07, 2.06, 2.72, 2.82, 2.92, 2.98, 3.01, 3.01, 1.86, 1.83, 1.78, 1.71, 1.59, 1.53, 1.92, 2.43, 2.64, 2.8, 2.31, 2.55, 2.52, 2.0, 2.73, 2.8, 2.87, 2.32, 2.34, 2.34, 1.89, 1.88, 1.86, 1.85, 1.87, 2.01, 2.24, 2.45, 2.58, 2.42, 2.75, 2.59, 2.55, 1.62, 1.56, 2.02, 2.06, 2.1, 2.14, 2.17, 1.93, 1.92, 1.93, 1.95, 2.03, 2.19, 2.43, 2.37, 2.39, 2.35, 2.74, 1.94, 1.79, 1.65, 1.33, 1.75, 1.81, 1.88, 1.95, 2.0, 1.96, 1.96, 1.98, 2.02, 2.09, 2.19, 2.28, 2.07, 1.98, 1.88, 1.8, 0.84, 1.55, 1.38, 1.28, 1.44, 1.54, 1.65, 1.76, 1.85, 1.98, 1.99, 1.02, 1.07, 1.14, 1.81, 1.78, 1.7, 1.61, 1.56, 0.73, 0.63, 0.52, 0.32, 0.3, 1.0, 1.16, 1.31, 1.76, 1.9, 0.93, 0.94, 0.95, 0.96, 1.59, 1.52, 1.39, 1.23, 1.13, 1.16, 0.49, 0.46, 0.36, 0.22, 0.18, 0.33, 0.49, 0.62, 0.7, 0.76, 0.88, 0.88, 0.87, 0.85, 1.4, 1.25, 1.0, 0.67, 0.5, 0.12, 0.21, 0.33, 0.26, 0.16, -0.07, 0.29, 0.52, 0.66, 0.75, 0.8, 0.84, 0.83, 0.8, 1.37, 1.24, 1.04, 0.72, 0.18, -0.42, -0.07, -0.37, -0.31, 0.33, 0.29, 0.26, 0.43, 0.62, 0.75, 0.82, 0.86, 0.81, 0.78, 0.55, 0.5, 0.41, 0.29, 0.12, -0.12, -0.5, -0.43, -0.36, -0.31, 0.46, 0.51, 0.57, 0.67, 0.8, 0.88, 0.91, 0.92, 0.56, 0.53, 0.49, 0.43, 0.35, 0.25, 0.13, 0.01, -0.41, -0.38, -0.34, -0.3, 0.62, 0.76, 0.82, 0.92, 1.01, 1.04, 1.02, 0.99, 0.52, 0.48, 0.44, 0.38, 0.32, 0.24, 0.16, -0.19, -0.34, -0.33, -0.31, -0.29, 0.91, 0.92, 1.02, 1.16, 1.25, 1.22, 1.12, 1.05, 0.48, 0.45, 0.4, -0.08, -0.09, -0.1, -0.11, -0.11, -0.11, -0.1, -0.08, 0.59, 0.86, 1.03, 1.16, 1.37, 1.6, 1.4, 1.16, 1.06, -0.03, -0.03, -0.04, -0.04, -0.05, -0.05, -0.06, -0.06, -0.06, -0.06, -0.04, 0.89, 0.81, 1.0, 1.19, 1.43, 2.26, 1.21, 1.05, 1.03, -0.01, -0.01, -0.01, -0.01, -0.01, -0.01, -0.01, -0.02, -0.05, -0.07, -0.01, 0.81, 1.11, 0.95, 1.1, 1.21, 0.98, 0.54, 0.91, 0.98, 0.01, 0.01, 0.01, 0.02, 0.03, 0.03, 0.04, 0.03, -0.0, -0.04, 0.49, 0.79, 1.05, 0.89, 1.0, 1.18, 1.04, 0.93, 0.91, 0.96, 0.03, 0.03, 0.04, 0.05, 0.06, 0.07, 0.09, 0.1, 0.11, 0.13, 0.65, 0.82, 1.02, 1.13, 1.15, 1.13, 1.08, 1.05, 1.06, 1.09, 0.04, 0.05, 0.06, 0.08, 0.09, 0.11, 0.14, 0.18, 0.24, 0.7, 0.76, 0.33, 0.24, 0.16, 1.11, 1.11, 1.1, 1.08, 1.09, 1.1, 0.06, 0.07, 0.08, 0.1, 0.12, 0.15, 0.19, 0.25, 0.34, 0.78, 0.66, 0.45, 0.31, 0.21, 1.08, 1.1, 1.1, 1.1, 1.1, 1.11, 0.07, 0.08, 0.1, 0.12, 0.14, 0.17, 0.22, 0.28, 0.39, 0.51, 0.59, 0.46, 0.33, 0.23, 1.07, 1.09, 1.1, 1.1, 1.11, 1.11, 0.08, 0.1, 0.11, 0.13, 0.16, 0.19, 0.23, 0.28, 0.37, 0.43, 0.45, 0.4, 0.32, 0.24, 1.06, 1.08, 1.09, 1.1, 1.11, 1.11, 0.09, 0.1, 0.12, 0.14, 0.16, 0.19, 0.23, 0.3, 0.33, 0.36, 0.37, 0.34, 0.29, 0.23, 1.06, 1.08, 1.09, 1.1, 1.11, 1.11]}, {"header": {"refTime": "2023-09-24T16:00:00.000Z", "nx": 21, "ny": 33, "lo1": 113.509, "la1": 22.2235, "lo2": 113.5947, "la2": 22.1034, "dx": 0.0042850000000001385, "dy": 0.003753125000000024, "parameterCategory": 0, "parameterCategoryName": "Temperature", "parameterNumber": 0}, "data": [[31.21, 31.21, 31.21, 31.08, 31.1, 31.17, 31.19, 31.22, 31.23, 31.37, 31.36, 31.35, 31.48, 31.49, 30.96, 30.91, 31.0, 30.97, 30.94, 30.93], [31.21, 31.21, 31.21, 31.21, 31.1, 31.13, 31.2, 31.24, 31.27, 31.37, 31.36, 31.35, 31.47, 31.48, 30.95, 31.03, 30.98, 30.94, 30.91, 30.9], [31.21, 31.21, 31.2, 31.2, 31.08, 31.12, 31.17, 31.26, 31.37, 31.38, 31.36, 31.34, 31.46, 31.47, 31.09, 31.01, 30.94, 30.89, 30.86, 30.85], [31.21, 31.21, 31.2, 31.2, 31.19, 31.08, 31.13, 31.2, 31.27, 31.37, 31.35, 31.33, 31.44, 31.47, 31.09, 30.98, 30.89, 30.82, 30.8, 30.8], [31.21, 31.21, 31.2, 31.19, 31.18, 31.03, 31.05, 31.08, 31.1, 31.34, 31.34, 31.52, 31.36, 31.45, 31.09, 30.93, 30.79, 30.71, 30.71, 30.74], [31.22, 31.21, 31.2, 31.19, 31.17, 31.14, 30.95, 30.93, 31.04, 31.09, 31.66, 31.51, 31.44, 31.5, 31.07, 30.86, 30.63, 30.54, 30.59, 30.67], [31.15, 31.22, 31.21, 31.2, 31.18, 31.13, 31.1, 30.9, 30.88, 31.26, 31.12, 31.58, 31.64, 31.61, 31.06, 30.78, 30.41, 30.27, 30.24, 30.32], [31.17, 31.18, 31.18, 31.17, 31.15, 31.09, 30.97, 30.88, 30.75, 31.21, 31.16, 31.9, 31.9, 31.6, 30.71, 30.91, 30.5, 30.35, 30.58, 30.74], [31.03, 31.04, 31.22, 31.23, 31.24, 31.2, 31.08, 30.9, 30.6, 31.29, 31.9, 31.9, 31.9, 31.9, 30.76, 30.99, 30.75, 30.65, 30.7, 30.79], [31.6, 31.6, 31.6, 31.13, 31.2, 31.37, 31.25, 31.08, 30.6, 30.6, 31.9, 31.9, 31.9, 31.9, 30.76, 31.07, 30.92, 30.83, 30.83, 30.87], [31.6, 31.6, 31.6, 31.6, 31.6, 31.6, 31.6, 31.6, 31.25, 30.6, -999.0, 31.9, 31.9, 31.9, 30.74, 31.13, 31.02, 30.95, 30.94, 30.95], [31.6, 31.6, 31.6, 31.6, 31.6, 31.6, 31.6, 31.6, 31.6, -999.0, -999.0, 31.9, 31.9, 31.9, 30.72, 31.2, 31.13, 30.0, 30.0, 30.0], [31.6, 31.6, 31.6, 31.6, 31.6, 31.6, 31.6, 31.6, 31.6, 31.6, -999.0, 31.9, 31.9, 30.66, 31.21, 30.0, 30.0, 30.0, 30.0, 30.0], [31.6, 31.6, 31.6, 31.6, 31.6, 31.6, 31.6, 31.6, 31.6, 31.6, -999.0, 30.0, 30.0, 30.0, 31.04, 30.0, 30.0, 30.0, 30.0, 30.0], [31.6, 31.6, 31.6, 31.6, 31.6, 31.6, 31.6, 31.9, 31.9, 31.9, 31.9, 31.17, 30.0, 30.0, 30.0, 30.0, 30.0, 30.0, 30.0, 30.0], [31.6, 31.6, 31.79, 31.79, 31.8, 31.9, 31.9, 31.9, 31.9, 31.9, 30.7, 30.84, 30.66, 30.5, 30.68, 29.89, 29.87, 29.9, 29.92, 29.91], [31.79, 31.79, 31.71, 31.71, 31.9, 31.9, 31.9, 31.9, 31.9, 31.9, 31.08, 30.85, 30.6, 30.37, 30.19, 30.11, 30.15, 30.18, 30.2, 30.22], [31.71, 31.71, 31.72, 31.72, 31.9, 31.9, 31.9, 31.9, 31.9, 31.42, 31.16, 30.88, 30.58, 30.22, 30.03, 30.09, 30.15, 30.19, 30.21, 30.23], [31.71, 31.72, 31.72, 31.9, 31.9, 31.9, 31.9, 31.9, 31.73, 31.53, 31.26, 31.02, 30.47, 30.27, 30.09, 30.12, 30.17, 30.2, 30.23, 30.24], [31.72, 31.72, 31.61, 31.63, 31.65, 31.67, 31.71, 31.82, 31.67, 31.49, 31.28, 31.07, 30.5, 30.34, 30.15, 30.17, 30.2, 30.22, 30.24, 30.26], [31.6, 31.6, 31.61, 31.69, 31.7, 31.72, 31.74, 31.76, 31.49, 31.4, 31.26, 31.12, 30.51, 30.19, 30.2, 30.21, 30.22, 30.25, 30.27, 30.28], [31.67, 31.67, 31.67, 31.68, 31.68, 31.68, 31.69, 31.74, 31.39, 31.34, 31.25, 31.15, 30.36, 30.22, 30.23, 30.23, 30.23, 30.26, 30.29, 30.31], [31.66, 31.66, 31.66, 31.74, 31.74, 31.73, 31.72, 31.7, 31.68, 31.67, 31.68, 31.1, 30.74, 30.25, 30.25, 30.23, 30.19, 30.27, 30.33, 30.34], [31.75, 31.75, 31.74, 31.74, 31.73, 31.71, 31.69, 31.66, 31.62, 31.6, 31.63, 31.13, 30.77, 30.65, 30.53, 30.25, 30.0, 30.39, 30.41, 30.38], [31.75, 31.75, 31.74, 31.73, 31.72, 31.7, 31.68, 31.63, 31.56, 31.49, 31.59, 31.2, 31.06, 30.68, 30.57, 30.5, 30.48, 30.67, 30.47, 30.41], [31.75, 31.74, 31.74, 31.73, 31.72, 31.71, 31.68, 31.64, 31.57, 31.51, 31.35, 31.27, 31.14, 30.71, 30.62, 30.67, 30.66, 30.69, 30.46, 30.41], [31.75, 31.75, 31.74, 31.74, 31.73, 31.72, 31.7, 31.68, 31.66, 31.66, 31.42, 31.35, 31.23, 30.97, 30.85, 30.76, 30.72, 30.71, 30.71, 30.71], [31.75, 31.75, 31.74, 31.74, 31.74, 31.73, 31.73, 31.73, 31.74, 31.56, 31.59, 31.69, 31.62, 31.56, 30.94, 30.85, 30.79, 30.76, 30.75, 30.75], [31.75, 31.75, 31.75, 31.75, 31.75, 31.75, 31.75, 31.77, 31.8, 31.71, 31.91, 31.77, 31.67, 31.6, 31.02, 30.92, 30.86, 30.82, 30.8, 30.79], [31.76, 31.75, 31.75, 31.75, 31.76, 31.76, 31.77, 31.79, 31.73, 31.82, 31.87, 31.78, 31.69, 31.62, 31.07, 30.98, 30.91, 30.87, 30.84, 30.82], [31.76, 31.76, 31.76, 31.76, 31.76, 31.77, 31.78, 31.8, 31.71, 31.76, 31.77, 31.73, 31.67, 31.62, 31.1, 31.02, 30.95, 30.91, 30.88, 30.86], [31.76, 31.76, 31.76, 31.76, 31.77, 31.77, 31.78, 31.66, 31.69, 31.71, 31.71, 31.69, 31.66, 31.62, 31.12, 31.04, 30.98, 30.94, 30.91, 30.88]]}]