awsData/contour/wdir_2023092421.json
[{"header": {"refTime": "2023-09-24T21:00:00.000Z", "nx": 21, "ny": 33, "lo1": 113.509, "la1": 22.2235, "lo2": 113.5947, "la2": 22.1034, "dx": 0.0042850000000001385, "dy": 0.003753125000000024, "parameterCategory": 2, "parameterCategoryName": "Temperature", "parameterNumber": 2}, "data": [-2.61, -2.6, -2.58, -2.44, -2.41, -2.81, -2.74, -2.68, -2.66, -2.44, -2.55, -2.66, -3.14, -3.21, -4.12, -4.26, -4.85, -4.92, -4.97, -5.0, -2.62, -2.61, -2.59, -2.57, -2.42, -2.38, -2.69, -2.55, -2.46, -2.37, -2.55, -2.71, -3.2, -3.27, -4.18, -4.79, -4.89, -4.98, -5.03, -5.06, -2.63, -2.62, -2.61, -2.59, -2.45, -2.4, -2.32, -2.44, -2.05, -2.3, -2.59, -2.81, -3.32, -3.37, -4.65, -4.81, -4.96, -5.06, -5.12, -5.14, -2.64, -2.64, -2.63, -2.62, -2.6, -2.45, -2.39, -2.28, -2.17, -2.4, -2.69, -2.99, -3.49, -3.5, -4.64, -4.87, -5.06, -5.19, -5.24, -5.24, -2.65, -2.65, -2.66, -2.66, -2.65, -2.53, -2.5, -2.46, -2.42, -2.52, -2.77, -3.51, -3.76, -3.56, -4.65, -4.97, -5.24, -5.4, -5.41, -5.36, -2.67, -2.67, -2.68, -2.69, -2.71, -2.73, -2.65, -2.66, -2.63, -2.53, -3.14, -3.39, -3.6, -4.47, -4.71, -5.13, -5.55, -5.72, -5.63, -5.49, -3.9, -2.68, -2.69, -2.71, -2.74, -2.8, -2.92, -2.91, -2.9, -2.89, -2.76, -3.2, -4.51, -4.66, -4.78, -5.3, -5.97, -6.22, -6.32, -6.22, -3.91, -3.86, -3.81, -3.83, -3.8, -2.82, -2.92, -3.15, -3.42, -2.82, -2.35, -3.88, -4.2, -4.92, -5.78, -6.04, -6.35, -6.46, -6.3, -6.19, -3.92, -3.87, -3.8, -3.71, -3.69, -3.71, -3.83, -2.98, -3.68, -2.95, -3.76, -4.53, -5.47, -5.02, -5.85, -6.0, -6.17, -6.25, -6.21, -6.15, -4.73, -4.65, -4.53, -3.68, -3.48, -3.41, -3.76, -4.13, -4.12, -3.89, -4.29, -4.99, -5.8, -5.21, -5.92, -5.97, -6.06, -6.12, -6.12, -6.1, -4.76, -4.68, -4.56, -4.35, -3.91, -2.6, -4.26, -5.13, -4.84, -4.46, -5.35, -4.82, -5.09, -5.01, -5.93, -5.96, -6.0, -6.04, -6.05, -6.05, -4.8, -4.74, -4.66, -4.53, -4.32, -4.21, -4.87, -5.66, -5.98, -6.55, -5.52, -5.92, -5.9, -4.82, -5.92, -5.94, -5.97, -5.96, -5.95, -5.93, -4.86, -4.83, -4.8, -4.79, -4.84, -5.12, -5.56, -5.77, -5.92, -5.68, -6.58, -5.93, -5.89, -5.02, -4.95, -5.78, -5.77, -5.78, -5.79, -5.8, -4.92, -4.92, -4.93, -4.99, -5.14, -5.48, -6.03, -5.74, -5.69, -5.61, -6.56, -5.82, -5.69, -5.56, -4.75, -5.5, -5.53, -5.57, -5.62, -5.66, -4.97, -4.99, -5.03, -5.11, -5.25, -5.46, -5.63, -5.21, -4.99, -4.8, -4.64, -3.7, -5.41, -5.25, -5.14, -5.18, -5.26, -5.36, -5.45, -5.52, -5.02, -5.05, -3.41, -3.51, -3.63, -4.75, -4.7, -4.53, -4.34, -4.23, -3.39, -3.43, -3.47, -3.62, -3.67, -4.47, -4.56, -4.65, -4.68, -4.76, -3.23, -3.25, -3.28, -3.3, -4.34, -4.21, -3.98, -3.68, -3.48, -3.52, -3.0, -3.19, -3.34, -3.45, -3.33, -3.6, -3.6, -3.6, -3.6, -3.6, -3.15, -3.15, -3.13, -3.09, -3.98, -3.71, -3.27, -2.67, -2.36, -2.22, -2.61, -2.99, -3.25, -3.28, -3.56, -3.6, -3.61, -3.61, -3.6, -3.6, -3.07, -3.05, -3.0, -3.92, -3.7, -3.34, -2.75, -1.79, -0.84, -1.77, -1.82, -2.24, -2.9, -3.22, -3.6, -3.61, -3.61, -3.61, -3.61, -3.6, -3.0, -2.96, -3.05, -2.93, -2.76, -2.49, -2.1, -1.55, -1.0, -1.42, -1.86, -2.22, -2.87, -3.13, -3.62, -3.62, -3.63, -3.62, -3.61, -3.6, -3.12, -3.06, -2.98, -2.86, -2.71, -2.5, -2.24, -1.98, -1.53, -1.73, -2.0, -2.24, -2.88, -3.62, -3.63, -3.65, -3.65, -3.64, -3.62, -3.6, -3.07, -3.01, -2.94, -2.84, -2.72, -2.58, -2.43, -1.48, -1.92, -2.04, -2.18, -2.32, -3.76, -3.63, -3.65, -3.68, -3.7, -3.67, -3.61, -3.58, -3.04, -2.98, -2.92, -1.59, -1.6, -1.63, -1.68, -1.75, -1.84, -1.9, -1.88, -2.7, -3.43, -3.63, -3.66, -3.73, -3.82, -3.7, -3.59, -3.56, -1.6, -1.61, -1.62, -1.65, -1.69, -1.74, -1.84, -1.98, -2.16, -2.25, -2.14, -3.0, -3.41, -3.48, -3.56, -3.72, -4.14, -3.54, -3.49, -3.52, -1.62, -1.64, -1.66, -1.7, -1.75, -1.82, -1.94, -2.14, -2.46, -2.73, -2.35, -2.92, -3.02, -3.45, -3.51, -3.54, -3.41, -3.14, -3.4, -3.48, -1.64, -1.66, -1.69, -1.72, -1.78, -1.85, -1.97, -2.15, -2.44, -2.67, -2.81, -2.79, -2.89, -3.43, -3.46, -3.17, -3.18, -3.14, -3.42, -3.47, -1.65, -1.68, -1.7, -1.74, -1.78, -1.85, -1.93, -2.04, -2.15, -2.16, -2.54, -2.57, -2.71, -2.72, -2.91, -3.03, -3.09, -3.1, -3.11, -3.1, -1.66, -1.68, -1.71, -1.74, -1.77, -1.82, -1.86, -1.89, -1.88, -2.21, -2.11, -1.97, -2.07, -2.15, -2.77, -2.91, -2.99, -3.03, -3.05, -3.05, -1.67, -1.69, -1.71, -1.73, -1.75, -1.78, -1.79, -1.78, -1.7, -1.84, -1.43, -1.76, -1.96, -2.08, -2.66, -2.8, -2.9, -2.95, -2.98, -3.0, -1.67, -1.68, -1.7, -1.72, -1.73, -1.74, -1.74, -1.71, -1.88, -1.67, -1.53, -1.74, -1.92, -2.04, -2.58, -2.72, -2.82, -2.88, -2.92, -2.94, -1.67, -1.68, -1.69, -1.7, -1.71, -1.72, -1.71, -1.68, -1.91, -1.8, -1.76, -1.83, -1.94, -2.03, -2.53, -2.66, -2.75, -2.82, -2.87, -2.9, -1.67, -1.68, -1.69, -1.69, -1.7, -1.7, -1.69, -2.02, -1.95, -1.9, -1.88, -1.91, -1.98, -2.04, -2.52, -2.63, -2.71, -2.78, -2.82, -2.86]}, {"header": {"refTime": "2023-09-24T21:00:00.000Z", "nx": 21, "ny": 33, "lo1": 113.509, "la1": 22.2235, "lo2": 113.5947, "la2": 22.1034, "dx": 0.0042850000000001385, "dy": 0.003753125000000024, "parameterCategory": 2, "parameterCategoryName": "Temperature", "parameterNumber": 3}, "data": [0.15, 0.13, 0.11, 0.28, 0.24, -0.24, -0.28, -0.32, -0.35, -0.31, -0.29, -0.27, 0.06, 0.1, 0.17, 0.28, 1.18, 1.24, 1.29, 1.33, 0.16, 0.14, 0.12, 0.09, 0.25, 0.18, -0.29, -0.36, -0.41, -0.35, -0.3, -0.29, 0.04, 0.09, 0.17, 1.09, 1.19, 1.28, 1.33, 1.37, 0.17, 0.16, 0.14, 0.12, 0.27, 0.2, 0.08, -0.38, -0.54, -0.38, -0.3, -0.3, -0.0, 0.06, 0.92, 1.09, 1.23, 1.33, 1.39, 1.42, 0.19, 0.18, 0.17, 0.15, 0.12, 0.26, 0.16, 0.0, -0.15, -0.31, -0.27, -0.33, -0.11, 0.32, 0.88, 1.13, 1.31, 1.42, 1.47, 1.49, 0.21, 0.2, 0.2, 0.19, 0.18, 0.35, 0.31, 0.26, 0.24, -0.15, -0.18, 0.21, -0.33, 0.22, 0.9, 1.22, 1.44, 1.56, 1.58, 1.57, 0.22, 0.23, 0.23, 0.23, 0.24, 0.25, 0.46, 0.49, 0.52, 0.57, 0.8, 0.51, 0.13, 0.63, 1.06, 1.39, 1.65, 1.77, 1.72, 1.65, 0.82, 0.25, 0.26, 0.27, 0.29, 0.32, 0.79, 0.66, 0.72, 1.27, 1.38, 1.12, 1.25, 1.16, 1.3, 1.56, 1.92, 2.05, 1.79, 1.64, 0.81, 0.8, 0.79, 0.91, 0.9, 0.71, 0.77, 0.84, 1.0, 1.23, 1.22, 2.0, 2.12, 1.54, 2.24, 2.26, 2.28, 2.29, 2.28, 2.27, 0.81, 0.8, 0.77, 0.75, 0.85, 0.86, 0.92, 0.79, 1.13, 1.29, 1.69, 1.94, 2.02, 1.98, 2.22, 2.24, 2.26, 2.27, 2.27, 2.26, 1.11, 1.08, 1.04, 0.73, 0.66, 0.72, 0.87, 1.04, 1.31, 1.28, 1.8, 1.91, 1.98, 1.96, 2.21, 2.23, 2.25, 2.26, 2.26, 2.26, 1.12, 1.09, 1.05, 0.97, 0.81, 0.35, 0.96, 1.32, 1.32, 1.44, 1.72, 1.89, 1.93, 1.93, 2.21, 2.22, 2.24, 2.25, 2.25, 2.25, 1.13, 1.11, 1.08, 1.03, 0.95, 0.92, 1.17, 1.54, 1.7, 1.87, 1.76, 2.11, 2.12, 1.91, 2.21, 2.22, 2.23, 1.64, 1.64, 1.63, 1.15, 1.14, 1.12, 1.11, 1.12, 1.2, 1.35, 1.53, 1.65, 1.53, 1.85, 2.11, 2.12, 1.59, 1.54, 1.49, 1.5, 1.52, 1.53, 1.54, 1.17, 1.17, 1.17, 1.18, 1.22, 1.3, 1.41, 1.44, 1.49, 1.47, 1.83, 1.47, 1.38, 1.3, 1.37, 1.32, 1.35, 1.39, 1.42, 1.45, 1.19, 1.19, 1.2, 1.22, 1.26, 1.31, 1.37, 1.76, 1.83, 1.87, 1.89, 1.42, 1.23, 1.13, 1.07, 1.13, 1.19, 1.25, 1.31, 1.36, 1.2, 1.21, 1.3, 1.32, 1.35, 1.8, 1.81, 1.84, 1.88, 1.91, 1.53, 1.36, 1.17, 0.99, 0.91, 1.06, 1.19, 1.32, 1.51, 1.6, 1.32, 1.33, 1.35, 1.38, 1.86, 1.87, 1.9, 1.94, 1.97, 1.97, 1.53, 1.32, 1.06, 0.78, 0.75, 0.77, 0.98, 1.14, 1.25, 1.33, 1.36, 1.38, 1.4, 1.44, 1.9, 1.93, 1.98, 2.04, 2.08, 1.68, 1.45, 1.31, 1.01, 0.76, 0.27, 0.71, 1.0, 1.19, 1.31, 1.38, 1.39, 1.41, 1.44, 1.91, 1.94, 1.97, 2.03, 2.13, 2.13, 1.8, 1.21, 0.93, 1.27, 0.96, 0.67, 0.88, 1.13, 1.29, 1.39, 1.45, 1.41, 1.44, 1.32, 1.35, 1.4, 1.48, 1.61, 1.8, 1.79, 1.48, 1.16, 0.92, 1.43, 1.28, 1.06, 1.18, 1.34, 1.45, 1.51, 1.54, 1.25, 1.26, 1.27, 1.3, 1.33, 1.38, 1.45, 1.54, 1.36, 1.21, 1.02, 0.86, 1.6, 1.3, 1.36, 1.47, 1.58, 1.63, 1.64, 1.63, 1.21, 1.22, 1.22, 1.23, 1.24, 1.25, 1.26, 1.09, 1.01, 0.93, 0.83, 0.75, 0.95, 1.49, 1.59, 1.73, 1.83, 1.83, 1.77, 1.72, 1.18, 1.17, 1.16, 0.9, 0.9, 0.89, 0.86, 0.81, 0.74, 0.68, 0.68, 1.36, 1.28, 1.63, 1.76, 1.94, 2.12, 2.01, 1.86, 1.77, 0.85, 0.85, 0.84, 0.83, 0.8, 0.76, 0.69, 0.58, 0.44, 0.37, 0.44, 0.74, 1.22, 1.49, 1.74, 2.03, 2.54, 1.99, 1.85, 1.79, 0.82, 0.81, 0.79, 0.76, 0.72, 0.66, 0.57, 0.43, 0.2, 0.02, 0.26, 0.65, 0.94, 1.45, 1.68, 1.86, 1.87, 1.66, 1.79, 1.77, 0.79, 0.77, 0.75, 0.71, 0.67, 0.6, 0.51, 0.38, 0.18, 0.03, 0.34, 0.61, 0.88, 1.39, 1.59, 1.82, 1.82, 1.78, 1.77, 1.76, 0.76, 0.74, 0.71, 0.68, 0.63, 0.57, 0.5, 0.4, 0.31, 0.28, 0.46, 0.62, 0.83, 1.51, 1.64, 1.73, 1.76, 1.77, 1.77, 1.77, 0.74, 0.72, 0.69, 0.66, 0.61, 0.56, 0.5, 0.45, 0.4, 0.47, 0.52, 0.36, 0.41, 0.48, 1.54, 1.64, 1.69, 1.72, 1.73, 1.74, 0.72, 0.7, 0.67, 0.64, 0.6, 0.56, 0.52, 0.48, 0.45, 0.51, 0.42, 0.4, 0.42, 0.47, 1.46, 1.56, 1.63, 1.67, 1.69, 1.7, 0.71, 0.69, 0.66, 0.63, 0.6, 0.57, 0.53, 0.5, 0.36, 0.39, 0.41, 0.41, 0.43, 0.47, 1.41, 1.51, 1.57, 1.62, 1.65, 1.66, 0.7, 0.68, 0.66, 0.63, 0.6, 0.58, 0.55, 0.52, 0.37, 0.39, 0.41, 0.42, 0.44, 0.47, 1.38, 1.47, 1.53, 1.58, 1.61, 1.63, 0.7, 0.68, 0.66, 0.63, 0.61, 0.58, 0.56, 0.37, 0.38, 0.4, 0.41, 0.42, 0.44, 0.47, 1.36, 1.44, 1.5, 1.55, 1.58, 1.6]}, {"header": {"refTime": "2023-09-24T21:00:00.000Z", "nx": 21, "ny": 33, "lo1": 113.509, "la1": 22.2235, "lo2": 113.5947, "la2": 22.1034, "dx": 0.0042850000000001385, "dy": 0.003753125000000024, "parameterCategory": 0, "parameterCategoryName": "Temperature", "parameterNumber": 0}, "data": [[29.0, 29.0, 29.0, 28.8, 28.82, 29.04, 29.05, 29.06, 29.07, 29.02, 29.01, 29.01, 29.16, 29.16, 29.1, 29.08, 29.04, 29.03, 29.02, 29.02], [29.0, 29.0, 29.0, 29.0, 28.81, 28.84, 29.05, 29.06, 29.08, 29.03, 29.02, 29.02, 29.16, 29.17, 29.1, 29.06, 29.04, 29.02, 29.01, 29.01], [29.0, 29.0, 29.0, 29.0, 28.81, 28.83, 28.87, 29.07, 29.09, 29.04, 29.02, 29.03, 29.18, 29.18, 29.08, 29.05, 29.03, 29.01, 29.0, 29.0], [29.0, 29.0, 29.0, 29.0, 29.0, 28.81, 28.84, 28.9, 28.95, 29.01, 29.01, 29.06, 29.2, 29.05, 29.09, 29.05, 29.01, 28.99, 28.99, 28.98], [29.01, 29.0, 29.0, 29.0, 28.99, 28.78, 28.8, 28.81, 28.81, 28.95, 28.98, 29.07, 29.2, 29.08, 29.08, 29.03, 28.99, 28.97, 28.96, 28.97], [29.01, 29.01, 29.0, 29.0, 28.99, 28.97, 28.75, 28.74, 28.73, 28.69, 28.87, 29.0, 29.11, 29.2, 29.06, 29.0, 28.95, 28.92, 28.93, 28.95], [28.98, 29.01, 29.01, 29.0, 28.99, 28.96, 28.75, 28.7, 28.68, 28.62, 28.61, 28.88, 29.13, 29.15, 29.04, 28.97, 28.89, 28.86, 28.89, 28.92], [28.99, 28.99, 28.99, 28.99, 28.98, 28.82, 28.77, 28.72, 28.68, 28.6, 28.49, 28.82, 28.82, 29.15, 28.87, 28.9, 28.85, 28.84, 28.86, 28.88], [28.91, 28.92, 29.01, 29.02, 29.02, 29.0, 28.94, 28.75, 28.6, 28.64, 28.63, 28.72, 28.76, 28.7, 28.88, 28.9, 28.88, 28.87, 28.87, 28.88], [29.2, 29.2, 29.2, 28.97, 29.0, 29.09, 29.03, 28.94, 28.53, 28.55, 28.76, 28.66, 28.7, 28.68, 28.88, 28.91, 28.9, 28.89, 28.89, 28.89], [29.2, 29.2, 29.2, 29.2, 29.2, 29.2, 29.2, 29.2, 29.02, 28.6, 28.4, 28.63, 28.66, 28.66, 28.88, 28.92, 28.91, 28.9, 28.9, 28.9], [29.2, 29.2, 29.2, 29.2, 29.2, 29.2, 29.2, 29.2, 29.2, -999.0, 28.4, 29.0, 29.0, 28.64, 28.88, 28.93, 28.92, 28.23, 28.25, 28.25], [29.2, 29.2, 29.2, 29.2, 29.2, 29.2, 29.2, 29.2, 29.2, 29.2, -999.0, 29.0, 29.0, 28.22, 28.56, 28.44, 28.44, 28.32, 28.34, 28.35], [29.2, 29.2, 29.2, 29.2, 29.2, 29.2, 29.2, 29.2, 29.2, 29.2, -999.0, 27.8, 27.8, 27.8, 28.46, 28.35, 28.37, 28.24, 28.27, 28.29], [29.2, 29.2, 29.2, 29.2, 29.2, 29.2, 29.2, 29.1, 29.1, 29.1, 29.1, 28.6, 27.8, 27.8, 27.8, 28.26, 28.29, 28.17, 28.21, 28.24], [29.2, 29.2, 29.14, 29.14, 29.13, 29.1, 29.1, 29.1, 29.1, 29.1, 28.28, 28.37, 28.25, 28.14, 28.26, 28.17, 28.22, 28.12, 28.33, 28.37], [29.14, 29.14, 29.16, 29.16, 29.1, 29.1, 29.1, 29.1, 29.1, 29.1, 28.54, 28.38, 28.21, 28.05, 28.07, 28.04, 28.12, 28.19, 28.24, 28.27], [29.16, 29.16, 29.16, 29.16, 29.1, 29.1, 29.1, 29.1, 29.1, 28.77, 28.6, 28.4, 28.2, 28.08, 27.84, 28.01, 28.13, 28.21, 28.26, 28.29], [29.16, 29.16, 29.16, 29.1, 29.1, 29.1, 29.1, 29.1, 28.98, 28.85, 28.69, 28.52, 28.34, 28.17, 28.0, 28.08, 28.19, 28.25, 28.3, 28.32], [29.16, 29.16, 28.99, 28.99, 29.0, 29.01, 29.03, 29.07, 28.96, 28.84, 28.7, 28.57, 28.41, 28.31, 28.16, 28.21, 28.27, 28.32, 28.34, 28.36], [28.98, 28.98, 28.98, 29.02, 29.02, 29.03, 29.03, 29.04, 28.85, 28.79, 28.71, 28.61, 28.48, 28.25, 28.28, 28.32, 28.37, 28.39, 28.4, 28.4], [29.01, 29.01, 29.01, 29.01, 29.01, 29.01, 29.02, 29.1, 28.8, 28.77, 28.71, 28.64, 28.48, 28.33, 28.37, 28.42, 28.46, 28.47, 28.45, 28.43], [29.0, 29.0, 29.0, 29.13, 29.12, 29.11, 29.1, 29.09, 29.08, 29.08, 29.09, 28.93, 28.72, 28.39, 28.44, 28.5, 28.56, 28.54, 28.49, 28.46], [29.14, 29.14, 29.14, 29.13, 29.12, 29.11, 29.1, 29.08, 29.05, 29.04, 29.07, 29.03, 28.72, 28.69, 28.67, 28.54, 28.68, 28.55, 28.5, 28.47], [29.15, 29.15, 29.14, 29.14, 29.13, 29.12, 29.1, 29.07, 29.02, 28.97, 29.05, 29.04, 29.04, 28.69, 28.67, 28.64, 28.52, 28.48, 28.49, 28.47], [29.15, 29.15, 29.15, 29.14, 29.14, 29.13, 29.12, 29.09, 29.04, 28.99, 29.04, 29.07, 29.07, 28.7, 28.67, 28.73, 28.67, 28.64, 28.48, 28.47], [29.16, 29.16, 29.16, 29.15, 29.15, 29.15, 29.14, 29.13, 29.12, 29.13, 29.13, 29.13, 29.12, 28.92, 28.84, 28.78, 28.73, 28.71, 28.71, 28.73], [29.16, 29.16, 29.16, 29.16, 29.17, 29.17, 29.17, 29.18, 29.21, 29.22, 29.25, 29.16, 29.08, 29.0, 28.89, 28.83, 28.78, 28.76, 28.75, 28.76], [29.17, 29.17, 29.17, 29.17, 29.18, 29.19, 29.2, 29.22, 29.27, 29.33, 29.41, 29.25, 29.13, 29.04, 28.93, 28.87, 28.83, 28.8, 28.79, 28.78], [29.17, 29.17, 29.18, 29.18, 29.19, 29.2, 29.22, 29.24, 29.21, 29.3, 29.35, 29.25, 29.15, 29.06, 28.97, 28.91, 28.86, 28.84, 28.82, 28.81], [29.18, 29.18, 29.18, 29.19, 29.2, 29.21, 29.23, 29.25, 29.19, 29.23, 29.25, 29.2, 29.14, 29.07, 28.98, 28.93, 28.89, 28.86, 28.84, 28.83], [29.18, 29.18, 29.19, 29.19, 29.2, 29.21, 29.23, 29.13, 29.16, 29.18, 29.18, 29.16, 29.11, 29.07, 28.99, 28.95, 28.91, 28.88, 28.87, 28.85]]}]