awsData/contour/wdir_2023092510.json
[{"header": {"refTime": "2023-09-25T10:00:00.000Z", "nx": 21, "ny": 33, "lo1": 113.509, "la1": 22.2235, "lo2": 113.5947, "la2": 22.1034, "dx": 0.0042850000000001385, "dy": 0.003753125000000024, "parameterCategory": 2, "parameterCategoryName": "Temperature", "parameterNumber": 2}, "data": [-1.83, -1.81, -1.79, -1.5, -1.48, -1.42, -1.38, -1.35, -1.32, -0.97, -0.93, -0.9, -0.87, -0.86, -1.55, -1.64, -1.62, -1.68, -1.73, -1.76, -1.84, -1.82, -1.81, -1.78, -1.49, -1.46, -1.38, -1.32, -1.28, -0.99, -0.94, -0.89, -0.85, -0.84, -1.54, -1.55, -1.65, -1.73, -1.78, -1.81, -1.85, -1.84, -1.82, -1.8, -1.51, -1.48, -1.43, -1.31, -1.19, -1.02, -0.93, -0.86, -0.82, -0.81, -1.43, -1.58, -1.71, -1.8, -1.86, -1.88, -1.86, -1.86, -1.85, -1.83, -1.81, -1.52, -1.48, -1.4, -1.33, -0.98, -0.89, -0.82, -0.78, -0.72, -1.41, -1.62, -1.8, -1.92, -1.97, -1.97, -1.88, -1.87, -1.87, -1.87, -1.86, -1.58, -1.57, -1.53, -1.49, -0.92, -0.85, -0.71, -0.68, -0.71, -1.42, -1.72, -1.97, -2.1, -2.12, -2.08, -1.89, -1.89, -1.9, -1.9, -1.91, -1.93, -1.68, -1.69, -1.64, -1.52, -0.76, -0.73, -0.7, -1.19, -1.49, -1.87, -2.24, -2.39, -2.31, -2.19, -3.13, -1.91, -1.92, -1.93, -1.95, -1.99, -1.97, -1.91, -1.89, -1.43, -1.16, -0.77, -1.29, -1.39, -1.57, -2.02, -2.61, -2.83, -2.85, -2.74, -3.14, -3.1, -3.05, -3.03, -3.01, -1.92, -1.99, -2.18, -2.3, -1.41, -0.96, -1.25, -1.35, -1.62, -2.41, -2.65, -2.93, -3.03, -2.88, -2.78, -3.15, -3.11, -3.04, -2.96, -2.92, -2.93, -3.01, -2.04, -2.66, -1.46, -1.42, -1.71, -2.24, -1.99, -2.45, -2.6, -2.76, -2.83, -2.8, -2.74, -4.01, -3.93, -3.82, -2.94, -2.76, -2.69, -2.99, -3.31, -3.11, -2.86, -1.67, -2.02, -2.49, -2.12, -2.49, -2.56, -2.65, -2.71, -2.71, -2.69, -4.03, -3.96, -3.85, -3.65, -3.22, -1.98, -3.56, -4.38, -4.01, -3.48, -3.3, -1.94, -2.07, -2.02, -2.5, -2.54, -2.59, -2.63, -2.65, -2.65, -4.07, -4.02, -3.94, -3.82, -3.62, -3.52, -4.14, -4.88, -5.17, -5.1, -3.62, -3.29, -3.11, -1.92, -2.5, -2.52, -2.56, -2.83, -2.82, -2.82, -4.13, -4.1, -4.08, -4.06, -4.11, -4.38, -4.81, -4.99, -5.12, -4.9, -4.92, -3.46, -3.26, -2.06, -2.03, -2.73, -2.73, -2.74, -2.74, -2.75, -4.19, -4.19, -4.2, -4.26, -4.4, -4.74, -5.27, -4.97, -4.91, -4.83, -4.97, -3.7, -3.47, -3.3, -1.97, -2.6, -2.61, -2.64, -2.66, -2.68, -4.24, -4.26, -4.3, -4.37, -4.51, -4.71, -4.88, -4.14, -3.85, -3.6, -3.4, -2.06, -3.29, -3.09, -2.97, -2.44, -2.49, -2.53, -2.58, -2.61, -4.28, -4.31, -2.28, -2.38, -2.5, -3.56, -3.5, -3.28, -3.04, -2.9, -1.69, -1.71, -1.73, -1.25, -1.35, -2.31, -2.4, -2.48, -2.57, -2.63, -2.05, -2.07, -2.08, -2.09, -3.04, -2.88, -2.6, -2.21, -1.97, -2.02, -1.21, -1.41, -1.55, -1.63, -1.46, -2.18, -2.36, -2.49, -2.59, -2.66, -1.94, -1.92, -1.88, -1.81, -2.59, -2.26, -1.7, -0.96, -0.57, -0.32, -0.77, -1.16, -1.42, -1.41, -1.67, -2.13, -2.37, -2.53, -2.64, -2.7, -1.83, -1.78, -1.7, -2.52, -2.24, -1.79, -1.06, 0.15, 1.35, 0.23, -0.27, -0.77, -1.02, -1.36, -2.09, -2.27, -2.48, -2.62, -2.71, -2.76, -1.73, -1.66, -2.19, -2.02, -1.76, -1.38, -0.79, 0.05, 0.87, 0.21, -0.42, -0.85, -1.01, -1.31, -2.42, -2.52, -2.65, -2.74, -2.8, -2.84, -2.35, -2.27, -2.16, -2.01, -1.8, -1.52, -1.14, -0.75, -0.1, -0.4, -0.78, -1.06, -1.05, -2.62, -2.66, -2.75, -2.83, -2.89, -2.91, -2.92, -2.35, -2.28, -2.19, -2.07, -1.93, -1.77, -1.59, -0.97, -0.92, -1.09, -1.26, -1.36, -3.05, -2.77, -2.85, -2.94, -3.01, -3.04, -3.02, -2.99, -2.36, -2.3, -2.24, -1.42, -1.42, -1.45, -1.52, -1.65, -1.83, -1.96, -1.98, -2.19, -3.66, -2.89, -2.98, -3.08, -3.18, -3.17, -3.11, -3.06, -1.53, -1.54, -1.56, -1.6, -1.66, -1.76, -1.94, -2.2, -2.55, -2.72, -2.55, -3.56, -3.67, -3.58, -3.5, -3.16, -3.32, -3.25, -3.17, -3.1, -1.62, -1.65, -1.69, -1.75, -1.85, -2.0, -2.23, -2.58, -3.14, -3.6, -3.0, -3.55, -3.45, -3.59, -3.51, -3.44, -3.24, -3.24, -3.17, -3.11, -1.69, -1.73, -1.79, -1.87, -1.98, -2.14, -2.37, -2.7, -3.19, -3.56, -3.65, -3.47, -3.39, -3.61, -3.53, -3.2, -3.24, -3.25, -3.15, -3.1, -1.75, -1.8, -1.87, -1.96, -2.07, -2.21, -2.4, -2.63, -2.85, -2.93, -3.39, -3.31, -3.3, -3.02, -3.1, -3.15, -3.19, -3.21, -3.2, -3.19, -1.8, -1.86, -1.93, -2.01, -2.11, -2.24, -2.37, -2.51, -2.61, -3.14, -3.04, -3.08, -3.15, -3.2, -3.05, -3.1, -3.14, -3.16, -3.17, -3.17, -1.84, -1.9, -1.96, -2.04, -2.13, -2.23, -2.34, -2.43, -2.48, -2.85, -2.63, -2.9, -3.06, -3.15, -3.0, -3.06, -3.1, -3.13, -3.14, -3.14, -1.87, -1.92, -1.99, -2.06, -2.13, -2.22, -2.3, -2.37, -3.01, -2.83, -2.71, -2.88, -3.02, -3.11, -2.97, -3.03, -3.07, -3.1, -3.11, -3.12, -1.89, -1.94, -2.0, -2.06, -2.13, -2.19, -2.26, -2.31, -3.03, -2.94, -2.9, -2.95, -3.04, -3.11, -2.95, -3.0, -3.04, -3.07, -3.09, -3.1, -1.91, -1.95, -2.0, -2.06, -2.11, -2.17, -2.22, -3.12, -3.07, -3.02, -3.0, -3.02, -3.07, -3.12, -2.95, -2.99, -3.02, -3.05, -3.07, -3.08]}, {"header": {"refTime": "2023-09-25T10:00:00.000Z", "nx": 21, "ny": 33, "lo1": 113.509, "la1": 22.2235, "lo2": 113.5947, "la2": 22.1034, "dx": 0.0042850000000001385, "dy": 0.003753125000000024, "parameterCategory": 2, "parameterCategoryName": "Temperature", "parameterNumber": 3}, "data": [-1.26, -1.24, -1.21, -1.05, -1.04, -0.84, -0.84, -0.84, -0.84, -1.09, -1.13, -1.17, -1.4, -1.44, -1.9, -2.01, -2.66, -2.73, -2.78, -2.81, -1.28, -1.25, -1.23, -1.19, -1.04, -1.02, -0.83, -0.83, -0.83, -1.05, -1.12, -1.17, -1.4, -1.44, -1.91, -2.57, -2.68, -2.77, -2.83, -2.86, -1.29, -1.27, -1.25, -1.21, -1.04, -1.02, -0.99, -0.82, -0.79, -1.01, -1.13, -1.18, -1.41, -1.45, -2.41, -2.59, -2.74, -2.84, -2.9, -2.93, -1.32, -1.3, -1.27, -1.24, -1.19, -1.03, -1.0, -0.96, -0.93, -1.08, -1.18, -1.21, -1.39, -1.67, -2.38, -2.63, -2.83, -2.95, -3.01, -3.01, -1.35, -1.33, -1.31, -1.28, -1.23, -1.04, -1.03, -1.02, -1.04, -1.22, -1.26, -1.61, -1.34, -1.61, -2.4, -2.74, -2.99, -3.13, -3.15, -3.12, -1.39, -1.38, -1.36, -1.33, -1.29, -1.22, -1.04, -1.05, -1.1, -1.2, -1.89, -1.76, -1.57, -1.78, -2.52, -2.91, -3.25, -3.4, -3.33, -3.22, -1.53, -1.43, -1.42, -1.41, -1.37, -1.29, -1.46, -1.01, -1.06, -1.68, -1.91, -2.06, -2.1, -2.03, -2.68, -3.08, -3.6, -3.8, -3.4, -3.18, -1.56, -1.57, -1.58, -1.62, -1.59, -1.65, -1.48, -1.18, -0.96, -1.67, -1.94, -2.46, -2.53, -2.19, -3.02, -3.33, -3.71, -3.86, -3.65, -3.5, -1.58, -1.6, -1.63, -1.66, -1.72, -1.67, -1.5, -1.39, -1.13, -1.67, -2.24, -2.36, -2.33, -2.35, -2.94, -3.2, -3.45, -3.56, -3.52, -3.44, -1.75, -1.78, -1.82, -1.74, -1.85, -1.93, -1.72, -1.48, -1.24, -1.32, -2.28, -2.3, -2.27, -2.31, -2.89, -3.1, -3.27, -3.37, -3.39, -3.36, -1.74, -1.77, -1.81, -1.87, -2.02, -2.44, -1.91, -1.65, -1.43, -1.31, -1.82, -2.29, -2.3, -2.31, -2.88, -3.03, -3.16, -3.25, -3.28, -3.29, -1.73, -1.75, -1.77, -1.81, -1.88, -1.92, -1.71, -1.5, -1.43, -1.46, -1.75, -2.08, -2.14, -2.31, -2.9, -3.01, -3.1, -3.15, -3.18, -3.2, -1.71, -1.72, -1.72, -1.73, -1.71, -1.61, -1.46, -1.44, -1.43, -1.49, -1.52, -2.03, -2.09, -2.52, -2.53, -2.96, -3.02, -3.07, -3.11, -3.13, -1.69, -1.69, -1.68, -1.66, -1.6, -1.47, -1.26, -1.41, -1.46, -1.49, -1.49, -2.0, -2.09, -2.15, -2.56, -2.93, -2.97, -3.02, -3.05, -3.08, -1.67, -1.66, -1.65, -1.62, -1.57, -1.49, -1.43, -1.04, -1.01, -0.98, -0.96, -1.51, -2.15, -2.22, -2.26, -2.89, -2.93, -2.97, -3.01, -3.04, -1.66, -1.65, -1.34, -1.32, -1.28, -0.96, -0.95, -0.93, -0.9, -0.89, -1.37, -1.54, -1.73, -2.09, -2.17, -2.15, -2.05, -1.96, -2.4, -2.38, -1.32, -1.3, -1.28, -1.25, -0.9, -0.88, -0.84, -0.79, -0.76, -0.77, -1.31, -1.55, -1.82, -2.11, -2.14, -2.11, -1.89, -1.72, -1.6, -1.52, -1.28, -1.26, -1.23, -1.18, -0.84, -0.8, -0.73, -0.63, -0.58, -0.94, -1.2, -1.53, -1.86, -2.12, -2.63, -2.17, -1.87, -1.67, -1.55, -1.47, -1.25, -1.22, -1.18, -0.83, -0.8, -0.74, -0.64, -0.49, -0.42, -0.8, -0.99, -1.3, -1.58, -1.92, -2.22, -1.99, -1.74, -1.56, -1.46, -1.39, -1.22, -1.19, -0.59, -0.57, -0.55, -0.51, -0.46, -0.4, -0.51, -0.7, -0.95, -1.21, -1.42, -1.6, -1.81, -1.69, -1.52, -1.4, -1.33, -1.3, -0.59, -0.58, -0.57, -0.55, -0.53, -0.5, -0.47, -0.43, -0.67, -0.77, -0.93, -1.12, -1.26, -1.56, -1.5, -1.39, -1.28, -1.22, -1.2, -1.2, -0.58, -0.57, -0.55, -0.54, -0.52, -0.49, -0.47, -0.1, -0.73, -0.79, -0.89, -1.03, -1.14, -1.36, -1.26, -1.14, -1.04, -1.02, -1.06, -1.11, -0.56, -0.55, -0.54, -0.01, -0.02, -0.04, -0.06, -0.08, -0.09, -0.09, -0.07, -0.29, -0.55, -1.22, -1.1, -0.94, -0.78, -0.84, -0.96, -1.04, 0.03, 0.03, 0.02, 0.01, -0.0, -0.02, -0.04, -0.07, -0.11, -0.13, -0.08, -0.01, -0.55, -0.57, -0.59, -0.84, -0.47, -0.81, -0.93, -1.01, 0.05, 0.04, 0.04, 0.03, 0.02, 0.01, -0.02, -0.07, -0.16, -0.24, -0.1, 0.01, 0.05, -0.58, -0.61, -0.64, -0.88, -0.99, -0.96, -1.01, 0.06, 0.06, 0.06, 0.05, 0.05, 0.04, 0.02, -0.02, -0.11, -0.2, -0.03, 0.07, 0.1, -0.58, -0.62, -0.47, -0.59, -0.64, -0.99, -1.02, 0.08, 0.08, 0.08, 0.08, 0.08, 0.08, 0.08, 0.07, 0.05, 0.07, 0.16, 0.2, 0.18, -0.13, -0.27, -0.39, -0.48, -0.52, -0.51, -0.48, 0.09, 0.09, 0.1, 0.1, 0.11, 0.13, 0.14, 0.17, 0.23, 0.35, 0.42, 0.21, 0.06, -0.09, -0.18, -0.3, -0.38, -0.42, -0.43, -0.43, 0.1, 0.11, 0.12, 0.13, 0.14, 0.17, 0.2, 0.26, 0.37, 0.57, 0.7, 0.39, 0.16, -0.01, -0.1, -0.22, -0.3, -0.34, -0.37, -0.37, 0.12, 0.12, 0.13, 0.15, 0.17, 0.2, 0.24, 0.31, 0.3, 0.49, 0.6, 0.4, 0.19, 0.03, -0.05, -0.15, -0.23, -0.28, -0.31, -0.33, 0.13, 0.14, 0.15, 0.17, 0.19, 0.22, 0.26, 0.32, 0.26, 0.36, 0.38, 0.3, 0.17, 0.04, -0.02, -0.11, -0.18, -0.23, -0.27, -0.29, 0.14, 0.15, 0.16, 0.18, 0.2, 0.23, 0.26, 0.15, 0.21, 0.25, 0.25, 0.21, 0.12, 0.03, -0.0, -0.08, -0.15, -0.19, -0.23, -0.25]}, {"header": {"refTime": "2023-09-25T10:00:00.000Z", "nx": 21, "ny": 33, "lo1": 113.509, "la1": 22.2235, "lo2": 113.5947, "la2": 22.1034, "dx": 0.0042850000000001385, "dy": 0.003753125000000024, "parameterCategory": 0, "parameterCategoryName": "Temperature", "parameterNumber": 0}, "data": [[29.87, 29.88, 29.88, 29.68, 29.69, 29.99, 30.0, 30.0, 30.01, 29.95, 29.95, 29.96, 30.28, 30.29, 30.39, 30.42, 30.57, 30.58, 30.59, 30.59], [29.87, 29.87, 29.88, 29.88, 29.69, 29.72, 29.99, 30.0, 30.01, 29.95, 29.96, 29.98, 30.29, 30.31, 30.41, 30.56, 30.57, 30.59, 30.59, 30.6], [29.87, 29.87, 29.87, 29.87, 29.68, 29.71, 29.75, 29.99, 30.0, 29.96, 29.97, 30.0, 30.31, 30.32, 30.54, 30.56, 30.58, 30.6, 30.6, 30.61], [29.87, 29.87, 29.87, 29.87, 29.87, 29.69, 29.72, 29.78, 29.83, 29.94, 29.96, 30.04, 30.34, 30.19, 30.54, 30.57, 30.6, 30.61, 30.62, 30.62], [29.87, 29.87, 29.87, 29.86, 29.86, 29.66, 29.67, 29.69, 29.69, 29.88, 29.93, 30.18, 30.31, 30.22, 30.54, 30.58, 30.62, 30.64, 30.64, 30.64], [29.87, 29.87, 29.87, 29.86, 29.85, 29.84, 29.63, 29.62, 29.59, 29.55, 29.97, 30.12, 30.24, 30.43, 30.55, 30.61, 30.66, 30.68, 30.67, 30.65], [29.82, 29.87, 29.87, 29.86, 29.85, 29.83, 29.6, 29.58, 29.55, 29.59, 29.61, 30.04, 30.46, 30.45, 30.57, 30.63, 30.71, 30.74, 30.73, 30.7], [29.83, 29.83, 29.83, 29.83, 29.82, 29.66, 29.62, 29.59, 29.61, 29.54, 29.38, 30.1, 30.11, 30.45, 30.69, 30.66, 30.72, 30.75, 30.71, 30.68], [29.77, 29.78, 29.85, 29.85, 29.86, 29.84, 29.79, 29.61, 29.47, 29.62, 29.7, 29.89, 29.98, 29.86, 30.68, 30.64, 30.68, 30.7, 30.69, 30.67], [30.0, 30.0, 30.0, 29.81, 29.84, 29.91, 29.86, 29.79, 29.37, 29.39, 29.99, 29.77, 29.84, 29.81, 30.68, 30.63, 30.66, 30.67, 30.67, 30.66], [30.0, 30.0, 30.0, 30.0, 30.0, 30.0, 30.0, 30.0, 29.86, 29.46, 29.2, 29.7, 29.75, 29.76, 30.68, 30.62, 30.64, 30.65, 30.65, 30.65], [30.0, 30.0, 30.0, 30.0, 30.0, 30.0, 30.0, 30.0, 30.0, -999.0, 29.2, 30.5, 30.5, 29.72, 30.69, 30.61, 30.62, 31.37, 31.35, 31.35], [30.0, 30.0, 30.0, 30.0, 30.0, 30.0, 30.0, 30.0, 30.0, 30.0, -999.0, 30.5, 30.5, 31.35, 30.98, 31.16, 31.16, 31.28, 31.26, 31.25], [30.0, 30.0, 30.0, 30.0, 30.0, 30.0, 30.0, 30.0, 30.0, 30.0, -999.0, 31.8, 31.8, 31.8, 31.09, 31.25, 31.23, 31.36, 31.33, 31.31], [30.0, 30.0, 30.0, 30.0, 30.0, 30.0, 30.0, 30.2, 30.2, 30.2, 30.2, 30.81, 31.8, 31.8, 31.8, 31.34, 31.31, 31.43, 31.39, 31.36], [30.0, 30.0, 30.13, 30.13, 30.13, 30.2, 30.2, 30.2, 30.2, 30.2, 31.21, 31.09, 31.25, 31.38, 31.23, 31.03, 30.91, 31.12, 30.97, 30.91], [30.13, 30.13, 30.07, 30.07, 30.2, 30.2, 30.2, 30.2, 30.2, 30.2, 30.89, 31.09, 31.3, 31.49, 31.37, 31.53, 31.44, 31.36, 31.31, 31.28], [30.07, 30.07, 30.08, 30.08, 30.2, 30.2, 30.2, 30.2, 30.2, 30.61, 30.82, 31.06, 31.31, 31.37, 31.74, 31.56, 31.42, 31.34, 31.29, 31.26], [30.08, 30.08, 30.08, 30.2, 30.2, 30.2, 30.2, 30.2, 30.34, 30.51, 30.87, 31.07, 30.98, 31.22, 31.57, 31.47, 31.36, 31.28, 31.24, 31.22], [30.08, 30.08, 30.83, 30.8, 30.76, 30.7, 30.61, 30.38, 30.47, 30.67, 30.88, 31.05, 30.85, 30.97, 31.39, 31.33, 31.25, 31.2, 31.19, 31.18], [30.87, 30.85, 30.83, 30.65, 30.63, 30.6, 30.56, 30.51, 30.71, 30.8, 30.93, 31.05, 30.73, 31.27, 31.24, 31.18, 31.12, 31.11, 31.12, 31.14], [30.71, 30.71, 30.7, 30.69, 30.68, 30.67, 30.66, 30.69, 30.87, 30.93, 31.0, 31.07, 30.97, 31.18, 31.11, 31.03, 30.97, 31.0, 31.06, 31.11], [30.73, 30.73, 30.73, 30.75, 30.76, 30.76, 30.78, 30.8, 30.84, 30.86, 30.86, 30.56, 31.03, 31.11, 31.03, 30.89, 30.74, 30.88, 31.05, 31.11], [30.77, 30.77, 30.77, 30.78, 30.79, 30.82, 30.85, 30.9, 30.97, 31.0, 30.97, 30.78, 31.05, 30.99, 30.92, 30.86, 30.29, 31.03, 31.13, 31.14], [30.78, 30.78, 30.79, 30.81, 30.82, 30.85, 30.9, 30.97, 31.08, 31.18, 31.05, 30.82, 30.67, 31.02, 30.98, 30.96, 31.19, 31.5, 31.23, 31.17], [30.79, 30.8, 30.81, 30.82, 30.84, 30.87, 30.92, 30.98, 31.08, 31.16, 30.98, 30.83, 30.7, 31.05, 31.03, 30.98, 31.1, 31.18, 31.23, 31.19], [30.8, 30.81, 30.82, 30.83, 30.85, 30.88, 30.91, 30.96, 31.0, 31.01, 30.9, 30.81, 30.71, 30.9, 30.93, 30.98, 31.04, 31.07, 31.06, 31.03], [30.81, 30.82, 30.83, 30.84, 30.86, 30.88, 30.9, 30.92, 30.93, 30.86, 30.83, 31.15, 31.25, 31.36, 30.93, 30.96, 31.0, 31.02, 31.02, 31.01], [30.81, 30.82, 30.83, 30.84, 30.86, 30.87, 30.88, 30.89, 30.89, 30.81, 30.9, 31.07, 31.2, 31.31, 30.92, 30.95, 30.97, 30.99, 30.99, 30.99], [30.81, 30.82, 30.83, 30.84, 30.85, 30.86, 30.87, 30.87, 31.1, 31.01, 30.95, 31.07, 31.18, 31.28, 30.91, 30.94, 30.95, 30.97, 30.97, 30.97], [30.82, 30.82, 30.83, 30.84, 30.85, 30.86, 30.86, 30.86, 31.13, 31.08, 31.07, 31.12, 31.2, 31.28, 30.91, 30.93, 30.94, 30.95, 30.96, 30.96], [30.82, 30.82, 30.83, 30.84, 30.84, 30.85, 30.85, 31.19, 31.16, 31.14, 31.14, 31.17, 31.23, 31.28, 30.91, 30.92, 30.93, 30.94, 30.95, 30.95]]}]