awsData/contour/wdir_2023092507.json
[{"header": {"refTime": "2023-09-25T07:00:00.000Z", "nx": 21, "ny": 33, "lo1": 113.509, "la1": 22.2235, "lo2": 113.5947, "la2": 22.1034, "dx": 0.0042850000000001385, "dy": 0.003753125000000024, "parameterCategory": 2, "parameterCategoryName": "Temperature", "parameterNumber": 2}, "data": [-2.73, -2.73, -2.72, -2.82, -2.79, -3.11, -3.04, -2.97, -2.95, -2.67, -2.75, -2.84, -2.98, -3.01, -4.26, -4.41, -4.63, -4.7, -4.76, -4.8, -2.73, -2.73, -2.73, -2.73, -2.8, -2.75, -2.99, -2.86, -2.77, -2.61, -2.75, -2.87, -3.03, -3.07, -4.31, -4.55, -4.68, -4.78, -4.84, -4.87, -2.73, -2.73, -2.74, -2.74, -2.83, -2.78, -2.7, -2.77, -2.4, -2.57, -2.78, -2.95, -3.13, -3.15, -4.41, -4.59, -4.76, -4.88, -4.95, -4.97, -2.73, -2.73, -2.74, -2.75, -2.76, -2.83, -2.77, -2.65, -2.54, -2.63, -2.86, -3.09, -3.3, -3.25, -4.4, -4.66, -4.89, -5.04, -5.1, -5.1, -2.72, -2.73, -2.74, -2.76, -2.79, -2.91, -2.89, -2.84, -2.79, -2.72, -2.92, -3.29, -3.6, -3.31, -4.41, -4.78, -5.11, -5.3, -5.31, -5.25, -2.71, -2.72, -2.74, -2.77, -2.81, -2.88, -3.04, -3.06, -3.01, -2.89, -2.91, -3.13, -3.36, -3.74, -4.45, -4.97, -5.49, -5.71, -5.59, -5.4, -4.27, -2.7, -2.72, -2.74, -2.8, -2.91, -3.08, -3.32, -3.31, -2.97, -2.73, -2.84, -3.57, -3.7, -4.48, -5.16, -6.02, -6.35, -6.19, -5.97, -4.26, -4.2, -4.12, -3.99, -3.97, -2.84, -3.05, -3.44, -3.8, -2.94, -2.47, -2.98, -3.12, -3.75, -4.82, -5.41, -6.13, -6.39, -6.0, -5.74, -4.27, -4.19, -4.08, -3.94, -3.77, -3.81, -4.05, -3.17, -4.21, -3.01, -3.07, -3.44, -4.01, -3.73, -4.8, -5.23, -5.67, -5.86, -5.78, -5.64, -5.25, -5.13, -4.95, -3.87, -3.54, -3.31, -3.85, -4.45, -4.74, -4.47, -3.36, -3.75, -4.25, -3.87, -4.8, -5.09, -5.36, -5.52, -5.55, -5.5, -5.29, -5.18, -5.0, -4.68, -4.01, -2.05, -4.52, -5.77, -5.38, -5.16, -5.04, -3.66, -3.81, -3.75, -4.81, -5.0, -5.19, -5.31, -5.37, -5.37, -5.36, -5.28, -5.16, -4.96, -4.64, -4.49, -5.45, -6.52, -6.92, -7.09, -5.38, -5.13, -4.95, -3.64, -4.81, -4.95, -5.08, -5.7, -5.73, -5.74, -5.45, -5.41, -5.38, -5.36, -5.45, -5.89, -6.58, -6.75, -6.88, -6.57, -6.91, -5.31, -5.1, -4.17, -4.17, -5.45, -5.51, -5.57, -5.61, -5.63, -5.54, -5.55, -5.58, -5.67, -5.92, -6.48, -7.42, -6.81, -6.64, -6.5, -6.98, -5.86, -5.67, -5.53, -4.21, -5.33, -5.39, -5.45, -5.5, -5.54, -5.63, -5.66, -5.73, -5.85, -6.08, -6.43, -6.7, -6.62, -6.36, -6.15, -6.0, -4.85, -5.57, -5.42, -5.33, -5.2, -5.27, -5.34, -5.4, -5.45, -5.7, -5.74, -4.25, -4.39, -4.58, -6.17, -6.12, -5.94, -5.74, -5.62, -4.58, -4.59, -4.59, -4.08, -4.16, -4.52, -4.51, -4.49, -5.0, -5.03, -4.06, -4.11, -4.16, -4.23, -5.76, -5.63, -5.41, -5.1, -4.9, -4.94, -4.21, -4.36, -4.46, -4.51, -4.16, -4.38, -4.33, -4.28, -4.25, -4.23, -4.01, -4.03, -4.05, -4.05, -5.4, -5.14, -4.7, -4.12, -3.82, -3.62, -3.96, -4.17, -4.36, -4.13, -4.49, -4.4, -4.32, -4.27, -4.24, -4.22, -3.96, -3.96, -3.94, -5.34, -5.12, -4.77, -4.2, -3.26, -2.32, -3.19, -3.18, -3.53, -3.7, -4.0, -4.41, -4.36, -4.29, -4.24, -4.22, -4.2, -3.91, -3.89, -4.6, -4.48, -4.3, -4.03, -3.63, -3.07, -2.46, -2.84, -3.23, -3.53, -3.61, -3.82, -4.31, -4.28, -4.23, -4.2, -4.18, -4.17, -4.67, -4.61, -4.52, -4.41, -4.25, -4.04, -3.78, -3.51, -2.97, -3.14, -3.38, -3.58, -3.54, -4.24, -4.23, -4.2, -4.17, -4.15, -4.15, -4.15, -4.62, -4.56, -4.48, -4.38, -4.26, -4.12, -3.97, -2.62, -3.36, -3.46, -3.58, -3.69, -4.38, -4.19, -4.17, -4.13, -4.11, -4.1, -4.11, -4.12, -4.59, -4.53, -4.47, -2.56, -2.61, -2.67, -2.75, -2.85, -2.96, -3.02, -2.96, -3.65, -4.26, -4.15, -4.12, -4.08, -4.04, -4.06, -4.09, -4.11, -2.49, -2.52, -2.55, -2.59, -2.65, -2.74, -2.87, -3.07, -3.32, -3.43, -3.23, -3.45, -4.27, -4.2, -4.13, -4.06, -3.96, -4.05, -4.08, -4.1, -2.49, -2.52, -2.55, -2.59, -2.66, -2.76, -2.92, -3.2, -3.68, -4.09, -3.47, -3.4, -3.26, -4.21, -4.14, -4.09, -4.06, -4.09, -4.08, -4.1, -2.48, -2.51, -2.54, -2.58, -2.64, -2.73, -2.88, -3.13, -3.58, -3.96, -3.54, -3.2, -3.09, -4.22, -4.16, -3.49, -3.66, -3.71, -4.09, -4.1, -2.47, -2.49, -2.51, -2.54, -2.59, -2.64, -2.73, -2.85, -2.98, -2.96, -2.93, -2.79, -2.83, -2.77, -3.07, -3.3, -3.46, -3.52, -3.51, -3.47, -2.45, -2.46, -2.48, -2.49, -2.51, -2.53, -2.54, -2.51, -2.39, -2.3, -2.08, -2.29, -2.57, -2.8, -2.87, -3.11, -3.27, -3.35, -3.38, -3.37, -2.43, -2.44, -2.44, -2.44, -2.44, -2.42, -2.36, -2.24, -1.97, -1.58, -1.03, -1.81, -2.31, -2.63, -2.7, -2.94, -3.1, -3.2, -3.25, -3.27, -2.41, -2.41, -2.4, -2.39, -2.37, -2.32, -2.24, -2.09, -2.08, -1.58, -1.27, -1.76, -2.21, -2.53, -2.58, -2.81, -2.97, -3.07, -3.14, -3.17, -2.39, -2.38, -2.37, -2.35, -2.32, -2.26, -2.17, -2.04, -2.15, -1.9, -1.81, -1.99, -2.26, -2.51, -2.51, -2.71, -2.86, -2.97, -3.04, -3.09, -2.37, -2.36, -2.34, -2.32, -2.28, -2.22, -2.15, -2.41, -2.27, -2.14, -2.11, -2.2, -2.36, -2.53, -2.49, -2.65, -2.79, -2.89, -2.97, -3.02]}, {"header": {"refTime": "2023-09-25T07:00:00.000Z", "nx": 21, "ny": 33, "lo1": 113.509, "la1": 22.2235, "lo2": 113.5947, "la2": 22.1034, "dx": 0.0042850000000001385, "dy": 0.003753125000000024, "parameterCategory": 2, "parameterCategoryName": "Temperature", "parameterNumber": 3}, "data": [-0.31, -0.31, -0.31, -0.17, -0.17, -0.58, -0.57, -0.56, -0.56, -0.5, -0.55, -0.6, -0.85, -0.87, -1.31, -1.36, -1.47, -1.49, -1.5, -1.51, -0.31, -0.31, -0.31, -0.31, -0.17, -0.19, -0.54, -0.51, -0.5, -0.48, -0.56, -0.64, -0.89, -0.91, -1.35, -1.46, -1.49, -1.51, -1.53, -1.53, -0.31, -0.31, -0.31, -0.31, -0.17, -0.18, -0.2, -0.47, -0.36, -0.45, -0.58, -0.7, -0.96, -0.97, -1.44, -1.47, -1.51, -1.54, -1.56, -1.56, -0.31, -0.31, -0.31, -0.31, -0.31, -0.18, -0.19, -0.22, -0.24, -0.48, -0.62, -0.81, -1.08, -0.93, -1.44, -1.49, -1.55, -1.59, -1.6, -1.59, -0.31, -0.31, -0.31, -0.31, -0.31, -0.17, -0.17, -0.18, -0.17, -0.48, -0.63, -0.97, -1.26, -1.0, -1.44, -1.52, -1.61, -1.65, -1.66, -1.64, -0.31, -0.31, -0.31, -0.31, -0.31, -0.31, -0.16, -0.16, -0.14, -0.09, -0.58, -0.82, -1.05, -1.12, -1.43, -1.56, -1.71, -1.77, -1.73, -1.68, -0.22, -0.31, -0.31, -0.31, -0.31, -0.31, -0.16, -0.17, -0.14, -0.11, -0.08, -0.56, -0.96, -0.99, -1.41, -1.6, -1.86, -1.95, -1.84, -1.76, -0.22, -0.22, -0.23, -0.37, -0.36, -0.18, -0.18, -0.2, -0.25, -0.07, 0.1, -0.44, -0.55, -0.9, -1.19, -1.44, -1.76, -1.87, -1.7, -1.59, -0.22, -0.22, -0.23, -0.24, -0.36, -0.36, -0.36, -0.18, -0.19, -0.13, -0.29, -0.51, -0.68, -0.6, -1.15, -1.35, -1.55, -1.64, -1.6, -1.54, -0.28, -0.28, -0.29, -0.24, -0.25, -0.36, -0.37, -0.38, -0.22, -0.17, -0.41, -0.56, -0.7, -0.61, -1.13, -1.27, -1.41, -1.48, -1.49, -1.48, -0.28, -0.28, -0.28, -0.29, -0.3, -0.33, -0.31, -0.34, -0.42, -0.25, -0.43, -0.53, -0.58, -0.57, -1.13, -1.23, -1.32, -1.39, -1.41, -1.42, -0.28, -0.27, -0.27, -0.27, -0.28, -0.28, -0.29, -0.38, -0.43, -0.48, -0.45, -0.7, -0.72, -0.53, -1.13, -1.21, -1.27, -1.66, -1.68, -1.69, -0.27, -0.27, -0.27, -0.26, -0.25, -0.22, -0.19, -0.32, -0.39, -0.35, -0.49, -0.68, -0.7, -1.08, -1.11, -1.58, -1.62, -1.65, -1.67, -1.68, -0.27, -0.26, -0.26, -0.25, -0.23, -0.18, -0.06, -0.22, -0.3, -0.32, -0.46, -1.03, -1.1, -1.15, -1.2, -1.61, -1.63, -1.65, -1.66, -1.67, -0.27, -0.26, -0.25, -0.24, -0.22, -0.2, -0.18, -0.57, -0.7, -0.79, -0.84, -1.48, -1.18, -1.25, -1.3, -1.65, -1.66, -1.66, -1.67, -1.67, -0.26, -0.26, -0.71, -0.7, -0.68, -0.72, -0.74, -0.82, -0.9, -0.95, -1.54, -1.57, -1.61, -1.72, -1.72, -1.03, -0.9, -0.76, -0.98, -0.93, -0.78, -0.78, -0.78, -0.8, -0.88, -0.92, -1.0, -1.11, -1.18, -1.18, -1.65, -1.65, -1.67, -1.72, -1.5, -1.33, -1.15, -1.02, -0.92, -0.86, -0.82, -0.83, -0.86, -0.89, -1.0, -1.09, -1.24, -1.44, -1.55, -1.68, -1.62, -1.71, -1.72, -1.52, -1.78, -1.39, -1.13, -0.97, -0.87, -0.82, -0.86, -0.89, -0.92, -1.03, -1.1, -1.22, -1.41, -1.73, -2.06, -1.81, -1.88, -1.83, -1.32, -1.38, -1.42, -1.23, -1.02, -0.87, -0.79, -0.75, -0.9, -0.93, -1.17, -1.21, -1.28, -1.38, -1.53, -1.74, -2.03, -1.93, -1.85, -1.8, -1.18, -1.14, -1.07, -0.96, -0.82, -0.73, -0.69, -0.68, -1.14, -1.16, -1.19, -1.24, -1.29, -1.37, -1.47, -1.57, -1.87, -1.83, -1.78, -1.75, -1.01, -0.86, -0.79, -0.69, -0.59, -0.56, -0.57, -0.6, -1.15, -1.18, -1.21, -1.24, -1.29, -1.34, -1.39, -1.57, -1.73, -1.71, -1.69, -1.69, -0.5, -0.68, -0.58, -0.43, -0.33, -0.36, -0.46, -0.54, -1.16, -1.18, -1.21, -1.45, -1.45, -1.45, -1.45, -1.43, -1.41, -1.38, -1.37, -0.71, -0.47, -0.57, -0.43, -0.2, 0.04, -0.17, -0.42, -0.52, -1.41, -1.41, -1.41, -1.4, -1.4, -1.39, -1.36, -1.33, -1.28, -1.25, -1.26, -0.37, -0.51, -0.38, -0.25, -0.14, 0.71, -0.35, -0.52, -0.55, -1.38, -1.38, -1.37, -1.36, -1.35, -1.33, -1.3, -1.25, -1.18, -1.14, -1.19, -0.45, -0.21, -0.43, -0.33, -0.27, -0.59, -1.03, -0.66, -0.6, -1.36, -1.36, -1.35, -1.33, -1.31, -1.29, -1.25, -1.21, -1.16, -1.12, -0.7, -0.5, -0.28, -0.48, -0.42, -0.39, -0.53, -0.63, -0.66, -0.62, -1.34, -1.33, -1.32, -1.3, -1.28, -1.25, -1.22, -1.18, -1.14, -1.12, -0.65, -0.52, -0.34, -0.45, -0.43, -0.44, -0.48, -0.52, -0.5, -0.47, -1.33, -1.32, -1.3, -1.28, -1.26, -1.23, -1.2, -1.16, -1.11, -0.68, -0.66, -1.09, -1.17, -1.26, -0.47, -0.46, -0.47, -0.48, -0.48, -0.46, -1.31, -1.3, -1.29, -1.27, -1.24, -1.21, -1.18, -1.13, -1.07, -0.71, -0.91, -1.03, -1.13, -1.22, -0.5, -0.48, -0.47, -0.47, -0.47, -0.46, -1.3, -1.29, -1.27, -1.25, -1.23, -1.2, -1.17, -1.12, -1.05, -0.99, -0.95, -1.03, -1.12, -1.2, -0.52, -0.49, -0.48, -0.47, -0.47, -0.46, -1.29, -1.28, -1.26, -1.25, -1.22, -1.2, -1.17, -1.13, -1.07, -1.04, -1.04, -1.08, -1.14, -1.2, -0.53, -0.5, -0.49, -0.48, -0.47, -0.46, -1.29, -1.27, -1.26, -1.24, -1.22, -1.2, -1.17, -1.12, -1.1, -1.09, -1.09, -1.11, -1.16, -1.2, -0.53, -0.51, -0.49, -0.48, -0.47, -0.46]}, {"header": {"refTime": "2023-09-25T07:00:00.000Z", "nx": 21, "ny": 33, "lo1": 113.509, "la1": 22.2235, "lo2": 113.5947, "la2": 22.1034, "dx": 0.0042850000000001385, "dy": 0.003753125000000024, "parameterCategory": 0, "parameterCategoryName": "Temperature", "parameterNumber": 0}, "data": [[28.52, 28.51, 28.51, 28.25, 28.25, 28.52, 28.51, 28.51, 28.51, 28.41, 28.43, 28.44, 28.67, 28.69, 28.69, 28.7, 28.78, 28.77, 28.77, 28.77], [28.52, 28.52, 28.51, 28.5, 28.25, 28.27, 28.5, 28.49, 28.48, 28.41, 28.43, 28.46, 28.69, 28.7, 28.71, 28.78, 28.77, 28.77, 28.77, 28.76], [28.53, 28.52, 28.52, 28.51, 28.25, 28.26, 28.28, 28.47, 28.42, 28.41, 28.44, 28.49, 28.72, 28.73, 28.79, 28.78, 28.77, 28.77, 28.76, 28.76], [28.53, 28.53, 28.52, 28.51, 28.5, 28.26, 28.27, 28.3, 28.32, 28.4, 28.45, 28.54, 28.77, 28.64, 28.79, 28.78, 28.77, 28.76, 28.76, 28.75], [28.54, 28.54, 28.53, 28.52, 28.51, 28.25, 28.26, 28.26, 28.25, 28.37, 28.43, 28.65, 28.79, 28.67, 28.79, 28.77, 28.76, 28.75, 28.75, 28.75], [28.55, 28.55, 28.54, 28.54, 28.53, 28.51, 28.25, 28.24, 28.22, 28.17, 28.42, 28.57, 28.7, 28.83, 28.78, 28.76, 28.74, 28.74, 28.74, 28.74], [28.62, 28.56, 28.56, 28.55, 28.55, 28.53, 28.35, 28.26, 28.23, 28.18, 28.15, 28.46, 28.79, 28.8, 28.77, 28.75, 28.73, 28.72, 28.74, 28.75], [28.63, 28.63, 28.63, 28.63, 28.62, 28.42, 28.38, 28.35, 28.35, 28.14, 27.95, 28.42, 28.43, 28.8, 28.7, 28.7, 28.7, 28.7, 28.7, 28.7], [28.57, 28.58, 28.65, 28.65, 28.66, 28.64, 28.59, 28.36, 28.21, 28.21, 28.15, 28.28, 28.34, 28.26, 28.7, 28.7, 28.7, 28.7, 28.7, 28.7], [28.8, 28.8, 28.8, 28.61, 28.64, 28.71, 28.66, 28.59, 28.06, 28.09, 28.35, 28.2, 28.24, 28.22, 28.7, 28.7, 28.7, 28.7, 28.7, 28.7], [28.8, 28.8, 28.8, 28.8, 28.8, 28.8, 28.8, 28.8, 28.66, 28.19, 27.8, 28.14, 28.18, 28.19, 28.7, 28.7, 28.7, 28.7, 28.7, 28.7], [28.8, 28.8, 28.8, 28.8, 28.8, 28.8, 28.8, 28.8, 28.8, -999.0, 27.8, 28.7, 28.7, 28.16, 28.7, 28.7, 28.7, 28.02, 28.03, 28.04], [28.8, 28.8, 28.8, 28.8, 28.8, 28.8, 28.8, 28.8, 28.8, 28.8, -999.0, 28.7, 28.7, 27.92, 28.26, 28.26, 28.27, 28.12, 28.15, 28.16], [28.8, 28.8, 28.8, 28.8, 28.8, 28.8, 28.8, 28.8, 28.8, 28.8, -999.0, 27.5, 27.5, 27.5, 28.16, 28.16, 28.18, 28.03, 28.06, 28.09], [28.8, 28.8, 28.8, 28.8, 28.8, 28.8, 28.8, 28.6, 28.6, 28.6, 28.6, 28.18, 27.5, 27.5, 27.5, 28.05, 28.09, 27.95, 27.99, 28.03], [28.8, 28.8, 28.67, 28.67, 28.67, 28.6, 28.6, 28.6, 28.6, 28.6, 27.91, 27.99, 27.88, 27.79, 27.89, 27.87, 27.92, 27.82, 28.08, 28.13], [28.67, 28.67, 28.73, 28.73, 28.6, 28.6, 28.6, 28.6, 28.6, 28.6, 28.13, 27.99, 27.85, 27.71, 27.74, 27.66, 27.71, 27.75, 27.78, 27.8], [28.73, 28.73, 28.72, 28.72, 28.6, 28.6, 28.6, 28.6, 28.6, 28.32, 28.17, 28.01, 27.84, 27.75, 27.54, 27.64, 27.72, 27.77, 27.8, 27.82], [28.72, 28.72, 28.72, 28.6, 28.6, 28.6, 28.6, 28.6, 28.5, 28.39, 28.25, 28.11, 27.98, 27.83, 27.63, 27.69, 27.75, 27.8, 27.82, 27.83], [28.72, 28.72, 28.49, 28.49, 28.5, 28.51, 28.53, 28.57, 28.47, 28.38, 28.26, 28.14, 28.05, 27.97, 27.74, 27.77, 27.81, 27.84, 27.85, 27.86], [28.48, 28.48, 28.48, 28.52, 28.52, 28.53, 28.53, 28.54, 28.38, 28.33, 28.26, 28.17, 28.12, 27.8, 27.82, 27.85, 27.88, 27.89, 27.89, 27.88], [28.51, 28.51, 28.51, 28.51, 28.51, 28.51, 28.52, 28.51, 28.34, 28.31, 28.26, 28.2, 28.11, 27.85, 27.89, 27.93, 27.96, 27.95, 27.92, 27.9], [28.5, 28.5, 28.5, 28.5, 28.5, 28.5, 28.5, 28.49, 28.49, 28.48, 28.48, 28.49, 28.17, 27.89, 27.93, 28.0, 28.07, 28.01, 27.94, 27.91], [28.5, 28.5, 28.5, 28.5, 28.49, 28.49, 28.48, 28.47, 28.46, 28.46, 28.46, 28.45, 28.17, 28.14, 28.11, 28.02, 28.26, 27.96, 27.91, 27.9], [28.5, 28.5, 28.49, 28.49, 28.49, 28.48, 28.48, 28.46, 28.44, 28.42, 28.45, 28.45, 28.46, 28.13, 28.1, 28.06, 27.9, 27.77, 27.87, 27.89], [28.5, 28.49, 28.49, 28.49, 28.49, 28.48, 28.47, 28.46, 28.44, 28.43, 28.44, 28.45, 28.46, 28.13, 28.09, 28.06, 27.99, 27.95, 27.87, 27.88], [28.49, 28.49, 28.49, 28.49, 28.48, 28.48, 28.47, 28.47, 28.46, 28.46, 28.45, 28.46, 28.46, 28.18, 28.13, 28.08, 28.04, 28.02, 28.02, 28.04], [28.49, 28.49, 28.49, 28.49, 28.48, 28.48, 28.48, 28.47, 28.47, 28.47, 28.47, 28.32, 28.25, 28.18, 28.15, 28.11, 28.08, 28.06, 28.05, 28.06], [28.49, 28.49, 28.49, 28.49, 28.48, 28.48, 28.48, 28.48, 28.48, 28.48, 28.45, 28.36, 28.28, 28.21, 28.18, 28.14, 28.11, 28.09, 28.08, 28.08], [28.49, 28.49, 28.49, 28.49, 28.49, 28.48, 28.48, 28.48, 28.35, 28.4, 28.42, 28.36, 28.29, 28.22, 28.2, 28.16, 28.13, 28.11, 28.1, 28.1], [28.49, 28.49, 28.49, 28.49, 28.49, 28.48, 28.48, 28.48, 28.34, 28.36, 28.36, 28.33, 28.28, 28.23, 28.21, 28.17, 28.15, 28.13, 28.12, 28.11], [28.49, 28.49, 28.49, 28.49, 28.49, 28.49, 28.49, 28.3, 28.31, 28.32, 28.32, 28.3, 28.26, 28.22, 28.21, 28.18, 28.16, 28.15, 28.13, 28.13]]}]