awsData/contour/wdir_2023092509.json
[{"header": {"refTime": "2023-09-25T09:00:00.000Z", "nx": 21, "ny": 33, "lo1": 113.509, "la1": 22.2235, "lo2": 113.5947, "la2": 22.1034, "dx": 0.0042850000000001385, "dy": 0.003753125000000024, "parameterCategory": 2, "parameterCategoryName": "Temperature", "parameterNumber": 2}, "data": [-1.9, -1.89, -1.87, -1.62, -1.6, -1.46, -1.43, -1.4, -1.38, -1.08, -1.04, -1.0, -1.15, -1.15, -1.93, -2.06, -2.34, -2.43, -2.5, -2.54, -1.91, -1.9, -1.88, -1.86, -1.61, -1.58, -1.44, -1.39, -1.36, -1.11, -1.04, -0.99, -1.13, -1.12, -1.92, -2.24, -2.38, -2.49, -2.57, -2.61, -1.92, -1.91, -1.9, -1.88, -1.63, -1.6, -1.55, -1.39, -1.3, -1.13, -1.03, -0.95, -1.08, -1.08, -2.04, -2.26, -2.45, -2.59, -2.67, -2.71, -1.94, -1.93, -1.92, -1.91, -1.88, -1.63, -1.59, -1.52, -1.45, -1.09, -0.99, -0.89, -0.99, -0.99, -2.0, -2.33, -2.59, -2.75, -2.82, -2.83, -1.95, -1.95, -1.95, -1.94, -1.93, -1.69, -1.67, -1.64, -1.6, -1.04, -0.96, -0.95, -0.77, -0.96, -2.03, -2.46, -2.81, -3.0, -3.02, -2.97, -1.96, -1.97, -1.97, -1.97, -1.98, -1.99, -1.78, -1.79, -1.75, -1.65, -1.14, -1.06, -0.93, -1.57, -2.15, -2.68, -3.18, -3.39, -3.28, -3.12, -2.94, -1.98, -1.99, -2.0, -2.02, -2.05, -2.06, -1.98, -1.97, -1.75, -1.58, -1.27, -1.87, -1.92, -2.32, -2.91, -3.68, -3.97, -3.8, -3.6, -2.94, -2.91, -2.88, -3.11, -3.08, -2.02, -2.08, -2.23, -2.37, -1.71, -1.31, -2.01, -2.18, -2.25, -3.36, -3.68, -4.07, -4.21, -4.0, -3.86, -2.95, -2.92, -2.87, -2.81, -3.0, -3.0, -3.07, -2.11, -2.73, -1.79, -1.99, -2.39, -2.91, -2.66, -3.37, -3.59, -3.82, -3.92, -3.88, -3.8, -3.84, -3.77, -3.67, -2.8, -2.66, -2.78, -3.07, -3.38, -3.21, -2.98, -2.28, -2.65, -3.1, -2.77, -3.39, -3.52, -3.66, -3.75, -3.76, -3.73, -3.85, -3.79, -3.69, -3.52, -3.16, -2.09, -3.49, -4.28, -4.09, -3.59, -3.62, -2.56, -2.71, -2.66, -3.39, -3.48, -3.57, -3.64, -3.66, -3.66, -3.88, -3.83, -3.76, -3.65, -3.48, -3.4, -3.97, -4.79, -5.14, -5.09, -3.91, -3.84, -3.7, -2.56, -3.39, -3.45, -3.52, -3.68, -3.69, -3.69, -3.93, -3.9, -3.87, -3.85, -3.87, -4.06, -4.4, -4.78, -5.02, -4.76, -4.9, -3.98, -3.82, -2.77, -2.74, -3.51, -3.53, -3.56, -3.58, -3.59, -3.97, -3.97, -3.97, -4.0, -4.09, -4.3, -4.58, -4.6, -4.69, -4.64, -4.9, -4.1, -3.9, -3.75, -2.67, -3.35, -3.39, -3.43, -3.47, -3.5, -4.02, -4.02, -4.04, -4.09, -4.18, -4.32, -4.44, -3.83, -3.65, -3.47, -3.3, -2.43, -3.73, -3.55, -3.45, -3.18, -3.23, -3.3, -3.36, -3.41, -4.05, -4.07, -2.11, -2.18, -2.27, -3.31, -3.26, -3.1, -2.92, -2.82, -2.07, -2.11, -2.16, -1.81, -1.9, -2.87, -2.95, -3.02, -3.29, -3.36, -1.92, -1.93, -1.94, -1.94, -2.88, -2.74, -2.49, -2.16, -1.96, -2.02, -1.6, -1.83, -2.01, -2.13, -2.02, -2.56, -2.65, -2.72, -2.77, -2.81, -1.82, -1.8, -1.76, -1.69, -2.5, -2.2, -1.71, -1.06, -0.72, -0.53, -0.98, -1.59, -1.89, -1.96, -2.26, -2.53, -2.66, -2.75, -2.8, -2.83, -1.72, -1.68, -1.61, -2.44, -2.19, -1.79, -1.15, -0.08, 0.98, -0.04, -0.46, -0.96, -1.54, -1.9, -2.51, -2.61, -2.72, -2.8, -2.84, -2.86, -1.64, -1.58, -1.78, -1.64, -1.43, -1.12, -0.66, 0.01, 0.61, 0.03, -0.55, -0.98, -1.51, -1.83, -2.69, -2.75, -2.82, -2.87, -2.89, -2.9, -1.9, -1.83, -1.74, -1.62, -1.45, -1.21, -0.91, -0.6, -0.18, -0.45, -0.8, -1.09, -1.54, -2.8, -2.83, -2.89, -2.93, -2.96, -2.96, -2.94, -1.88, -1.82, -1.75, -1.65, -1.53, -1.39, -1.24, -0.52, -0.81, -0.97, -1.14, -1.28, -3.03, -2.89, -2.94, -3.01, -3.06, -3.05, -3.01, -2.98, -1.88, -1.83, -1.78, -0.79, -0.8, -0.83, -0.89, -1.0, -1.14, -1.24, -1.24, -1.92, -3.14, -2.95, -3.02, -3.12, -3.22, -3.14, -3.04, -3.0, -0.84, -0.86, -0.88, -0.91, -0.96, -1.05, -1.19, -1.41, -1.68, -1.82, -1.66, -2.71, -3.13, -3.15, -3.18, -3.16, -3.49, -3.09, -3.02, -2.99, -0.9, -0.92, -0.96, -1.01, -1.09, -1.2, -1.39, -1.68, -2.15, -2.53, -2.0, -2.65, -2.68, -3.14, -3.15, -3.16, -3.0, -2.84, -2.97, -2.98, -0.94, -0.97, -1.02, -1.08, -1.16, -1.29, -1.47, -1.74, -2.16, -2.48, -2.61, -2.52, -2.56, -3.13, -3.13, -2.79, -2.83, -2.82, -2.96, -2.97, -0.98, -1.01, -1.06, -1.12, -1.2, -1.31, -1.45, -1.62, -1.8, -1.84, -2.31, -2.3, -2.39, -2.36, -2.54, -2.67, -2.73, -2.76, -2.76, -2.75, -1.01, -1.04, -1.09, -1.15, -1.22, -1.3, -1.39, -1.47, -1.5, -1.96, -1.85, -1.8, -1.92, -2.02, -2.42, -2.55, -2.63, -2.68, -2.69, -2.69, -1.03, -1.06, -1.1, -1.15, -1.21, -1.27, -1.32, -1.35, -1.32, -1.57, -1.19, -1.56, -1.8, -1.94, -2.31, -2.45, -2.54, -2.6, -2.63, -2.64, -1.04, -1.07, -1.11, -1.15, -1.19, -1.24, -1.27, -1.27, -1.7, -1.46, -1.31, -1.54, -1.75, -1.89, -2.23, -2.37, -2.46, -2.52, -2.56, -2.59, -1.05, -1.08, -1.11, -1.14, -1.18, -1.21, -1.23, -1.23, -1.73, -1.61, -1.56, -1.64, -1.77, -1.88, -2.19, -2.31, -2.4, -2.47, -2.51, -2.54, -1.05, -1.08, -1.1, -1.13, -1.16, -1.18, -1.2, -1.86, -1.78, -1.72, -1.7, -1.74, -1.81, -1.89, -2.17, -2.28, -2.36, -2.42, -2.47, -2.5]}, {"header": {"refTime": "2023-09-25T09:00:00.000Z", "nx": 21, "ny": 33, "lo1": 113.509, "la1": 22.2235, "lo2": 113.5947, "la2": 22.1034, "dx": 0.0042850000000001385, "dy": 0.003753125000000024, "parameterCategory": 2, "parameterCategoryName": "Temperature", "parameterNumber": 3}, "data": [-1.48, -1.47, -1.45, -1.31, -1.3, -1.32, -1.31, -1.3, -1.31, -1.49, -1.56, -1.61, -1.92, -1.96, -2.66, -2.79, -3.4, -3.48, -3.53, -3.57, -1.5, -1.48, -1.46, -1.43, -1.3, -1.29, -1.29, -1.26, -1.25, -1.44, -1.55, -1.63, -1.94, -1.99, -2.68, -3.32, -3.44, -3.53, -3.59, -3.63, -1.51, -1.49, -1.47, -1.45, -1.3, -1.29, -1.26, -1.23, -1.15, -1.39, -1.57, -1.68, -1.98, -2.02, -3.16, -3.34, -3.5, -3.61, -3.68, -3.71, -1.53, -1.51, -1.49, -1.47, -1.43, -1.3, -1.28, -1.25, -1.22, -1.47, -1.63, -1.75, -2.03, -2.21, -3.13, -3.39, -3.61, -3.74, -3.8, -3.8, -1.55, -1.54, -1.52, -1.5, -1.46, -1.31, -1.3, -1.29, -1.3, -1.6, -1.71, -2.17, -2.09, -2.19, -3.15, -3.51, -3.79, -3.95, -3.97, -3.92, -1.58, -1.57, -1.56, -1.54, -1.5, -1.46, -1.31, -1.31, -1.35, -1.42, -2.23, -2.23, -2.18, -2.45, -3.25, -3.69, -4.1, -4.27, -4.18, -4.05, -1.88, -1.61, -1.61, -1.59, -1.56, -1.51, -1.62, -1.29, -1.32, -1.84, -2.02, -2.36, -2.64, -2.62, -3.39, -3.87, -4.51, -4.74, -4.37, -4.13, -1.9, -1.9, -1.9, -2.01, -1.98, -1.76, -1.64, -1.43, -1.29, -1.81, -1.97, -2.7, -2.81, -2.74, -3.67, -4.08, -4.6, -4.78, -4.5, -4.32, -1.92, -1.93, -1.94, -1.95, -2.06, -2.02, -1.9, -1.58, -1.56, -1.84, -2.48, -2.71, -2.84, -2.78, -3.59, -3.93, -4.25, -4.4, -4.34, -4.24, -2.33, -2.33, -2.34, -2.01, -2.06, -2.17, -2.08, -1.98, -1.8, -1.82, -2.6, -2.73, -2.84, -2.78, -3.55, -3.8, -4.02, -4.14, -4.17, -4.14, -2.33, -2.33, -2.33, -2.34, -2.35, -2.37, -2.36, -2.39, -2.16, -1.98, -2.51, -2.7, -2.74, -2.74, -3.55, -3.72, -3.88, -3.99, -4.03, -4.04, -2.33, -2.33, -2.33, -2.33, -2.33, -2.33, -2.34, -2.42, -2.47, -2.53, -2.52, -2.84, -2.86, -2.71, -3.56, -3.69, -3.8, -3.97, -4.01, -4.03, -2.32, -2.32, -2.32, -2.31, -2.3, -2.27, -2.25, -2.36, -2.43, -2.4, -2.54, -2.82, -2.84, -3.05, -3.06, -3.74, -3.81, -3.87, -3.91, -3.94, -2.32, -2.32, -2.31, -2.3, -2.28, -2.24, -2.13, -2.28, -2.35, -2.37, -2.52, -2.9, -2.94, -2.97, -3.09, -3.68, -3.74, -3.79, -3.83, -3.87, -2.32, -2.31, -2.31, -2.3, -2.28, -2.25, -2.24, -1.77, -1.7, -1.63, -1.56, -1.98, -2.98, -3.01, -3.04, -3.61, -3.66, -3.72, -3.77, -3.8, -2.32, -2.31, -1.51, -1.51, -1.51, -1.56, -1.54, -1.47, -1.41, -1.37, -1.74, -1.93, -2.16, -2.45, -2.57, -3.05, -3.01, -2.98, -3.53, -3.55, -1.44, -1.43, -1.41, -1.38, -1.39, -1.33, -1.23, -1.1, -1.02, -1.05, -1.56, -1.88, -2.22, -2.57, -2.75, -2.98, -2.88, -2.79, -2.74, -2.69, -1.38, -1.35, -1.32, -1.26, -1.24, -1.12, -0.92, -0.66, -0.53, -0.88, -1.28, -1.8, -2.24, -2.71, -3.2, -3.02, -2.87, -2.77, -2.71, -2.67, -1.32, -1.29, -1.24, -1.21, -1.12, -0.96, -0.7, -0.28, 0.05, -0.61, -1.28, -1.75, -2.13, -2.54, -3.04, -2.93, -2.81, -2.72, -2.66, -2.63, -1.28, -1.24, -1.29, -1.23, -1.13, -0.98, -0.76, -0.42, -0.34, -0.82, -1.32, -1.73, -2.0, -2.29, -2.84, -2.78, -2.7, -2.64, -2.61, -2.59, -1.38, -1.35, -1.32, -1.26, -1.19, -1.08, -0.94, -0.79, -0.95, -1.17, -1.48, -1.76, -1.91, -2.72, -2.7, -2.65, -2.59, -2.56, -2.54, -2.54, -1.4, -1.38, -1.35, -1.32, -1.28, -1.23, -1.17, -0.84, -1.4, -1.53, -1.69, -1.85, -2.82, -2.63, -2.59, -2.54, -2.49, -2.47, -2.48, -2.49, -1.42, -1.41, -1.4, -0.95, -0.97, -1.0, -1.06, -1.15, -1.25, -1.32, -1.29, -1.74, -2.45, -2.56, -2.51, -2.45, -2.41, -2.4, -2.42, -2.45, -0.95, -0.96, -0.98, -1.01, -1.06, -1.13, -1.24, -1.41, -1.63, -1.73, -1.59, -2.05, -2.46, -2.41, -2.37, -2.4, -2.37, -2.33, -2.37, -2.42, -0.97, -0.99, -1.02, -1.06, -1.12, -1.21, -1.35, -1.59, -1.98, -2.3, -1.83, -2.02, -1.94, -2.42, -2.37, -2.33, -2.32, -2.28, -2.35, -2.4, -0.99, -1.01, -1.04, -1.09, -1.15, -1.24, -1.37, -1.59, -1.94, -2.23, -2.09, -1.89, -1.84, -2.42, -2.38, -1.97, -2.05, -2.07, -2.37, -2.41, -1.0, -1.03, -1.06, -1.1, -1.15, -1.22, -1.31, -1.44, -1.57, -1.58, -1.73, -1.66, -1.68, -1.57, -1.74, -1.86, -1.94, -1.98, -1.97, -1.95, -1.01, -1.03, -1.06, -1.09, -1.13, -1.17, -1.22, -1.25, -1.22, -1.36, -1.23, -1.3, -1.45, -1.57, -1.63, -1.76, -1.84, -1.89, -1.9, -1.9, -1.01, -1.03, -1.05, -1.07, -1.1, -1.12, -1.13, -1.1, -0.99, -0.93, -0.59, -1.03, -1.3, -1.47, -1.53, -1.66, -1.75, -1.8, -1.83, -1.84, -1.01, -1.02, -1.04, -1.06, -1.07, -1.07, -1.06, -1.01, -1.19, -0.9, -0.73, -1.0, -1.25, -1.42, -1.46, -1.59, -1.68, -1.74, -1.77, -1.79, -1.01, -1.02, -1.03, -1.04, -1.04, -1.04, -1.01, -0.97, -1.22, -1.08, -1.03, -1.12, -1.27, -1.41, -1.43, -1.54, -1.62, -1.68, -1.72, -1.74, -1.0, -1.01, -1.02, -1.02, -1.02, -1.01, -0.99, -1.37, -1.29, -1.21, -1.19, -1.24, -1.33, -1.42, -1.41, -1.5, -1.58, -1.64, -1.68, -1.71]}, {"header": {"refTime": "2023-09-25T09:00:00.000Z", "nx": 21, "ny": 33, "lo1": 113.509, "la1": 22.2235, "lo2": 113.5947, "la2": 22.1034, "dx": 0.0042850000000001385, "dy": 0.003753125000000024, "parameterCategory": 0, "parameterCategoryName": "Temperature", "parameterNumber": 0}, "data": [[29.12, 29.11, 29.11, 28.82, 28.83, 29.16, 29.15, 29.15, 29.15, 29.04, 29.07, 29.09, 29.35, 29.37, 29.38, 29.37, 29.45, 29.44, 29.44, 29.43], [29.12, 29.12, 29.11, 29.1, 28.83, 28.84, 29.14, 29.12, 29.11, 29.04, 29.07, 29.11, 29.37, 29.39, 29.39, 29.46, 29.45, 29.44, 29.43, 29.43], [29.13, 29.12, 29.12, 29.11, 28.83, 28.84, 28.86, 29.1, 29.03, 29.03, 29.08, 29.15, 29.42, 29.43, 29.48, 29.46, 29.44, 29.43, 29.42, 29.42], [29.13, 29.13, 29.12, 29.11, 29.1, 28.83, 28.85, 28.88, 28.91, 29.03, 29.1, 29.22, 29.49, 29.33, 29.49, 29.46, 29.43, 29.42, 29.41, 29.41], [29.14, 29.14, 29.13, 29.12, 29.11, 28.82, 28.83, 28.84, 28.83, 29.0, 29.09, 29.35, 29.55, 29.38, 29.49, 29.44, 29.42, 29.4, 29.4, 29.4], [29.15, 29.15, 29.14, 29.14, 29.13, 29.11, 28.82, 28.82, 28.79, 28.73, 29.05, 29.25, 29.42, 29.57, 29.47, 29.42, 29.39, 29.37, 29.38, 29.39], [29.22, 29.16, 29.16, 29.15, 29.15, 29.13, 28.92, 28.83, 28.8, 28.74, 28.69, 29.08, 29.47, 29.5, 29.44, 29.4, 29.35, 29.33, 29.37, 29.4], [29.23, 29.23, 29.23, 29.23, 29.22, 28.99, 28.96, 28.93, 28.94, 28.69, 28.47, 28.99, 29.0, 29.5, 29.3, 29.3, 29.3, 29.3, 29.3, 29.3], [29.17, 29.18, 29.25, 29.25, 29.26, 29.24, 29.19, 28.94, 28.78, 28.77, 28.68, 28.83, 28.9, 28.81, 29.3, 29.3, 29.3, 29.3, 29.3, 29.3], [29.4, 29.4, 29.4, 29.21, 29.24, 29.31, 29.26, 29.19, 28.6, 28.64, 28.91, 28.74, 28.79, 28.77, 29.3, 29.3, 29.3, 29.3, 29.3, 29.3], [29.4, 29.4, 29.4, 29.4, 29.4, 29.4, 29.4, 29.4, 29.26, 28.76, 28.3, 28.68, 28.73, 28.73, 29.3, 29.3, 29.3, 29.3, 29.3, 29.3], [29.4, 29.4, 29.4, 29.4, 29.4, 29.4, 29.4, 29.4, 29.4, -999.0, 28.3, 29.3, 29.3, 28.7, 29.3, 29.3, 29.3, 28.9, 28.91, 28.91], [29.4, 29.4, 29.4, 29.4, 29.4, 29.4, 29.4, 29.4, 29.4, 29.4, -999.0, 29.3, 29.3, 28.84, 29.04, 29.05, 29.05, 28.96, 28.98, 28.98], [29.4, 29.4, 29.4, 29.4, 29.4, 29.4, 29.4, 29.4, 29.4, 29.4, -999.0, 28.6, 28.6, 28.6, 28.98, 28.99, 29.0, 28.91, 28.93, 28.94], [29.4, 29.4, 29.4, 29.4, 29.4, 29.4, 29.4, 29.6, 29.6, 29.6, 29.6, 29.22, 28.6, 28.6, 28.6, 28.92, 28.94, 28.86, 28.89, 28.91], [29.4, 29.4, 29.53, 29.53, 29.53, 29.6, 29.6, 29.6, 29.6, 29.6, 28.97, 29.04, 28.95, 28.86, 28.96, 28.89, 28.94, 28.86, 29.0, 29.03], [29.53, 29.53, 29.47, 29.47, 29.6, 29.6, 29.6, 29.6, 29.6, 29.6, 29.17, 29.05, 28.92, 28.8, 28.81, 29.17, 29.38, 29.54, 29.66, 29.75], [29.47, 29.47, 29.48, 29.48, 29.6, 29.6, 29.6, 29.6, 29.6, 29.35, 29.21, 29.06, 28.91, 28.82, 28.63, 29.11, 29.4, 29.59, 29.71, 29.8], [29.48, 29.48, 29.48, 29.6, 29.6, 29.6, 29.6, 29.6, 29.51, 29.41, 29.35, 29.23, 29.02, 28.89, 29.06, 29.27, 29.51, 29.68, 29.79, 29.87], [29.48, 29.48, 29.71, 29.71, 29.7, 29.69, 29.67, 29.63, 29.53, 29.46, 29.37, 29.27, 29.08, 29.0, 29.43, 29.54, 29.7, 29.82, 29.9, 29.95], [29.72, 29.72, 29.72, 29.68, 29.68, 29.67, 29.67, 29.66, 29.49, 29.46, 29.4, 29.32, 29.13, 29.66, 29.7, 29.79, 29.89, 29.97, 30.03, 30.05], [29.69, 29.69, 29.69, 29.69, 29.69, 29.69, 29.68, 29.98, 29.5, 29.48, 29.43, 29.37, 29.25, 29.84, 29.9, 29.97, 30.04, 30.11, 30.16, 30.16], [29.7, 29.7, 29.7, 30.13, 30.11, 30.09, 30.06, 30.05, 30.04, 30.05, 30.08, 29.64, 30.26, 29.98, 30.04, 30.09, 30.09, 30.23, 30.3, 30.27], [30.19, 30.18, 30.17, 30.16, 30.15, 30.13, 30.11, 30.08, 30.05, 30.04, 30.09, 30.1, 30.25, 30.32, 30.36, 30.2, 29.88, 30.52, 30.48, 30.37], [30.21, 30.21, 30.21, 30.2, 30.19, 30.18, 30.16, 30.11, 30.02, 29.94, 30.09, 30.14, 30.13, 30.33, 30.4, 30.48, 30.67, 31.0, 30.6, 30.43], [30.24, 30.24, 30.24, 30.24, 30.24, 30.23, 30.22, 30.18, 30.08, 29.99, 30.15, 30.24, 30.22, 30.34, 30.43, 30.77, 30.84, 30.91, 30.55, 30.43], [30.26, 30.27, 30.27, 30.28, 30.29, 30.29, 30.3, 30.3, 30.29, 30.33, 30.39, 30.4, 30.34, 30.89, 30.84, 30.82, 30.84, 30.85, 30.85, 30.83], [30.28, 30.29, 30.3, 30.32, 30.33, 30.36, 30.39, 30.44, 30.52, 30.65, 30.73, 30.99, 31.0, 31.05, 30.89, 30.86, 30.85, 30.85, 30.84, 30.83], [30.3, 30.32, 30.33, 30.35, 30.38, 30.41, 30.47, 30.55, 30.7, 30.94, 31.28, 31.12, 31.06, 31.07, 30.93, 30.89, 30.87, 30.86, 30.85, 30.84], [30.32, 30.34, 30.35, 30.38, 30.41, 30.45, 30.52, 30.61, 31.01, 31.15, 31.23, 31.14, 31.09, 31.08, 30.95, 30.91, 30.89, 30.87, 30.86, 30.85], [30.34, 30.35, 30.37, 30.4, 30.43, 30.48, 30.54, 30.62, 31.02, 31.09, 31.12, 31.11, 31.09, 31.08, 30.97, 30.93, 30.9, 30.88, 30.87, 30.86], [30.35, 30.37, 30.39, 30.42, 30.45, 30.49, 30.54, 30.97, 31.01, 31.05, 31.08, 31.08, 31.08, 31.08, 30.97, 30.94, 30.91, 30.9, 30.88, 30.87]]}]