awsData/contour/wdir_2023092410.json
[{"header": {"refTime": "2023-09-24T10:00:00.000Z", "nx": 21, "ny": 33, "lo1": 113.509, "la1": 22.2235, "lo2": 113.5947, "la2": 22.1034, "dx": 0.0042850000000001385, "dy": 0.003753125000000024, "parameterCategory": 2, "parameterCategoryName": "Temperature", "parameterNumber": 2}, "data": [-2.75, -2.75, -2.75, -2.47, -2.46, -2.76, -2.71, -2.66, -2.64, -2.14, -2.13, -2.12, -2.0, -1.98, -2.48, -2.49, -2.06, -2.07, -2.07, -2.07, -2.76, -2.76, -2.75, -2.74, -2.47, -2.45, -2.69, -2.61, -2.55, -2.16, -2.14, -2.14, -2.02, -2.0, -2.49, -2.07, -2.08, -2.08, -2.09, -2.09, -2.76, -2.76, -2.76, -2.76, -2.49, -2.47, -2.43, -2.56, -2.36, -2.17, -2.14, -2.15, -2.05, -2.02, -2.08, -2.08, -2.09, -2.11, -2.11, -2.11, -2.76, -2.77, -2.77, -2.77, -2.77, -2.5, -2.47, -2.42, -2.37, -2.13, -2.12, -2.18, -2.13, -1.84, -2.09, -2.1, -2.12, -2.14, -2.14, -2.13, -2.76, -2.77, -2.78, -2.79, -2.81, -2.56, -2.55, -2.52, -2.46, -2.03, -2.07, -1.91, -2.26, -1.91, -2.08, -2.11, -2.16, -2.19, -2.19, -2.16, -2.76, -2.77, -2.78, -2.8, -2.83, -2.88, -2.66, -2.67, -2.58, -2.38, -1.51, -1.72, -1.97, -2.2, -2.03, -2.12, -2.23, -2.28, -2.25, -2.2, -3.68, -2.76, -2.77, -2.79, -2.84, -2.92, -2.76, -2.93, -2.87, -2.0, -1.57, -1.34, -1.91, -2.07, -1.95, -2.13, -2.35, -2.43, -2.71, -2.74, -3.67, -3.64, -3.59, -3.56, -3.56, -2.62, -2.78, -3.13, -3.37, -1.98, -1.32, -1.29, -1.37, -2.06, -2.21, -2.32, -2.45, -2.5, -2.43, -2.38, -3.67, -3.63, -3.56, -3.48, -3.42, -3.46, -3.63, -2.87, -3.45, -2.04, -1.59, -1.8, -2.34, -2.08, -2.29, -2.33, -2.39, -2.41, -2.4, -2.37, -4.15, -4.08, -3.98, -3.42, -3.22, -3.11, -3.46, -3.85, -3.68, -3.4, -1.81, -2.14, -2.61, -2.23, -2.35, -2.34, -2.35, -2.37, -2.36, -2.35, -4.17, -4.11, -4.01, -3.82, -3.43, -2.29, -3.73, -4.48, -4.37, -3.89, -3.44, -2.06, -2.19, -2.13, -2.36, -2.34, -2.34, -2.34, -2.34, -2.34, -4.22, -4.17, -4.1, -3.98, -3.8, -3.7, -4.27, -4.93, -5.18, -5.12, -3.73, -3.3, -3.13, -2.03, -2.35, -2.33, -2.33, -2.53, -2.51, -2.5, -4.27, -4.24, -4.22, -4.21, -4.26, -4.51, -4.9, -5.04, -5.14, -4.95, -4.95, -3.46, -3.27, -2.01, -1.98, -2.5, -2.47, -2.46, -2.45, -2.45, -4.32, -4.32, -4.34, -4.39, -4.53, -4.84, -5.35, -5.05, -4.97, -4.9, -5.0, -3.66, -3.42, -3.24, -1.89, -2.36, -2.36, -2.37, -2.39, -2.4, -4.37, -4.39, -4.42, -4.49, -4.62, -4.82, -4.97, -4.28, -4.0, -3.77, -3.59, -2.13, -3.21, -3.0, -2.87, -2.21, -2.24, -2.28, -2.31, -2.34, -4.41, -4.43, -2.59, -2.68, -2.79, -3.75, -3.7, -3.49, -3.26, -3.13, -1.83, -1.8, -1.75, -1.27, -1.33, -2.08, -2.16, -2.24, -2.11, -2.16, -2.38, -2.39, -2.41, -2.42, -3.27, -3.13, -2.86, -2.51, -2.28, -2.33, -1.38, -1.51, -1.56, -1.56, -1.28, -1.83, -1.97, -2.07, -2.15, -2.2, -2.27, -2.26, -2.22, -2.15, -2.86, -2.55, -2.04, -1.36, -1.0, -0.66, -1.02, -1.28, -1.43, -1.24, -1.43, -1.79, -1.98, -2.11, -2.19, -2.24, -2.17, -2.13, -2.05, -2.79, -2.54, -2.12, -1.45, -0.34, 0.78, -0.18, -0.38, -0.75, -0.95, -1.2, -1.76, -1.9, -2.06, -2.17, -2.24, -2.28, -2.08, -2.02, -2.23, -2.08, -1.86, -1.52, -1.02, -0.3, 0.49, -0.01, -0.49, -0.81, -0.94, -1.17, -2.01, -2.09, -2.19, -2.27, -2.32, -2.34, -2.36, -2.28, -2.18, -2.05, -1.86, -1.6, -1.28, -0.94, -0.25, -0.47, -0.75, -0.97, -0.98, -2.17, -2.21, -2.27, -2.34, -2.39, -2.4, -2.41, -2.33, -2.26, -2.18, -2.07, -1.93, -1.77, -1.61, -0.6, -0.86, -0.99, -1.12, -1.2, -2.49, -2.3, -2.35, -2.42, -2.48, -2.5, -2.49, -2.47, -2.32, -2.26, -2.2, -0.79, -0.82, -0.86, -0.94, -1.06, -1.21, -1.31, -1.29, -1.84, -2.96, -2.38, -2.45, -2.54, -2.61, -2.6, -2.56, -2.52, -0.81, -0.83, -0.86, -0.9, -0.96, -1.06, -1.22, -1.46, -1.77, -1.92, -1.72, -2.43, -2.97, -2.91, -2.85, -2.6, -2.73, -2.67, -2.6, -2.55, -0.86, -0.88, -0.92, -0.98, -1.06, -1.19, -1.4, -1.72, -2.27, -2.72, -2.08, -2.39, -2.29, -2.91, -2.86, -2.81, -2.66, -2.66, -2.6, -2.56, -0.89, -0.92, -0.97, -1.03, -1.12, -1.25, -1.44, -1.75, -2.24, -2.63, -2.49, -2.24, -2.16, -2.92, -2.87, -2.36, -2.47, -2.49, -2.58, -2.55, -0.91, -0.95, -1.0, -1.06, -1.14, -1.24, -1.38, -1.56, -1.75, -1.78, -2.03, -1.94, -1.96, -1.85, -2.06, -2.22, -2.33, -2.37, -2.36, -2.34, -0.93, -0.96, -1.01, -1.06, -1.12, -1.19, -1.27, -1.33, -1.31, -1.57, -1.4, -1.52, -1.71, -1.86, -1.92, -2.08, -2.19, -2.25, -2.27, -2.27, -0.94, -0.97, -1.01, -1.05, -1.09, -1.13, -1.16, -1.14, -1.02, -1.03, -0.6, -1.17, -1.52, -1.74, -1.8, -1.96, -2.08, -2.15, -2.18, -2.19, -0.94, -0.97, -1.0, -1.03, -1.05, -1.07, -1.07, -1.03, -1.37, -1.0, -0.78, -1.13, -1.45, -1.67, -1.71, -1.87, -1.98, -2.06, -2.1, -2.13, -0.94, -0.96, -0.99, -1.01, -1.02, -1.03, -1.02, -0.97, -1.41, -1.23, -1.16, -1.29, -1.48, -1.65, -1.66, -1.8, -1.91, -1.99, -2.04, -2.07, -0.94, -0.96, -0.97, -0.99, -1.0, -1.0, -0.98, -1.6, -1.5, -1.4, -1.38, -1.44, -1.55, -1.67, -1.64, -1.76, -1.86, -1.93, -1.98, -2.02]}, {"header": {"refTime": "2023-09-24T10:00:00.000Z", "nx": 21, "ny": 33, "lo1": 113.509, "la1": 22.2235, "lo2": 113.5947, "la2": 22.1034, "dx": 0.0042850000000001385, "dy": 0.003753125000000024, "parameterCategory": 2, "parameterCategoryName": "Temperature", "parameterNumber": 3}, "data": [-0.82, -0.79, -0.77, -0.73, -0.7, -0.57, -0.55, -0.52, -0.53, -0.83, -0.92, -1.01, -1.41, -1.48, -1.83, -1.96, -2.87, -2.93, -2.98, -3.01, -0.83, -0.81, -0.78, -0.74, -0.7, -0.66, -0.52, -0.47, -0.44, -0.74, -0.9, -1.03, -1.43, -1.51, -1.87, -2.8, -2.89, -2.97, -3.02, -3.05, -0.85, -0.83, -0.8, -0.76, -0.71, -0.67, -0.6, -0.42, -0.26, -0.66, -0.93, -1.09, -1.48, -1.55, -2.65, -2.81, -2.94, -3.03, -3.09, -3.11, -0.88, -0.86, -0.83, -0.8, -0.75, -0.7, -0.64, -0.56, -0.47, -0.8, -1.03, -1.18, -1.53, -1.91, -2.62, -2.85, -3.02, -3.13, -3.17, -3.18, -0.91, -0.89, -0.87, -0.84, -0.8, -0.74, -0.71, -0.69, -0.71, -1.03, -1.18, -1.85, -1.61, -1.87, -2.64, -2.94, -3.16, -3.28, -3.3, -3.27, -0.94, -0.94, -0.92, -0.9, -0.86, -0.81, -0.77, -0.79, -0.85, -0.97, -2.08, -1.99, -1.84, -2.26, -2.76, -3.09, -3.38, -3.51, -3.45, -3.36, -1.12, -0.99, -0.99, -0.97, -0.95, -0.89, -1.22, -0.79, -0.86, -1.68, -1.96, -2.29, -2.63, -2.58, -2.92, -3.25, -3.68, -3.84, -3.59, -3.43, -1.14, -1.15, -1.16, -1.27, -1.24, -1.36, -1.23, -0.98, -0.85, -1.65, -1.92, -2.89, -3.04, -2.83, -3.53, -3.7, -3.91, -3.98, -3.87, -3.8, -1.15, -1.17, -1.2, -1.23, -1.34, -1.3, -1.17, -1.16, -0.99, -1.68, -2.61, -2.92, -3.1, -3.01, -3.5, -3.64, -3.77, -3.83, -3.8, -3.76, -1.31, -1.33, -1.36, -1.28, -1.38, -1.5, -1.35, -1.16, -1.09, -1.18, -2.77, -2.95, -3.09, -3.01, -3.49, -3.59, -3.68, -3.73, -3.73, -3.72, -1.3, -1.32, -1.35, -1.4, -1.52, -1.87, -1.45, -1.26, -1.15, -1.15, -2.13, -2.91, -2.97, -2.96, -3.49, -3.56, -3.62, -3.66, -3.68, -3.68, -1.28, -1.29, -1.31, -1.35, -1.4, -1.43, -1.28, -1.16, -1.13, -1.45, -2.0, -2.59, -2.71, -2.92, -3.49, -3.54, -3.59, -3.43, -3.44, -3.44, -1.26, -1.27, -1.27, -1.27, -1.25, -1.15, -1.02, -1.08, -1.11, -1.13, -1.6, -2.46, -2.59, -3.03, -3.01, -3.28, -3.31, -3.34, -3.36, -3.37, -1.25, -1.24, -1.23, -1.21, -1.15, -1.02, -0.79, -1.0, -1.09, -1.12, -1.53, -2.21, -2.32, -2.38, -2.95, -3.18, -3.21, -3.25, -3.28, -3.3, -1.23, -1.22, -1.21, -1.18, -1.13, -1.05, -0.99, -0.61, -0.59, -0.56, -0.54, -1.18, -2.31, -2.37, -2.4, -3.07, -3.11, -3.16, -3.2, -3.24, -1.22, -1.21, -0.79, -0.77, -0.74, -0.51, -0.5, -0.48, -0.45, -0.44, -1.01, -1.2, -1.42, -2.06, -2.14, -2.59, -2.59, -2.59, -2.83, -2.85, -0.76, -0.75, -0.73, -0.69, -0.44, -0.41, -0.37, -0.31, -0.28, -0.29, -0.93, -1.2, -1.51, -1.83, -2.12, -2.41, -2.38, -2.35, -2.33, -2.32, -0.72, -0.7, -0.67, -0.62, -0.37, -0.31, -0.23, -0.11, -0.05, -0.43, -0.74, -1.17, -1.55, -2.09, -2.46, -2.42, -2.37, -2.34, -2.32, -2.31, -0.69, -0.66, -0.62, -0.36, -0.31, -0.24, -0.12, 0.07, 0.18, -0.27, -0.84, -1.21, -1.65, -1.97, -2.43, -2.39, -2.35, -2.32, -2.3, -2.29, -0.66, -0.63, -0.52, -0.49, -0.44, -0.36, -0.24, -0.06, -0.13, -0.48, -0.85, -1.17, -1.56, -1.8, -2.36, -2.34, -2.32, -2.3, -2.28, -2.28, -0.58, -0.57, -0.55, -0.52, -0.49, -0.44, -0.36, -0.28, -0.55, -0.72, -0.95, -1.17, -1.51, -2.32, -2.31, -2.29, -2.28, -2.27, -2.26, -2.26, -0.6, -0.59, -0.58, -0.57, -0.56, -0.54, -0.52, -0.74, -0.85, -0.95, -1.08, -1.21, -2.09, -2.29, -2.27, -2.25, -2.24, -2.23, -2.24, -2.25, -0.62, -0.62, -0.62, -0.95, -0.95, -0.94, -0.95, -0.98, -1.03, -1.08, -1.1, -1.17, -1.97, -2.27, -2.25, -2.22, -2.2, -2.21, -2.22, -2.24, -1.03, -1.02, -1.03, -1.03, -1.04, -1.06, -1.11, -1.17, -1.26, -1.31, -1.28, -1.83, -1.96, -2.02, -2.07, -2.21, -2.15, -2.2, -2.22, -2.23, -1.06, -1.07, -1.08, -1.1, -1.12, -1.16, -1.22, -1.31, -1.43, -1.52, -1.42, -1.82, -1.87, -2.01, -2.07, -2.11, -2.21, -2.22, -2.22, -2.23, -1.1, -1.11, -1.13, -1.16, -1.19, -1.24, -1.3, -1.38, -1.48, -1.54, -1.77, -1.83, -1.87, -2.0, -2.06, -2.15, -2.17, -2.17, -2.23, -2.23, -1.13, -1.15, -1.17, -1.2, -1.24, -1.29, -1.35, -1.42, -1.49, -1.53, -1.83, -1.86, -1.88, -2.11, -2.13, -2.14, -2.15, -2.16, -2.16, -2.15, -1.16, -1.18, -1.21, -1.24, -1.28, -1.33, -1.4, -1.47, -1.54, -1.87, -1.89, -1.92, -1.93, -1.96, -2.12, -2.13, -2.14, -2.15, -2.15, -2.15, -1.18, -1.21, -1.24, -1.27, -1.31, -1.36, -1.43, -1.5, -1.6, -1.92, -1.96, -1.94, -1.94, -1.96, -2.11, -2.12, -2.13, -2.14, -2.14, -2.14, -1.2, -1.23, -1.26, -1.29, -1.33, -1.38, -1.44, -1.52, -1.92, -1.94, -1.96, -1.95, -1.95, -1.96, -2.1, -2.11, -2.12, -2.13, -2.13, -2.13, -1.22, -1.24, -1.27, -1.31, -1.34, -1.39, -1.44, -1.51, -1.92, -1.94, -1.94, -1.95, -1.95, -1.96, -2.1, -2.11, -2.12, -2.12, -2.13, -2.13, -1.23, -1.25, -1.28, -1.31, -1.35, -1.39, -1.44, -1.92, -1.92, -1.93, -1.94, -1.94, -1.95, -1.96, -2.09, -2.1, -2.11, -2.12, -2.12, -2.12]}, {"header": {"refTime": "2023-09-24T10:00:00.000Z", "nx": 21, "ny": 33, "lo1": 113.509, "la1": 22.2235, "lo2": 113.5947, "la2": 22.1034, "dx": 0.0042850000000001385, "dy": 0.003753125000000024, "parameterCategory": 0, "parameterCategoryName": "Temperature", "parameterNumber": 0}, "data": [[30.01, 30.01, 30.03, 29.79, 29.82, 30.01, 30.05, 30.09, 30.1, 29.98, 29.91, 29.84, 30.02, 30.0, 30.13, 30.14, 30.03, 30.05, 30.06, 30.07], [30.0, 30.01, 30.02, 30.04, 29.82, 29.88, 30.07, 30.16, 30.2, 30.06, 29.92, 29.82, 29.99, 29.97, 30.1, 30.0, 30.04, 30.06, 30.08, 30.09], [29.99, 30.0, 30.01, 30.02, 29.8, 29.86, 29.96, 30.21, 30.43, 30.12, 29.9, 29.78, 29.94, 29.92, 29.96, 30.01, 30.05, 30.08, 30.1, 30.11], [29.98, 29.98, 29.99, 30.0, 30.02, 29.81, 29.89, 30.02, 30.14, 30.01, 29.82, 29.71, 29.85, 29.57, 29.95, 30.02, 30.08, 30.12, 30.13, 30.14], [29.97, 29.97, 29.97, 29.97, 29.98, 29.74, 29.77, 29.81, 29.82, 29.8, 29.7, 29.56, 29.59, 29.58, 29.95, 30.05, 30.13, 30.17, 30.18, 30.17], [29.96, 29.96, 29.95, 29.95, 29.94, 29.93, 29.65, 29.63, 29.6, 29.54, 29.48, 29.55, 29.59, 29.73, 29.99, 30.1, 30.21, 30.26, 30.23, 30.2], [29.73, 29.95, 29.94, 29.93, 29.91, 29.88, 29.45, 29.51, 29.46, 29.33, 29.33, 29.56, 29.83, 29.8, 30.03, 30.16, 30.32, 30.38, 30.33, 30.28], [29.74, 29.75, 29.75, 29.74, 29.73, 29.54, 29.48, 29.42, 29.39, 29.3, 29.15, 29.69, 29.7, 29.8, 30.31, 30.26, 30.37, 30.41, 30.35, 30.3], [29.66, 29.67, 29.77, 29.78, 29.78, 29.76, 29.69, 29.46, 29.27, 29.36, 29.38, 29.53, 29.6, 29.51, 30.3, 30.24, 30.3, 30.33, 30.31, 30.29], [30.0, 30.0, 30.0, 29.72, 29.76, 29.86, 29.79, 29.69, 29.17, 29.19, 29.61, 29.44, 29.49, 29.47, 30.3, 30.22, 30.26, 30.28, 30.28, 30.27], [30.0, 30.0, 30.0, 30.0, 30.0, 30.0, 30.0, 30.0, 29.79, 29.26, 29.0, 29.38, 29.43, 29.43, 30.31, 30.2, 30.23, 30.25, 30.25, 30.25], [30.0, 30.0, 30.0, 30.0, 30.0, 30.0, 30.0, 30.0, 30.0, -999.0, 29.0, 30.0, 30.0, 29.4, 30.31, 30.19, 30.2, 30.84, 30.83, 30.83], [30.0, 30.0, 30.0, 30.0, 30.0, 30.0, 30.0, 30.0, 30.0, 30.0, -999.0, 30.0, 30.0, 30.72, 30.4, 30.72, 30.71, 30.79, 30.78, 30.77], [30.0, 30.0, 30.0, 30.0, 30.0, 30.0, 30.0, 30.0, 30.0, 30.0, -999.0, 31.1, 31.1, 31.1, 30.5, 30.77, 30.76, 30.83, 30.82, 30.81], [30.0, 30.0, 30.0, 30.0, 30.0, 30.0, 30.0, 30.1, 30.1, 30.1, 30.1, 30.48, 31.1, 31.1, 31.1, 30.83, 30.81, 30.88, 30.86, 30.84], [30.0, 30.0, 30.06, 30.06, 30.07, 30.1, 30.1, 30.1, 30.1, 30.1, 30.73, 30.66, 30.75, 30.84, 30.74, 30.37, 30.26, 30.45, 30.4, 30.35], [30.06, 30.06, 30.04, 30.04, 30.1, 30.1, 30.1, 30.1, 30.1, 30.1, 30.53, 30.65, 30.78, 30.9, 30.76, 30.65, 30.49, 30.36, 30.28, 30.21], [30.04, 30.04, 30.04, 30.04, 30.1, 30.1, 30.1, 30.1, 30.1, 30.35, 30.49, 30.64, 30.79, 30.76, 31.05, 30.7, 30.47, 30.33, 30.23, 30.17], [30.04, 30.04, 30.04, 30.1, 30.1, 30.1, 30.1, 30.1, 30.19, 30.29, 30.48, 30.61, 30.46, 30.63, 30.73, 30.56, 30.37, 30.24, 30.17, 30.12], [30.04, 30.04, 30.39, 30.37, 30.35, 30.33, 30.29, 30.18, 30.25, 30.36, 30.48, 30.59, 30.36, 30.43, 30.43, 30.33, 30.21, 30.12, 30.07, 30.05], [30.4, 30.4, 30.39, 30.31, 30.3, 30.28, 30.26, 30.24, 30.37, 30.43, 30.5, 30.58, 30.24, 30.24, 30.2, 30.11, 30.03, 29.98, 29.97, 29.98], [30.33, 30.33, 30.33, 30.32, 30.32, 30.32, 30.31, 30.24, 30.45, 30.49, 30.53, 30.58, 30.3, 30.09, 30.02, 29.92, 29.84, 29.84, 29.87, 29.91], [30.34, 30.34, 30.34, 30.23, 30.24, 30.25, 30.26, 30.28, 30.3, 30.31, 30.3, 30.06, 29.95, 29.99, 29.89, 29.76, 29.64, 29.7, 29.8, 29.86], [30.22, 30.22, 30.23, 30.24, 30.25, 30.26, 30.29, 30.32, 30.36, 30.38, 30.35, 30.06, 29.98, 29.86, 29.75, 29.69, 29.37, 29.69, 29.79, 29.84], [30.22, 30.22, 30.23, 30.24, 30.25, 30.27, 30.3, 30.34, 30.43, 30.5, 30.39, 30.09, 29.95, 29.88, 29.78, 29.7, 29.76, 29.87, 29.82, 29.85], [30.22, 30.22, 30.23, 30.24, 30.25, 30.26, 30.29, 30.33, 30.41, 30.48, 30.24, 30.09, 29.96, 29.91, 29.82, 29.67, 29.7, 29.73, 29.84, 29.86], [30.22, 30.22, 30.23, 30.23, 30.24, 30.25, 30.27, 30.29, 30.31, 30.31, 30.13, 30.04, 29.96, 29.71, 29.69, 29.69, 29.69, 29.7, 29.7, 29.69], [30.22, 30.22, 30.22, 30.22, 30.23, 30.23, 30.23, 30.23, 30.21, 30.06, 30.02, 30.14, 30.16, 30.16, 29.71, 29.7, 29.7, 29.7, 29.69, 29.69], [30.21, 30.21, 30.21, 30.21, 30.21, 30.21, 30.2, 30.18, 30.14, 29.98, 29.97, 30.07, 30.12, 30.15, 29.72, 29.71, 29.7, 29.7, 29.7, 29.69], [30.21, 30.21, 30.21, 30.21, 30.2, 30.2, 30.18, 30.16, 30.11, 30.04, 30.0, 30.06, 30.11, 30.13, 29.73, 29.72, 29.71, 29.7, 29.7, 29.7], [30.21, 30.2, 30.2, 30.2, 30.19, 30.19, 30.17, 30.15, 30.12, 30.08, 30.07, 30.08, 30.11, 30.13, 29.74, 29.72, 29.72, 29.71, 29.7, 29.7], [30.2, 30.2, 30.2, 30.19, 30.19, 30.18, 30.17, 30.15, 30.13, 30.11, 30.1, 30.11, 30.12, 30.14, 29.74, 29.73, 29.72, 29.71, 29.71, 29.7]]}]