awsData/contour/wdir_2023092422.json
[{"header": {"refTime": "2023-09-24T22:00:00.000Z", "nx": 21, "ny": 33, "lo1": 113.509, "la1": 22.2235, "lo2": 113.5947, "la2": 22.1034, "dx": 0.0042850000000001385, "dy": 0.003753125000000024, "parameterCategory": 2, "parameterCategoryName": "Temperature", "parameterNumber": 2}, "data": [-2.51, -2.51, -2.5, -2.43, -2.42, -2.73, -2.7, -2.68, -2.68, -2.62, -2.69, -2.76, -3.09, -3.13, -3.93, -4.05, -4.44, -4.5, -4.55, -4.58, -2.51, -2.51, -2.5, -2.5, -2.43, -2.42, -2.67, -2.61, -2.58, -2.58, -2.69, -2.79, -3.13, -3.17, -3.97, -4.38, -4.48, -4.55, -4.6, -4.63, -2.52, -2.51, -2.51, -2.5, -2.43, -2.42, -2.4, -2.55, -2.37, -2.53, -2.71, -2.86, -3.2, -3.23, -4.26, -4.41, -4.53, -4.63, -4.68, -4.7, -2.52, -2.52, -2.52, -2.51, -2.51, -2.44, -2.42, -2.39, -2.36, -2.59, -2.78, -2.98, -3.32, -3.3, -4.25, -4.45, -4.63, -4.74, -4.79, -4.79, -2.52, -2.52, -2.52, -2.52, -2.52, -2.46, -2.45, -2.44, -2.42, -2.66, -2.82, -3.3, -3.49, -3.34, -4.26, -4.54, -4.79, -4.93, -4.94, -4.9, -2.53, -2.53, -2.53, -2.53, -2.54, -2.55, -2.49, -2.5, -2.48, -2.44, -3.03, -3.22, -3.37, -3.82, -4.31, -4.69, -5.06, -5.22, -5.13, -5.01, -3.79, -2.53, -2.54, -2.54, -2.55, -2.57, -2.58, -2.57, -2.56, -2.66, -2.65, -3.08, -3.83, -3.9, -4.37, -4.84, -5.44, -5.67, -5.55, -5.39, -3.81, -3.76, -3.69, -3.56, -3.52, -2.55, -2.58, -2.65, -2.76, -2.61, -2.43, -3.4, -3.59, -4.01, -4.8, -5.15, -5.59, -5.75, -5.51, -5.35, -3.83, -3.78, -3.71, -3.61, -3.46, -3.45, -3.5, -2.6, -3.27, -2.69, -3.27, -3.72, -4.21, -3.97, -4.79, -5.05, -5.31, -5.43, -5.38, -5.29, -4.86, -4.78, -4.65, -3.62, -3.42, -3.26, -3.54, -3.83, -3.84, -3.67, -3.56, -3.94, -4.36, -4.06, -4.79, -4.96, -5.13, -5.22, -5.24, -5.21, -4.89, -4.81, -4.69, -4.47, -3.99, -2.62, -4.34, -5.21, -4.61, -4.27, -4.64, -3.85, -3.99, -3.95, -4.8, -4.91, -5.02, -5.1, -5.13, -5.13, -4.94, -4.89, -4.8, -4.67, -4.44, -4.33, -5.0, -5.73, -6.0, -6.19, -4.89, -4.98, -4.87, -3.85, -4.8, -4.88, -4.96, -5.01, -5.03, -5.03, -5.01, -4.98, -4.96, -4.94, -5.01, -5.33, -5.81, -5.91, -5.98, -5.77, -6.1, -5.08, -4.96, -4.04, -4.01, -4.78, -4.82, -4.86, -4.89, -4.91, -5.07, -5.08, -5.1, -5.17, -5.35, -5.75, -6.43, -5.97, -5.83, -5.73, -6.14, -5.07, -4.9, -4.76, -3.92, -4.61, -4.65, -4.71, -4.76, -4.8, -5.13, -5.16, -5.2, -5.29, -5.46, -5.71, -5.9, -5.3, -4.99, -4.74, -4.55, -3.39, -4.73, -4.58, -4.48, -4.4, -4.48, -4.56, -4.63, -4.69, -5.18, -5.21, -3.4, -3.51, -3.65, -4.76, -4.7, -4.49, -4.24, -4.1, -3.04, -3.1, -3.16, -2.93, -3.02, -3.83, -3.88, -3.93, -4.27, -4.34, -3.18, -3.21, -3.23, -3.25, -4.27, -4.12, -3.85, -3.48, -3.25, -3.29, -2.6, -2.84, -3.03, -3.17, -3.02, -3.34, -3.33, -3.32, -3.3, -3.29, -3.08, -3.08, -3.05, -2.99, -3.84, -3.53, -3.01, -2.31, -1.95, -1.83, -2.3, -2.62, -2.93, -2.97, -3.34, -3.35, -3.33, -3.31, -3.3, -3.29, -2.99, -2.95, -2.89, -3.77, -3.51, -3.09, -2.41, -1.28, -0.19, -1.3, -1.58, -2.08, -2.49, -2.87, -3.36, -3.34, -3.33, -3.31, -3.3, -3.29, -2.9, -2.84, -3.22, -3.06, -2.84, -2.49, -1.97, -1.24, -0.52, -1.1, -1.67, -2.1, -2.42, -2.73, -3.34, -3.33, -3.32, -3.31, -3.29, -3.28, -3.34, -3.26, -3.16, -3.02, -2.83, -2.56, -2.23, -1.88, -1.31, -1.58, -1.92, -2.21, -2.41, -3.32, -3.33, -3.33, -3.32, -3.31, -3.29, -3.27, -3.31, -3.24, -3.15, -3.03, -2.89, -2.73, -2.56, -1.73, -1.94, -2.1, -2.26, -2.4, -3.86, -3.31, -3.32, -3.34, -3.34, -3.31, -3.28, -3.25, -3.29, -3.23, -3.16, -2.03, -2.03, -2.06, -2.12, -2.22, -2.36, -2.46, -2.46, -2.82, -3.6, -3.3, -3.32, -3.36, -3.43, -3.33, -3.24, -3.23, -2.09, -2.11, -2.12, -2.15, -2.2, -2.29, -2.42, -2.63, -2.9, -3.03, -2.89, -3.73, -3.62, -3.52, -3.45, -3.35, -3.67, -3.19, -3.16, -3.19, -2.15, -2.18, -2.21, -2.26, -2.34, -2.45, -2.63, -2.91, -3.36, -3.72, -3.23, -3.7, -3.66, -3.52, -3.43, -3.34, -3.09, -2.87, -3.09, -3.16, -2.2, -2.23, -2.28, -2.34, -2.42, -2.55, -2.72, -2.98, -3.38, -3.68, -3.75, -3.62, -3.59, -3.52, -3.42, -3.06, -3.01, -2.97, -3.1, -3.15, -2.24, -2.28, -2.33, -2.39, -2.48, -2.58, -2.72, -2.89, -3.07, -3.12, -3.49, -3.45, -3.47, -2.94, -2.99, -3.01, -3.01, -3.0, -3.01, -3.02, -2.28, -2.32, -2.36, -2.42, -2.5, -2.58, -2.68, -2.77, -2.82, -3.23, -3.13, -2.97, -2.97, -2.95, -2.94, -2.98, -2.99, -3.0, -3.0, -3.01, -2.3, -2.34, -2.38, -2.44, -2.5, -2.57, -2.63, -2.68, -2.68, -2.92, -2.62, -2.82, -2.9, -2.92, -2.91, -2.95, -2.97, -2.98, -2.99, -3.0, -2.32, -2.35, -2.4, -2.44, -2.49, -2.54, -2.59, -2.62, -2.93, -2.77, -2.68, -2.79, -2.87, -2.9, -2.89, -2.92, -2.95, -2.97, -2.98, -2.99, -2.33, -2.36, -2.4, -2.44, -2.48, -2.52, -2.55, -2.58, -2.93, -2.85, -2.81, -2.84, -2.87, -2.9, -2.87, -2.91, -2.93, -2.95, -2.97, -2.97, -2.34, -2.37, -2.4, -2.43, -2.47, -2.5, -2.53, -2.99, -2.94, -2.9, -2.87, -2.88, -2.89, -2.9, -2.87, -2.9, -2.92, -2.94, -2.95, -2.97]}, {"header": {"refTime": "2023-09-24T22:00:00.000Z", "nx": 21, "ny": 33, "lo1": 113.509, "la1": 22.2235, "lo2": 113.5947, "la2": 22.1034, "dx": 0.0042850000000001385, "dy": 0.003753125000000024, "parameterCategory": 2, "parameterCategoryName": "Temperature", "parameterNumber": 3}, "data": [0.3, 0.3, 0.29, 0.5, 0.47, 0.46, 0.42, 0.39, 0.38, 0.49, 0.57, 0.65, 1.0, 1.06, 1.57, 1.69, 2.41, 2.47, 2.52, 2.55, 0.31, 0.3, 0.29, 0.28, 0.48, 0.43, 0.39, 0.31, 0.27, 0.41, 0.56, 0.68, 1.04, 1.1, 1.6, 2.34, 2.44, 2.52, 2.57, 2.6, 0.31, 0.31, 0.3, 0.29, 0.49, 0.45, 0.37, 0.25, 0.03, 0.35, 0.58, 0.74, 1.09, 1.14, 2.21, 2.36, 2.49, 2.58, 2.63, 2.66, 0.32, 0.31, 0.31, 0.31, 0.3, 0.48, 0.43, 0.33, 0.23, 0.46, 0.67, 0.84, 1.16, 1.41, 2.18, 2.4, 2.57, 2.68, 2.73, 2.73, 0.32, 0.32, 0.32, 0.32, 0.32, 0.54, 0.51, 0.48, 0.48, 0.64, 0.79, 1.38, 1.27, 1.4, 2.2, 2.49, 2.72, 2.84, 2.86, 2.83, 0.33, 0.33, 0.33, 0.34, 0.35, 0.36, 0.6, 0.62, 0.65, 0.69, 1.45, 1.44, 1.38, 1.7, 2.29, 2.64, 2.96, 3.09, 3.02, 2.92, 1.0, 0.33, 0.34, 0.35, 0.36, 0.39, 0.73, 0.71, 0.75, 1.23, 1.34, 1.6, 1.93, 1.9, 2.42, 2.79, 3.28, 3.46, 3.18, 3.0, 1.0, 0.98, 0.95, 1.09, 1.07, 0.65, 0.7, 0.77, 0.92, 1.19, 1.21, 2.0, 2.13, 2.05, 2.79, 3.06, 3.41, 3.53, 3.34, 3.22, 1.01, 0.98, 0.94, 0.89, 1.01, 1.01, 1.08, 0.73, 1.26, 1.24, 1.75, 2.02, 2.18, 2.1, 2.73, 2.96, 3.18, 3.27, 3.23, 3.17, 1.62, 1.57, 1.49, 0.88, 0.77, 0.83, 1.05, 1.3, 1.61, 1.56, 1.89, 2.05, 2.18, 2.1, 2.7, 2.87, 3.02, 3.1, 3.12, 3.1, 1.63, 1.58, 1.51, 1.38, 1.1, 0.29, 1.35, 1.94, 1.8, 1.87, 2.18, 2.01, 2.06, 2.06, 2.7, 2.82, 2.93, 3.0, 3.03, 3.03, 1.66, 1.62, 1.57, 1.48, 1.35, 1.29, 1.72, 2.31, 2.56, 2.7, 2.29, 2.52, 2.48, 2.02, 2.71, 2.8, 2.87, 2.39, 2.41, 2.41, 1.69, 1.67, 1.65, 1.63, 1.65, 1.8, 2.06, 2.32, 2.49, 2.3, 2.62, 2.56, 2.52, 1.72, 1.67, 2.09, 2.14, 2.19, 2.23, 2.26, 1.72, 1.72, 1.72, 1.75, 1.83, 2.0, 2.24, 2.21, 2.25, 2.22, 2.61, 1.99, 1.85, 1.73, 1.49, 1.86, 1.92, 1.99, 2.06, 2.11, 1.76, 1.76, 1.78, 1.82, 1.9, 2.0, 2.1, 2.38, 2.39, 2.38, 2.36, 1.61, 1.66, 1.52, 1.43, 1.6, 1.69, 1.8, 1.89, 1.97, 1.79, 1.8, 1.43, 1.47, 1.53, 2.29, 2.28, 2.28, 2.27, 2.26, 1.64, 1.48, 1.29, 0.97, 0.91, 1.18, 1.31, 1.43, 1.93, 2.05, 1.4, 1.42, 1.44, 1.48, 2.24, 2.21, 2.18, 2.14, 2.11, 2.13, 1.53, 1.37, 1.14, 0.88, 0.74, 0.85, 1.04, 1.2, 1.3, 1.38, 1.41, 1.43, 1.45, 1.48, 2.18, 2.14, 2.06, 1.96, 1.91, 1.46, 1.33, 1.3, 1.06, 0.74, 0.36, 0.79, 1.07, 1.24, 1.36, 1.43, 1.42, 1.44, 1.46, 2.18, 2.14, 2.08, 1.98, 1.81, 1.55, 1.46, 0.92, 0.75, 1.12, 0.91, 0.75, 0.95, 1.19, 1.35, 1.44, 1.5, 1.43, 1.44, 1.4, 1.4, 1.4, 1.41, 1.42, 1.45, 1.28, 1.09, 0.89, 0.75, 1.26, 1.17, 1.12, 1.24, 1.39, 1.49, 1.55, 1.58, 1.36, 1.35, 1.35, 1.34, 1.33, 1.32, 1.32, 1.33, 1.02, 0.93, 0.81, 0.71, 1.42, 1.35, 1.41, 1.51, 1.61, 1.67, 1.68, 1.67, 1.32, 1.3, 1.29, 1.27, 1.25, 1.22, 1.2, 0.92, 0.81, 0.76, 0.7, 0.65, 1.07, 1.53, 1.63, 1.75, 1.85, 1.85, 1.8, 1.75, 1.28, 1.26, 1.24, 0.83, 0.82, 0.81, 0.79, 0.76, 0.71, 0.68, 0.68, 1.27, 1.4, 1.66, 1.79, 1.96, 2.13, 2.03, 1.88, 1.8, 0.81, 0.81, 0.8, 0.79, 0.77, 0.74, 0.7, 0.62, 0.53, 0.49, 0.54, 0.96, 1.34, 1.58, 1.8, 2.04, 2.51, 2.01, 1.88, 1.82, 0.8, 0.79, 0.78, 0.76, 0.73, 0.69, 0.63, 0.53, 0.38, 0.25, 0.43, 0.88, 1.15, 1.54, 1.75, 1.91, 1.9, 1.71, 1.82, 1.8, 0.78, 0.77, 0.76, 0.74, 0.71, 0.67, 0.61, 0.52, 0.38, 0.26, 0.6, 0.86, 1.09, 1.49, 1.67, 1.89, 1.88, 1.84, 1.8, 1.79, 0.77, 0.76, 0.74, 0.72, 0.7, 0.66, 0.61, 0.56, 0.5, 0.48, 0.73, 0.88, 1.06, 1.65, 1.75, 1.81, 1.84, 1.84, 1.84, 1.85, 0.76, 0.75, 0.73, 0.72, 0.69, 0.67, 0.64, 0.61, 0.6, 0.77, 0.82, 0.66, 0.69, 0.74, 1.67, 1.74, 1.79, 1.8, 1.81, 1.82, 0.75, 0.74, 0.73, 0.71, 0.7, 0.68, 0.66, 0.65, 0.67, 0.82, 0.76, 0.71, 0.71, 0.74, 1.61, 1.69, 1.74, 1.77, 1.78, 1.79, 0.75, 0.74, 0.73, 0.72, 0.7, 0.69, 0.68, 0.68, 0.67, 0.71, 0.75, 0.72, 0.72, 0.74, 1.56, 1.64, 1.69, 1.73, 1.75, 1.76, 0.75, 0.74, 0.73, 0.72, 0.71, 0.7, 0.69, 0.69, 0.67, 0.7, 0.72, 0.72, 0.72, 0.74, 1.54, 1.61, 1.66, 1.7, 1.72, 1.74, 0.75, 0.74, 0.73, 0.72, 0.71, 0.71, 0.7, 0.66, 0.68, 0.69, 0.71, 0.71, 0.72, 0.74, 1.53, 1.59, 1.64, 1.67, 1.7, 1.72]}, {"header": {"refTime": "2023-09-24T22:00:00.000Z", "nx": 21, "ny": 33, "lo1": 113.509, "la1": 22.2235, "lo2": 113.5947, "la2": 22.1034, "dx": 0.0042850000000001385, "dy": 0.003753125000000024, "parameterCategory": 0, "parameterCategoryName": "Temperature", "parameterNumber": 0}, "data": [[29.04, 29.04, 29.03, 28.81, 28.82, 29.07, 29.07, 29.08, 29.09, 29.0, 28.99, 28.99, 29.2, 29.21, 29.13, 29.11, 29.13, 29.12, 29.11, 29.11], [29.04, 29.03, 29.03, 29.03, 28.82, 28.84, 29.07, 29.08, 29.09, 29.01, 29.0, 29.0, 29.21, 29.22, 29.13, 29.14, 29.13, 29.11, 29.11, 29.1], [29.04, 29.03, 29.03, 29.03, 28.81, 28.84, 28.88, 29.08, 29.1, 29.02, 29.0, 29.01, 29.22, 29.23, 29.16, 29.14, 29.12, 29.1, 29.1, 29.09], [29.04, 29.04, 29.03, 29.03, 29.03, 28.82, 28.85, 28.9, 28.95, 28.99, 28.99, 29.04, 29.24, 29.08, 29.16, 29.13, 29.1, 29.09, 29.08, 29.08], [29.04, 29.04, 29.03, 29.03, 29.02, 28.79, 28.81, 28.82, 28.82, 28.92, 28.95, 29.08, 29.21, 29.11, 29.16, 29.12, 29.08, 29.06, 29.06, 29.06], [29.04, 29.04, 29.04, 29.03, 29.02, 29.01, 28.77, 28.76, 28.74, 28.69, 28.89, 29.02, 29.13, 29.27, 29.15, 29.09, 29.04, 29.02, 29.03, 29.05], [29.02, 29.04, 29.04, 29.04, 29.03, 29.01, 28.77, 28.74, 28.71, 28.65, 28.63, 28.93, 29.24, 29.25, 29.13, 29.07, 28.99, 28.96, 28.97, 29.0], [29.03, 29.03, 29.03, 29.03, 29.02, 28.84, 28.8, 28.77, 28.77, 28.61, 28.45, 28.92, 28.93, 29.25, 29.01, 29.04, 28.98, 28.95, 28.99, 29.02], [28.97, 28.98, 29.05, 29.05, 29.06, 29.04, 28.99, 28.79, 28.64, 28.67, 28.65, 28.78, 28.84, 28.76, 29.02, 29.06, 29.02, 29.0, 29.01, 29.03], [29.2, 29.2, 29.2, 29.01, 29.04, 29.11, 29.06, 28.99, 28.52, 28.54, 28.85, 28.7, 28.74, 28.72, 29.02, 29.07, 29.04, 29.03, 29.03, 29.04], [29.2, 29.2, 29.2, 29.2, 29.2, 29.2, 29.2, 29.2, 29.06, 28.63, 28.3, 28.64, 28.68, 28.69, 29.02, 29.08, 29.06, 29.05, 29.05, 29.05], [29.2, 29.2, 29.2, 29.2, 29.2, 29.2, 29.2, 29.2, 29.2, -999.0, 28.3, 29.2, 29.2, 28.66, 29.01, 29.09, 29.08, 28.33, 28.35, 28.35], [29.2, 29.2, 29.2, 29.2, 29.2, 29.2, 29.2, 29.2, 29.2, 29.2, -999.0, 29.2, 29.2, 28.35, 28.72, 28.54, 28.54, 28.42, 28.44, 28.45], [29.2, 29.2, 29.2, 29.2, 29.2, 29.2, 29.2, 29.2, 29.2, 29.2, -999.0, 27.9, 27.9, 27.9, 28.61, 28.45, 28.47, 28.34, 28.37, 28.39], [29.2, 29.2, 29.2, 29.2, 29.2, 29.2, 29.2, 29.2, 29.2, 29.2, 29.2, 28.7, 27.9, 27.9, 27.9, 28.36, 28.39, 28.27, 28.31, 28.34], [29.2, 29.2, 29.2, 29.2, 29.2, 29.2, 29.2, 29.2, 29.2, 29.2, 28.38, 28.47, 28.35, 28.24, 28.36, 28.19, 28.24, 28.16, 28.38, 28.41], [29.2, 29.2, 29.2, 29.2, 29.2, 29.2, 29.2, 29.2, 29.2, 29.2, 28.64, 28.48, 28.31, 28.15, 28.14, 28.11, 28.18, 28.24, 28.28, 28.31], [29.2, 29.2, 29.2, 29.2, 29.2, 29.2, 29.2, 29.2, 29.2, 28.87, 28.7, 28.5, 28.3, 28.16, 27.94, 28.09, 28.19, 28.26, 28.3, 28.33], [29.2, 29.2, 29.2, 29.2, 29.2, 29.2, 29.2, 29.2, 29.08, 28.95, 28.77, 28.61, 28.4, 28.24, 28.07, 28.15, 28.23, 28.3, 28.33, 28.35], [29.2, 29.2, 29.03, 29.04, 29.05, 29.06, 29.09, 29.15, 29.04, 28.92, 28.78, 28.64, 28.47, 28.36, 28.21, 28.25, 28.31, 28.35, 28.37, 28.39], [29.02, 29.02, 29.03, 29.08, 29.08, 29.09, 29.1, 29.11, 28.93, 28.87, 28.78, 28.68, 28.52, 28.29, 28.31, 28.35, 28.39, 28.41, 28.42, 28.42], [29.06, 29.06, 29.06, 29.07, 29.07, 29.07, 29.07, 29.11, 28.87, 28.83, 28.77, 28.7, 28.48, 28.36, 28.39, 28.44, 28.47, 28.48, 28.47, 28.45], [29.05, 29.05, 29.05, 29.12, 29.11, 29.11, 29.1, 29.09, 29.08, 29.07, 29.08, 28.94, 28.71, 28.41, 28.45, 28.5, 28.55, 28.54, 28.5, 28.48], [29.12, 29.12, 29.12, 29.11, 29.11, 29.1, 29.08, 29.06, 29.04, 29.03, 29.05, 28.95, 28.72, 28.69, 28.66, 28.54, 28.63, 28.56, 28.52, 28.49], [29.12, 29.12, 29.12, 29.11, 29.1, 29.09, 29.08, 29.05, 29.0, 28.96, 29.02, 28.96, 28.95, 28.69, 28.66, 28.64, 28.55, 28.53, 28.52, 28.5], [29.12, 29.12, 29.12, 29.11, 29.11, 29.1, 29.08, 29.05, 29.01, 28.97, 28.98, 28.99, 28.98, 28.69, 28.67, 28.7, 28.66, 28.65, 28.51, 28.49], [29.12, 29.12, 29.12, 29.11, 29.11, 29.1, 29.09, 29.08, 29.07, 29.07, 29.03, 29.03, 29.01, 28.85, 28.79, 28.74, 28.71, 28.69, 28.69, 28.7], [29.12, 29.12, 29.12, 29.12, 29.12, 29.11, 29.11, 29.11, 29.12, 29.1, 29.12, 29.06, 29.01, 28.95, 28.83, 28.78, 28.75, 28.73, 28.72, 28.72], [29.13, 29.12, 29.12, 29.12, 29.12, 29.12, 29.13, 29.14, 29.16, 29.18, 29.23, 29.12, 29.04, 28.98, 28.86, 28.81, 28.78, 28.76, 28.75, 28.75], [29.13, 29.13, 29.13, 29.13, 29.13, 29.13, 29.14, 29.15, 29.1, 29.16, 29.2, 29.13, 29.05, 28.99, 28.89, 28.84, 28.81, 28.79, 28.77, 28.77], [29.13, 29.13, 29.13, 29.13, 29.13, 29.14, 29.15, 29.16, 29.08, 29.11, 29.12, 29.09, 29.04, 29.0, 28.9, 28.86, 28.83, 28.81, 28.79, 28.78], [29.13, 29.13, 29.13, 29.14, 29.14, 29.14, 29.15, 29.04, 29.06, 29.08, 29.08, 29.06, 29.03, 28.99, 28.91, 28.87, 28.84, 28.82, 28.81, 28.8]]}]