awsData/contour/wdir_2023092419.json
[{"header": {"refTime": "2023-09-24T19:00:00.000Z", "nx": 21, "ny": 33, "lo1": 113.509, "la1": 22.2235, "lo2": 113.5947, "la2": 22.1034, "dx": 0.0042850000000001385, "dy": 0.003753125000000024, "parameterCategory": 2, "parameterCategoryName": "Temperature", "parameterNumber": 2}, "data": [-1.62, -1.61, -1.59, -1.43, -1.42, -1.81, -1.77, -1.73, -1.73, -1.75, -1.86, -1.97, -2.55, -2.63, -3.62, -3.79, -4.57, -4.65, -4.71, -4.75, -1.63, -1.62, -1.6, -1.58, -1.42, -1.4, -1.72, -1.63, -1.58, -1.66, -1.86, -2.03, -2.62, -2.69, -3.68, -4.48, -4.61, -4.72, -4.79, -4.82, -1.64, -1.63, -1.61, -1.59, -1.43, -1.41, -1.37, -1.54, -1.26, -1.59, -1.89, -2.13, -2.73, -2.79, -4.31, -4.51, -4.69, -4.82, -4.89, -4.92, -1.65, -1.65, -1.63, -1.62, -1.59, -1.43, -1.4, -1.35, -1.3, -1.69, -2.0, -2.32, -2.9, -2.95, -4.28, -4.57, -4.81, -4.97, -5.03, -5.04, -1.67, -1.67, -1.66, -1.64, -1.63, -1.46, -1.45, -1.43, -1.42, -1.84, -2.1, -2.95, -3.12, -3.0, -4.3, -4.7, -5.03, -5.21, -5.24, -5.18, -1.69, -1.69, -1.68, -1.68, -1.67, -1.65, -1.51, -1.52, -1.52, -1.5, -2.64, -2.87, -3.03, -3.9, -4.39, -4.9, -5.39, -5.6, -5.49, -5.33, -2.63, -1.71, -1.71, -1.71, -1.71, -1.71, -1.78, -1.61, -1.61, -1.99, -2.06, -2.77, -4.03, -4.14, -4.5, -5.11, -5.89, -6.19, -6.13, -5.95, -2.64, -2.62, -2.58, -2.89, -2.84, -1.81, -1.79, -1.78, -1.87, -1.92, -1.74, -3.5, -3.84, -4.41, -5.47, -5.83, -6.25, -6.41, -6.18, -6.02, -2.67, -2.64, -2.6, -2.55, -2.82, -2.79, -2.79, -1.78, -2.41, -2.03, -3.26, -4.05, -4.89, -4.49, -5.5, -5.74, -5.99, -6.1, -6.05, -5.97, -3.79, -3.72, -3.63, -2.57, -2.47, -2.67, -2.9, -3.14, -3.04, -2.88, -3.77, -4.42, -5.16, -4.64, -5.54, -5.67, -5.82, -5.91, -5.92, -5.89, -3.8, -3.74, -3.64, -3.48, -3.14, -2.12, -3.47, -4.26, -3.95, -3.52, -4.67, -4.27, -4.52, -4.45, -5.55, -5.63, -5.72, -5.79, -5.82, -5.82, -3.83, -3.78, -3.71, -3.6, -3.43, -3.36, -3.92, -4.78, -5.16, -5.58, -4.84, -5.34, -5.33, -4.27, -5.54, -5.6, -5.67, -5.52, -5.52, -5.51, -3.87, -3.84, -3.81, -3.78, -3.8, -3.96, -4.27, -4.73, -5.02, -4.74, -5.56, -5.35, -5.32, -4.43, -4.35, -5.25, -5.27, -5.3, -5.32, -5.34, -3.91, -3.9, -3.9, -3.92, -4.0, -4.17, -4.36, -4.48, -4.63, -4.6, -5.5, -5.08, -4.94, -4.82, -4.14, -4.94, -4.99, -5.06, -5.12, -5.17, -3.95, -3.95, -3.97, -4.01, -4.08, -4.2, -4.3, -4.34, -4.32, -4.26, -4.19, -3.59, -4.67, -4.5, -4.39, -4.59, -4.69, -4.81, -4.92, -5.01, -3.98, -4.0, -2.91, -2.96, -3.04, -4.07, -4.05, -4.0, -3.95, -3.92, -3.43, -3.37, -3.29, -3.3, -3.29, -3.77, -3.88, -3.98, -4.23, -4.33, -2.82, -2.84, -2.86, -2.89, -3.89, -3.82, -3.7, -3.56, -3.47, -3.52, -3.17, -3.18, -3.15, -3.06, -2.86, -3.01, -3.07, -3.12, -3.15, -3.17, -2.8, -2.8, -2.81, -2.8, -3.71, -3.57, -3.34, -3.02, -2.86, -2.52, -2.66, -3.04, -3.05, -2.84, -2.84, -2.99, -3.08, -3.14, -3.17, -3.19, -2.77, -2.77, -2.76, -3.69, -3.57, -3.38, -3.06, -2.55, -1.97, -2.34, -2.67, -2.83, -2.8, -2.87, -2.98, -3.05, -3.12, -3.17, -3.2, -3.21, -2.75, -2.74, -3.5, -3.43, -3.33, -3.17, -2.93, -2.58, -2.23, -2.51, -2.76, -2.9, -2.83, -2.93, -3.1, -3.14, -3.19, -3.22, -3.23, -3.24, -3.59, -3.56, -3.52, -3.46, -3.38, -3.27, -3.12, -2.96, -2.69, -2.81, -2.95, -3.04, -2.89, -3.18, -3.2, -3.24, -3.28, -3.29, -3.28, -3.26, -3.6, -3.58, -3.55, -3.51, -3.47, -3.41, -3.36, -2.87, -3.1, -3.16, -3.22, -3.23, -3.96, -3.24, -3.28, -3.34, -3.38, -3.36, -3.31, -3.28, -3.63, -3.61, -3.6, -2.93, -2.96, -3.0, -3.07, -3.17, -3.28, -3.35, -3.31, -3.82, -3.99, -3.28, -3.34, -3.43, -3.53, -3.44, -3.33, -3.28, -2.91, -2.92, -2.95, -2.98, -3.04, -3.12, -3.24, -3.43, -3.67, -3.78, -3.61, -3.97, -4.02, -3.86, -3.74, -3.45, -3.83, -3.34, -3.27, -3.26, -2.92, -2.94, -2.98, -3.02, -3.08, -3.18, -3.34, -3.6, -4.04, -4.41, -3.86, -3.94, -3.82, -3.87, -3.72, -3.59, -3.23, -3.02, -3.2, -3.24, -2.93, -2.96, -2.99, -3.03, -3.1, -3.19, -3.34, -3.58, -3.98, -4.31, -4.05, -3.79, -3.7, -3.88, -3.73, -3.11, -3.11, -3.08, -3.2, -3.23, -2.94, -2.96, -2.99, -3.03, -3.08, -3.15, -3.25, -3.37, -3.51, -3.51, -3.59, -3.48, -3.5, -2.81, -2.94, -3.02, -3.05, -3.06, -3.06, -3.06, -2.94, -2.95, -2.98, -3.01, -3.04, -3.08, -3.11, -3.12, -3.06, -3.12, -2.94, -2.83, -2.9, -2.93, -2.84, -2.93, -2.99, -3.01, -3.02, -3.03, -2.93, -2.94, -2.96, -2.98, -2.99, -3.0, -2.99, -2.92, -2.76, -2.57, -2.08, -2.52, -2.75, -2.85, -2.77, -2.86, -2.92, -2.96, -2.98, -2.99, -2.92, -2.93, -2.94, -2.95, -2.95, -2.94, -2.9, -2.81, -2.73, -2.41, -2.22, -2.48, -2.69, -2.8, -2.71, -2.81, -2.87, -2.91, -2.94, -2.96, -2.91, -2.92, -2.92, -2.92, -2.91, -2.89, -2.84, -2.76, -2.74, -2.58, -2.51, -2.59, -2.71, -2.79, -2.68, -2.77, -2.83, -2.88, -2.91, -2.93, -2.9, -2.9, -2.9, -2.9, -2.88, -2.86, -2.82, -2.88, -2.79, -2.7, -2.67, -2.69, -2.75, -2.81, -2.67, -2.74, -2.8, -2.84, -2.88, -2.9]}, {"header": {"refTime": "2023-09-24T19:00:00.000Z", "nx": 21, "ny": 33, "lo1": 113.509, "la1": 22.2235, "lo2": 113.5947, "la2": 22.1034, "dx": 0.0042850000000001385, "dy": 0.003753125000000024, "parameterCategory": 2, "parameterCategoryName": "Temperature", "parameterNumber": 3}, "data": [1.51, 1.5, 1.5, 1.33, 1.32, 1.48, 1.46, 1.44, 1.43, 1.25, 1.26, 1.27, 1.9, 1.93, 2.59, 2.74, 3.45, 3.54, 3.61, 3.65, 1.51, 1.51, 1.5, 1.49, 1.33, 1.32, 1.45, 1.41, 1.38, 1.25, 1.27, 1.28, 1.9, 1.94, 2.61, 3.35, 3.49, 3.6, 3.68, 3.72, 1.52, 1.51, 1.51, 1.5, 1.34, 1.33, 1.31, 1.38, 1.28, 1.25, 1.27, 1.3, 1.9, 1.94, 3.15, 3.37, 3.56, 3.7, 3.77, 3.81, 1.52, 1.52, 1.52, 1.51, 1.5, 1.34, 1.33, 1.3, 1.28, 1.24, 1.28, 1.34, 1.87, 1.85, 3.11, 3.43, 3.68, 3.84, 3.91, 3.92, 1.53, 1.53, 1.53, 1.53, 1.52, 1.36, 1.36, 1.35, 1.32, 1.22, 1.27, 1.79, 1.69, 1.84, 3.14, 3.56, 3.9, 4.07, 4.1, 4.05, 1.53, 1.53, 1.53, 1.54, 1.54, 1.55, 1.4, 1.41, 1.38, 1.3, 1.8, 1.87, 1.83, 2.64, 3.28, 3.78, 4.24, 4.43, 4.34, 4.19, 2.12, 1.54, 1.54, 1.55, 1.56, 1.58, 1.51, 1.51, 1.49, 1.7, 1.7, 2.07, 3.05, 3.05, 3.47, 4.01, 4.71, 4.96, 4.72, 4.51, 2.12, 2.1, 2.08, 2.36, 2.33, 1.49, 1.53, 1.63, 1.84, 1.6, 1.23, 2.96, 3.29, 3.38, 4.44, 4.72, 5.07, 5.19, 5.01, 4.88, 2.13, 2.11, 2.08, 2.03, 2.27, 2.27, 2.32, 1.55, 2.06, 1.76, 2.51, 3.22, 3.78, 3.51, 4.43, 4.64, 4.85, 4.94, 4.9, 4.83, 2.87, 2.82, 2.75, 2.02, 1.93, 2.1, 2.33, 2.58, 2.47, 2.3, 2.92, 3.4, 3.88, 3.57, 4.43, 4.57, 4.7, 4.78, 4.79, 4.77, 2.88, 2.84, 2.76, 2.63, 2.36, 1.55, 2.62, 3.27, 3.17, 2.79, 3.43, 3.29, 3.47, 3.43, 4.43, 4.53, 4.61, 4.68, 4.7, 4.7, 2.91, 2.87, 2.81, 2.73, 2.59, 2.53, 2.99, 3.69, 4.0, 4.26, 3.6, 4.22, 4.2, 3.31, 4.44, 4.5, 4.57, 4.03, 4.04, 4.03, 2.94, 2.91, 2.89, 2.86, 2.88, 3.0, 3.24, 3.64, 3.88, 3.65, 4.21, 4.23, 4.21, 3.23, 3.16, 3.71, 3.75, 3.79, 3.82, 3.85, 2.97, 2.96, 2.96, 2.98, 3.03, 3.16, 3.3, 3.42, 3.55, 3.53, 4.17, 3.58, 3.42, 3.28, 2.9, 3.4, 3.46, 3.54, 3.61, 3.67, 3.0, 3.0, 3.02, 3.05, 3.1, 3.19, 3.27, 3.56, 3.62, 3.62, 3.6, 2.82, 3.15, 2.97, 2.85, 3.05, 3.16, 3.28, 3.4, 3.49, 3.03, 3.04, 2.53, 2.57, 2.63, 3.46, 3.45, 3.46, 3.46, 3.47, 2.84, 2.65, 2.43, 2.21, 2.13, 2.26, 2.39, 2.51, 2.88, 3.0, 2.51, 2.52, 2.55, 2.58, 3.41, 3.38, 3.35, 3.3, 3.29, 3.31, 2.7, 2.51, 2.25, 1.94, 1.64, 1.61, 1.73, 1.82, 1.89, 1.93, 2.52, 2.54, 2.56, 2.58, 3.36, 3.3, 3.22, 3.11, 3.06, 2.5, 2.37, 2.43, 2.15, 1.65, 1.32, 1.57, 1.74, 1.85, 1.92, 1.97, 2.53, 2.54, 2.56, 3.36, 3.31, 3.24, 3.13, 2.94, 2.62, 2.52, 1.92, 1.73, 1.99, 1.78, 1.55, 1.67, 1.82, 1.92, 1.98, 2.01, 2.53, 2.55, 2.38, 2.39, 2.39, 2.4, 2.43, 2.48, 2.32, 2.1, 1.88, 1.72, 2.11, 2.0, 1.78, 1.86, 1.95, 2.01, 2.05, 2.06, 2.33, 2.32, 2.32, 2.31, 2.31, 2.31, 2.31, 2.33, 2.02, 1.91, 1.78, 1.67, 2.22, 1.92, 1.96, 2.03, 2.1, 2.13, 2.13, 2.11, 2.28, 2.27, 2.26, 2.24, 2.22, 2.19, 2.17, 1.68, 1.77, 1.71, 1.65, 1.6, 1.75, 2.04, 2.11, 2.19, 2.26, 2.25, 2.2, 2.16, 2.24, 2.22, 2.2, 1.5, 1.5, 1.51, 1.5, 1.47, 1.42, 1.38, 1.36, 2.0, 1.86, 2.12, 2.21, 2.33, 2.46, 2.37, 2.25, 2.19, 1.44, 1.44, 1.44, 1.43, 1.42, 1.4, 1.36, 1.3, 1.22, 1.17, 1.2, 1.38, 1.82, 2.0, 2.17, 2.38, 2.79, 2.31, 2.22, 2.18, 1.4, 1.4, 1.39, 1.37, 1.35, 1.31, 1.26, 1.18, 1.06, 0.97, 1.07, 1.3, 1.51, 1.96, 2.12, 2.23, 2.2, 2.01, 2.15, 2.17, 1.37, 1.36, 1.34, 1.32, 1.29, 1.25, 1.19, 1.12, 1.02, 0.96, 1.09, 1.24, 1.43, 1.92, 2.05, 2.09, 2.1, 2.07, 2.15, 2.15, 1.34, 1.33, 1.31, 1.28, 1.25, 1.2, 1.15, 1.08, 1.02, 0.99, 1.08, 1.18, 1.34, 1.76, 1.9, 1.99, 2.03, 2.04, 2.05, 2.05, 1.32, 1.3, 1.28, 1.25, 1.21, 1.17, 1.11, 1.05, 0.99, 0.98, 0.98, 0.85, 0.92, 0.99, 1.8, 1.9, 1.96, 1.99, 2.0, 2.01, 1.3, 1.28, 1.26, 1.23, 1.19, 1.14, 1.09, 1.03, 0.95, 0.88, 0.71, 0.81, 0.89, 0.96, 1.72, 1.82, 1.89, 1.93, 1.96, 1.97, 1.28, 1.26, 1.24, 1.21, 1.17, 1.13, 1.08, 1.02, 0.82, 0.77, 0.74, 0.81, 0.88, 0.94, 1.66, 1.76, 1.83, 1.88, 1.91, 1.93, 1.27, 1.25, 1.23, 1.2, 1.16, 1.13, 1.08, 1.03, 0.84, 0.81, 0.81, 0.84, 0.89, 0.94, 1.62, 1.72, 1.79, 1.84, 1.87, 1.89, 1.26, 1.24, 1.22, 1.19, 1.16, 1.13, 1.09, 0.87, 0.86, 0.85, 0.85, 0.87, 0.91, 0.94, 1.61, 1.69, 1.75, 1.8, 1.84, 1.86]}, {"header": {"refTime": "2023-09-24T19:00:00.000Z", "nx": 21, "ny": 33, "lo1": 113.509, "la1": 22.2235, "lo2": 113.5947, "la2": 22.1034, "dx": 0.0042850000000001385, "dy": 0.003753125000000024, "parameterCategory": 0, "parameterCategoryName": "Temperature", "parameterNumber": 0}, "data": [[29.64, 29.65, 29.65, 29.42, 29.44, 29.72, 29.73, 29.74, 29.75, 29.63, 29.62, 29.61, 29.84, 29.84, 29.7, 29.68, 29.66, 29.65, 29.64, 29.63], [29.64, 29.64, 29.65, 29.65, 29.44, 29.47, 29.73, 29.75, 29.76, 29.66, 29.63, 29.62, 29.84, 29.85, 29.7, 29.68, 29.65, 29.64, 29.62, 29.62], [29.64, 29.64, 29.64, 29.65, 29.43, 29.46, 29.51, 29.75, 29.79, 29.67, 29.63, 29.63, 29.85, 29.85, 29.7, 29.67, 29.64, 29.62, 29.61, 29.6], [29.64, 29.64, 29.64, 29.64, 29.65, 29.44, 29.48, 29.55, 29.61, 29.63, 29.61, 29.64, 29.86, 29.66, 29.71, 29.66, 29.62, 29.59, 29.58, 29.58], [29.64, 29.64, 29.63, 29.63, 29.63, 29.41, 29.43, 29.44, 29.44, 29.54, 29.55, 29.67, 29.8, 29.69, 29.71, 29.64, 29.58, 29.55, 29.55, 29.56], [29.63, 29.63, 29.63, 29.63, 29.62, 29.61, 29.38, 29.37, 29.33, 29.27, 29.45, 29.6, 29.72, 29.87, 29.69, 29.6, 29.52, 29.49, 29.51, 29.53], [29.57, 29.63, 29.63, 29.62, 29.62, 29.6, 29.32, 29.33, 29.29, 29.2, 29.17, 29.5, 29.84, 29.85, 29.67, 29.57, 29.44, 29.39, 29.41, 29.45], [29.57, 29.57, 29.57, 29.57, 29.57, 29.38, 29.35, 29.34, 29.36, 29.16, 28.97, 29.49, 29.5, 29.85, 29.49, 29.54, 29.43, 29.39, 29.45, 29.5], [29.53, 29.53, 29.59, 29.59, 29.59, 29.58, 29.54, 29.34, 29.21, 29.23, 29.18, 29.33, 29.4, 29.31, 29.5, 29.56, 29.5, 29.47, 29.49, 29.51], [29.7, 29.7, 29.7, 29.56, 29.58, 29.63, 29.6, 29.54, 29.06, 29.09, 29.41, 29.24, 29.29, 29.27, 29.5, 29.58, 29.54, 29.52, 29.52, 29.53], [29.7, 29.7, 29.7, 29.7, 29.7, 29.7, 29.7, 29.7, 29.59, 29.19, 28.8, 29.18, 29.23, 29.23, 29.49, 29.6, 29.57, 29.55, 29.55, 29.55], [29.7, 29.7, 29.7, 29.7, 29.7, 29.7, 29.7, 29.7, 29.7, -999.0, 28.8, 29.8, 29.8, 29.2, 29.49, 29.61, 29.6, 28.67, 28.69, 28.69], [29.7, 29.7, 29.7, 29.7, 29.7, 29.7, 29.7, 29.7, 29.7, 29.7, -999.0, 29.8, 29.8, 28.76, 29.21, 28.9, 28.91, 28.77, 28.79, 28.8], [29.7, 29.7, 29.7, 29.7, 29.7, 29.7, 29.7, 29.7, 29.7, 29.7, -999.0, 28.2, 28.2, 28.2, 29.08, 28.81, 28.83, 28.69, 28.72, 28.74], [29.7, 29.7, 29.7, 29.7, 29.7, 29.7, 29.7, 29.5, 29.5, 29.5, 29.5, 29.0, 28.2, 28.2, 28.2, 28.7, 28.74, 28.61, 28.65, 28.68], [29.7, 29.7, 29.57, 29.57, 29.57, 29.5, 29.5, 29.5, 29.5, 29.5, 28.68, 28.77, 28.65, 28.54, 28.66, 28.46, 28.5, 28.43, 28.68, 28.71], [29.57, 29.57, 29.63, 29.63, 29.5, 29.5, 29.5, 29.5, 29.5, 29.5, 28.94, 28.78, 28.61, 28.45, 28.43, 28.38, 28.44, 28.49, 28.53, 28.55], [29.63, 29.63, 29.62, 29.62, 29.5, 29.5, 29.5, 29.5, 29.5, 29.17, 29.0, 28.8, 28.6, 28.45, 28.23, 28.36, 28.45, 28.51, 28.54, 28.57], [29.62, 29.62, 29.62, 29.5, 29.5, 29.5, 29.5, 29.5, 29.38, 29.25, 29.07, 28.91, 28.68, 28.52, 28.35, 28.41, 28.49, 28.54, 28.57, 28.59], [29.62, 29.62, 29.33, 29.34, 29.35, 29.36, 29.39, 29.45, 29.34, 29.22, 29.08, 28.94, 28.74, 28.64, 28.47, 28.5, 28.55, 28.59, 28.61, 28.62], [29.32, 29.32, 29.33, 29.38, 29.38, 29.39, 29.4, 29.41, 29.23, 29.17, 29.08, 28.98, 28.8, 28.54, 28.56, 28.59, 28.62, 28.64, 28.65, 28.65], [29.36, 29.36, 29.36, 29.37, 29.37, 29.37, 29.37, 29.43, 29.17, 29.13, 29.07, 29.0, 28.75, 28.6, 28.63, 28.66, 28.69, 28.7, 28.69, 28.67], [29.35, 29.35, 29.35, 29.44, 29.44, 29.43, 29.42, 29.41, 29.39, 29.39, 29.4, 29.21, 28.95, 28.64, 28.67, 28.72, 28.76, 28.75, 28.72, 28.7], [29.45, 29.45, 29.44, 29.44, 29.43, 29.42, 29.41, 29.38, 29.36, 29.34, 29.37, 29.25, 28.96, 28.92, 28.88, 28.75, 28.84, 28.77, 28.73, 28.71], [29.45, 29.45, 29.45, 29.44, 29.43, 29.42, 29.4, 29.37, 29.32, 29.27, 29.34, 29.27, 29.25, 28.92, 28.88, 28.85, 28.75, 28.73, 28.73, 28.71], [29.45, 29.45, 29.45, 29.44, 29.44, 29.43, 29.41, 29.38, 29.33, 29.28, 29.29, 29.3, 29.28, 28.93, 28.89, 28.93, 28.88, 28.86, 28.72, 28.71], [29.46, 29.45, 29.45, 29.45, 29.44, 29.44, 29.43, 29.41, 29.4, 29.4, 29.36, 29.36, 29.33, 29.12, 29.04, 28.98, 28.94, 28.92, 28.92, 28.93], [29.46, 29.46, 29.46, 29.45, 29.45, 29.45, 29.45, 29.46, 29.47, 29.45, 29.47, 29.4, 29.33, 29.26, 29.09, 29.03, 28.99, 28.97, 28.96, 28.96], [29.46, 29.46, 29.46, 29.46, 29.46, 29.47, 29.47, 29.49, 29.52, 29.54, 29.62, 29.48, 29.38, 29.3, 29.14, 29.08, 29.03, 29.01, 28.99, 28.99], [29.46, 29.46, 29.47, 29.47, 29.47, 29.48, 29.49, 29.51, 29.45, 29.53, 29.57, 29.48, 29.39, 29.32, 29.17, 29.11, 29.07, 29.04, 29.02, 29.01], [29.47, 29.47, 29.47, 29.47, 29.48, 29.48, 29.5, 29.51, 29.43, 29.47, 29.48, 29.44, 29.38, 29.32, 29.19, 29.13, 29.1, 29.07, 29.05, 29.04], [29.47, 29.47, 29.47, 29.48, 29.48, 29.49, 29.5, 29.38, 29.4, 29.42, 29.42, 29.4, 29.36, 29.32, 29.19, 29.15, 29.11, 29.09, 29.07, 29.06]]}]