awsData/contour/wdir_2023092423.json
[{"header": {"refTime": "2023-09-24T23:00:00.000Z", "nx": 21, "ny": 33, "lo1": 113.509, "la1": 22.2235, "lo2": 113.5947, "la2": 22.1034, "dx": 0.0042850000000001385, "dy": 0.003753125000000024, "parameterCategory": 2, "parameterCategoryName": "Temperature", "parameterNumber": 2}, "data": [-2.57, -2.58, -2.6, -2.83, -2.83, -3.27, -3.24, -3.21, -3.21, -3.05, -3.12, -3.18, -3.3, -3.32, -4.81, -4.97, -5.04, -5.13, -5.2, -5.24, -2.56, -2.57, -2.59, -2.62, -2.84, -2.83, -3.2, -3.13, -3.1, -3.01, -3.12, -3.22, -3.35, -3.38, -4.85, -4.96, -5.1, -5.21, -5.29, -5.33, -2.54, -2.56, -2.58, -2.61, -2.84, -2.84, -2.83, -3.07, -2.87, -2.98, -3.14, -3.29, -3.45, -3.45, -4.8, -5.01, -5.2, -5.34, -5.42, -5.44, -2.52, -2.54, -2.56, -2.59, -2.63, -2.85, -2.84, -2.83, -2.81, -3.02, -3.2, -3.42, -3.61, -3.45, -4.79, -5.08, -5.35, -5.53, -5.59, -5.59, -2.5, -2.51, -2.53, -2.57, -2.61, -2.87, -2.87, -2.85, -2.83, -3.05, -3.22, -3.51, -3.9, -3.53, -4.8, -5.22, -5.61, -5.83, -5.84, -5.76, -2.47, -2.48, -2.49, -2.52, -2.57, -2.64, -2.91, -2.91, -2.87, -2.79, -3.02, -3.3, -3.6, -4.13, -4.84, -5.44, -6.05, -6.31, -6.16, -5.94, -3.86, -2.44, -2.44, -2.46, -2.51, -2.6, -2.61, -3.01, -2.98, -2.71, -2.57, -2.91, -3.9, -4.09, -4.86, -5.65, -6.67, -7.05, -6.97, -6.74, -3.86, -3.79, -3.7, -3.52, -3.49, -2.39, -2.57, -2.89, -3.2, -2.69, -2.4, -3.14, -3.33, -4.18, -5.42, -6.07, -6.86, -7.15, -6.72, -6.43, -3.88, -3.79, -3.68, -3.53, -3.31, -3.34, -3.55, -2.67, -3.78, -2.74, -3.32, -3.81, -4.62, -4.23, -5.42, -5.89, -6.36, -6.57, -6.48, -6.32, -5.01, -4.88, -4.69, -3.47, -3.13, -2.86, -3.4, -3.99, -4.4, -4.17, -3.71, -4.26, -4.97, -4.43, -5.45, -5.74, -6.03, -6.2, -6.23, -6.17, -5.05, -4.93, -4.74, -4.41, -3.69, -1.61, -4.22, -5.54, -5.0, -4.88, -5.37, -4.13, -4.34, -4.26, -5.46, -5.65, -5.85, -5.98, -6.04, -6.04, -5.13, -5.04, -4.91, -4.71, -4.37, -4.2, -5.22, -6.32, -6.73, -7.21, -5.65, -5.49, -5.37, -4.11, -5.46, -5.6, -5.73, -6.27, -6.3, -6.3, -5.22, -5.19, -5.15, -5.13, -5.23, -5.71, -6.44, -6.59, -6.7, -6.39, -7.13, -5.61, -5.46, -4.48, -4.45, -5.96, -6.01, -6.07, -6.11, -6.14, -5.32, -5.33, -5.36, -5.47, -5.74, -6.35, -7.37, -6.68, -6.48, -6.33, -7.18, -6.03, -5.85, -5.71, -4.4, -5.73, -5.8, -5.87, -5.94, -5.99, -5.41, -5.45, -5.52, -5.66, -5.91, -6.28, -6.57, -5.89, -5.47, -5.14, -4.89, -3.64, -5.66, -5.5, -5.39, -5.48, -5.57, -5.68, -5.77, -5.85, -5.49, -5.54, -3.13, -3.29, -3.49, -5.18, -5.1, -4.8, -4.48, -4.28, -3.12, -3.28, -3.45, -3.34, -3.5, -4.58, -4.61, -4.64, -5.13, -5.2, -2.82, -2.86, -2.91, -2.95, -4.51, -4.31, -3.95, -3.46, -3.14, -3.2, -2.55, -2.96, -3.32, -3.64, -3.5, -4.07, -4.03, -4.0, -3.97, -3.96, -2.7, -2.7, -2.68, -2.62, -3.94, -3.52, -2.83, -1.89, -1.4, -1.42, -2.13, -2.67, -3.21, -3.43, -4.09, -4.09, -4.03, -3.99, -3.97, -3.95, -2.58, -2.54, -2.47, -3.84, -3.49, -2.93, -2.01, -0.51, 0.91, -0.68, -1.11, -1.89, -2.6, -3.22, -4.1, -4.06, -4.01, -3.97, -3.95, -3.93, -2.47, -2.41, -3.04, -2.84, -2.54, -2.08, -1.39, -0.42, 0.46, -0.37, -1.22, -1.88, -2.45, -2.93, -4.02, -4.0, -3.97, -3.95, -3.93, -3.91, -3.2, -3.1, -2.96, -2.77, -2.52, -2.17, -1.72, -1.26, -0.63, -1.02, -1.53, -1.98, -2.38, -3.98, -3.97, -3.96, -3.94, -3.92, -3.9, -3.89, -3.15, -3.06, -2.94, -2.78, -2.6, -2.37, -2.14, -0.88, -1.46, -1.69, -1.95, -2.19, -4.2, -3.94, -3.94, -3.93, -3.92, -3.9, -3.88, -3.87, -3.13, -3.05, -2.95, -1.21, -1.23, -1.28, -1.36, -1.5, -1.69, -1.81, -1.8, -2.48, -3.95, -3.92, -3.91, -3.91, -3.93, -3.88, -3.84, -3.84, -1.28, -1.3, -1.32, -1.37, -1.44, -1.55, -1.74, -2.03, -2.39, -2.57, -2.36, -3.47, -3.95, -3.92, -3.89, -3.89, -4.04, -3.79, -3.79, -3.81, -1.35, -1.38, -1.42, -1.49, -1.59, -1.75, -1.99, -2.37, -3.0, -3.51, -2.8, -3.42, -3.38, -3.91, -3.87, -3.84, -3.73, -3.61, -3.75, -3.79, -1.4, -1.44, -1.5, -1.58, -1.69, -1.85, -2.09, -2.44, -3.0, -3.44, -3.47, -3.27, -3.24, -3.91, -3.87, -3.38, -3.45, -3.46, -3.76, -3.79, -1.45, -1.49, -1.55, -1.63, -1.74, -1.88, -2.06, -2.28, -2.51, -2.57, -3.04, -2.97, -3.03, -2.88, -3.09, -3.24, -3.33, -3.36, -3.36, -3.34, -1.48, -1.53, -1.59, -1.66, -1.75, -1.85, -1.97, -2.07, -2.1, -2.58, -2.43, -2.44, -2.61, -2.74, -2.95, -3.11, -3.21, -3.26, -3.28, -3.28, -1.5, -1.55, -1.6, -1.66, -1.73, -1.81, -1.87, -1.9, -1.84, -2.06, -1.61, -2.12, -2.44, -2.63, -2.83, -2.99, -3.1, -3.16, -3.2, -3.21, -1.52, -1.56, -1.61, -1.66, -1.71, -1.76, -1.79, -1.79, -2.31, -1.98, -1.77, -2.09, -2.37, -2.56, -2.74, -2.9, -3.0, -3.08, -3.12, -3.15, -1.53, -1.56, -1.6, -1.64, -1.69, -1.72, -1.74, -1.73, -2.35, -2.18, -2.12, -2.23, -2.4, -2.55, -2.69, -2.83, -2.93, -3.01, -3.06, -3.09, -1.53, -1.56, -1.6, -1.63, -1.66, -1.69, -1.7, -2.52, -2.42, -2.34, -2.31, -2.36, -2.46, -2.56, -2.67, -2.79, -2.88, -2.96, -3.01, -3.04]}, {"header": {"refTime": "2023-09-24T23:00:00.000Z", "nx": 21, "ny": 33, "lo1": 113.509, "la1": 22.2235, "lo2": 113.5947, "la2": 22.1034, "dx": 0.0042850000000001385, "dy": 0.003753125000000024, "parameterCategory": 2, "parameterCategoryName": "Temperature", "parameterNumber": 3}, "data": [-0.54, -0.52, -0.51, -0.02, -0.03, -0.21, -0.2, -0.2, -0.19, 0.04, 0.06, 0.09, 0.19, 0.22, 0.46, 0.53, 0.93, 0.97, 1.0, 1.03, -0.54, -0.53, -0.52, -0.5, -0.03, -0.04, -0.21, -0.2, -0.2, 0.0, 0.05, 0.09, 0.19, 0.22, 0.46, 0.88, 0.95, 1.0, 1.03, 1.05, -0.56, -0.54, -0.53, -0.51, -0.03, -0.04, -0.06, -0.2, -0.2, -0.02, 0.06, 0.09, 0.19, 0.22, 0.79, 0.89, 0.98, 1.04, 1.08, 1.09, -0.57, -0.56, -0.55, -0.53, -0.5, -0.04, -0.06, -0.08, -0.1, 0.03, 0.09, 0.1, 0.18, 0.4, 0.77, 0.92, 1.03, 1.1, 1.14, 1.14, -0.59, -0.58, -0.57, -0.55, -0.53, -0.04, -0.04, -0.05, -0.03, 0.13, 0.16, 0.36, 0.16, 0.36, 0.78, 0.98, 1.13, 1.2, 1.22, 1.2, -0.61, -0.6, -0.6, -0.58, -0.56, -0.53, -0.05, -0.04, 0.0, 0.1, 0.58, 0.47, 0.33, 0.4, 0.86, 1.08, 1.28, 1.36, 1.32, 1.26, -0.06, -0.63, -0.63, -0.62, -0.61, -0.58, -0.3, -0.1, -0.06, 0.41, 0.61, 0.69, 0.6, 0.55, 0.96, 1.18, 1.48, 1.58, 1.33, 1.19, -0.05, -0.09, -0.13, -0.09, -0.11, -0.42, -0.35, -0.31, -0.2, 0.42, 0.69, 0.9, 0.92, 0.65, 1.13, 1.3, 1.53, 1.61, 1.49, 1.41, -0.04, -0.08, -0.13, -0.2, -0.19, -0.18, -0.1, -0.33, 0.33, 0.4, 0.79, 0.8, 0.72, 0.76, 1.07, 1.23, 1.37, 1.44, 1.41, 1.37, 0.66, 0.6, 0.51, -0.22, -0.37, -0.4, -0.13, 0.15, 0.74, 0.75, 0.77, 0.74, 0.66, 0.73, 1.03, 1.16, 1.27, 1.32, 1.34, 1.32, 0.68, 0.62, 0.53, 0.37, 0.01, -1.01, 0.3, 1.0, 0.74, 1.04, 1.12, 0.75, 0.73, 0.74, 1.03, 1.12, 1.2, 1.25, 1.28, 1.28, 0.72, 0.67, 0.61, 0.51, 0.34, 0.26, 0.78, 1.43, 1.68, 1.71, 1.25, 1.18, 1.09, 0.75, 1.04, 1.11, 1.17, 0.83, 0.85, 0.85, 0.76, 0.74, 0.72, 0.7, 0.74, 0.96, 1.3, 1.5, 1.63, 1.43, 1.58, 1.27, 1.18, 0.46, 0.43, 0.64, 0.68, 0.71, 0.74, 0.76, 0.81, 0.81, 0.82, 0.86, 0.98, 1.24, 1.65, 1.45, 1.43, 1.37, 1.61, 0.9, 0.75, 0.65, 0.34, 0.52, 0.56, 0.6, 0.64, 0.68, 0.85, 0.87, 0.9, 0.96, 1.06, 1.23, 1.36, 1.8, 1.8, 1.79, 1.78, 1.01, 0.65, 0.53, 0.45, 0.38, 0.44, 0.5, 0.55, 0.6, 0.89, 0.91, 0.72, 0.78, 0.86, 1.75, 1.74, 1.73, 1.73, 1.72, 1.07, 0.9, 0.71, 0.21, 0.15, 0.44, 0.56, 0.68, 1.11, 1.21, 0.69, 0.72, 0.76, 0.81, 1.71, 1.7, 1.68, 1.65, 1.63, 1.64, 1.0, 0.82, 0.58, 0.3, 0.25, 0.14, 0.29, 0.4, 0.48, 0.54, 0.72, 0.75, 0.79, 0.84, 1.68, 1.65, 1.6, 1.54, 1.51, 1.07, 0.91, 0.77, 0.5, 0.25, -0.21, 0.09, 0.31, 0.44, 0.53, 0.58, 0.75, 0.78, 0.82, 1.67, 1.65, 1.61, 1.55, 1.44, 1.25, 1.1, 0.56, 0.35, 0.71, 0.45, 0.07, 0.23, 0.41, 0.53, 0.6, 0.63, 0.77, 0.79, 1.05, 1.05, 1.06, 1.07, 1.09, 1.14, 0.98, 0.76, 0.53, 0.35, 0.88, 0.77, 0.36, 0.46, 0.58, 0.65, 0.69, 0.69, 1.0, 1.0, 1.0, 0.99, 0.99, 0.99, 1.0, 1.01, 0.69, 0.59, 0.45, 0.33, 1.06, 0.54, 0.6, 0.7, 0.78, 0.81, 0.79, 0.76, 0.96, 0.95, 0.94, 0.93, 0.91, 0.89, 0.87, 0.64, 0.47, 0.41, 0.34, 0.28, 0.73, 0.69, 0.79, 0.92, 1.01, 0.98, 0.88, 0.81, 0.93, 0.91, 0.89, 0.56, 0.55, 0.54, 0.52, 0.48, 0.43, 0.4, 0.41, 1.03, 0.66, 0.8, 0.92, 1.13, 1.36, 1.15, 0.91, 0.82, 0.54, 0.54, 0.53, 0.52, 0.5, 0.47, 0.42, 0.35, 0.25, 0.21, 0.26, 0.73, 0.62, 0.79, 0.97, 1.18, 2.01, 0.96, 0.8, 0.78, 0.53, 0.52, 0.51, 0.49, 0.46, 0.42, 0.36, 0.26, 0.09, -0.04, 0.15, 0.65, 0.93, 0.74, 0.88, 0.97, 0.72, 0.29, 0.66, 0.73, 0.51, 0.5, 0.49, 0.47, 0.44, 0.4, 0.34, 0.24, 0.1, -0.02, 0.35, 0.62, 0.88, 0.68, 0.78, 0.93, 0.78, 0.68, 0.66, 0.71, 0.5, 0.49, 0.47, 0.45, 0.43, 0.39, 0.35, 0.29, 0.23, 0.21, 0.49, 0.65, 0.84, 0.88, 0.9, 0.88, 0.83, 0.79, 0.81, 0.84, 0.49, 0.48, 0.47, 0.45, 0.43, 0.4, 0.37, 0.35, 0.34, 0.53, 0.58, 0.15, 0.06, -0.04, 0.87, 0.87, 0.85, 0.84, 0.84, 0.85, 0.49, 0.48, 0.46, 0.45, 0.43, 0.41, 0.4, 0.39, 0.41, 0.59, 0.45, 0.26, 0.12, 0.01, 0.84, 0.85, 0.85, 0.85, 0.85, 0.86, 0.48, 0.47, 0.46, 0.45, 0.44, 0.43, 0.42, 0.42, 0.2, 0.32, 0.39, 0.26, 0.14, 0.04, 0.83, 0.84, 0.85, 0.86, 0.86, 0.87, 0.48, 0.47, 0.46, 0.45, 0.44, 0.44, 0.43, 0.44, 0.18, 0.24, 0.26, 0.2, 0.12, 0.05, 0.82, 0.84, 0.85, 0.86, 0.86, 0.87, 0.48, 0.47, 0.47, 0.46, 0.45, 0.44, 0.44, 0.11, 0.15, 0.17, 0.18, 0.15, 0.1, 0.04, 0.82, 0.84, 0.85, 0.86, 0.86, 0.87]}, {"header": {"refTime": "2023-09-24T23:00:00.000Z", "nx": 21, "ny": 33, "lo1": 113.509, "la1": 22.2235, "lo2": 113.5947, "la2": 22.1034, "dx": 0.0042850000000001385, "dy": 0.003753125000000024, "parameterCategory": 0, "parameterCategoryName": "Temperature", "parameterNumber": 0}, "data": [[28.83, 28.82, 28.82, 28.61, 28.62, 28.82, 28.82, 28.82, 28.83, 28.78, 28.79, 28.79, 28.94, 28.95, 28.92, 28.92, 28.94, 28.93, 28.93, 28.92], [28.83, 28.83, 28.82, 28.82, 28.62, 28.64, 28.81, 28.82, 28.82, 28.78, 28.79, 28.8, 28.95, 28.96, 28.93, 28.95, 28.94, 28.93, 28.92, 28.92], [28.83, 28.83, 28.82, 28.82, 28.62, 28.63, 28.66, 28.81, 28.8, 28.78, 28.8, 28.82, 28.97, 28.98, 28.96, 28.95, 28.93, 28.92, 28.92, 28.91], [28.84, 28.83, 28.83, 28.82, 28.81, 28.62, 28.64, 28.67, 28.7, 28.77, 28.8, 28.85, 29.0, 28.9, 28.97, 28.94, 28.92, 28.91, 28.91, 28.91], [28.84, 28.84, 28.83, 28.83, 28.81, 28.6, 28.61, 28.62, 28.62, 28.74, 28.78, 28.9, 29.02, 28.92, 28.96, 28.93, 28.91, 28.9, 28.89, 28.9], [28.85, 28.84, 28.84, 28.83, 28.82, 28.8, 28.59, 28.58, 28.57, 28.54, 28.74, 28.85, 28.94, 29.03, 28.95, 28.92, 28.88, 28.87, 28.88, 28.89], [28.88, 28.85, 28.85, 28.85, 28.83, 28.81, 28.65, 28.57, 28.55, 28.52, 28.51, 28.75, 28.99, 29.0, 28.93, 28.9, 28.85, 28.83, 28.86, 28.87], [28.89, 28.89, 28.89, 28.89, 28.88, 28.72, 28.67, 28.62, 28.58, 28.5, 28.39, 28.72, 28.72, 29.0, 28.84, 28.85, 28.83, 28.82, 28.83, 28.84], [28.81, 28.82, 28.91, 28.92, 28.92, 28.9, 28.84, 28.65, 28.5, 28.54, 28.53, 28.62, 28.66, 28.6, 28.84, 28.85, 28.84, 28.83, 28.84, 28.84], [29.1, 29.1, 29.1, 28.87, 28.9, 28.99, 28.93, 28.84, 28.43, 28.45, 28.66, 28.56, 28.6, 28.58, 28.84, 28.86, 28.85, 28.84, 28.84, 28.85], [29.1, 29.1, 29.1, 29.1, 29.1, 29.1, 29.1, 29.1, 28.92, 28.5, 28.3, 28.53, 28.56, 28.56, 28.84, 28.86, 28.85, 28.85, 28.85, 28.85], [29.1, 29.1, 29.1, 29.1, 29.1, 29.1, 29.1, 29.1, 29.1, -999.0, 28.3, 28.9, 28.9, 28.54, 28.84, 28.86, 28.86, 28.17, 28.19, 28.19], [29.1, 29.1, 29.1, 29.1, 29.1, 29.1, 29.1, 29.1, 29.1, 29.1, -999.0, 28.9, 28.9, 28.12, 28.46, 28.4, 28.41, 28.27, 28.29, 28.3], [29.1, 29.1, 29.1, 29.1, 29.1, 29.1, 29.1, 29.1, 29.1, 29.1, -999.0, 27.7, 27.7, 27.7, 28.36, 28.31, 28.33, 28.19, 28.22, 28.24], [29.1, 29.1, 29.1, 29.1, 29.1, 29.1, 29.1, 28.9, 28.9, 28.9, 28.9, 28.44, 27.7, 27.7, 27.7, 28.2, 28.24, 28.11, 28.15, 28.18], [29.1, 29.1, 28.97, 28.97, 28.97, 28.9, 28.9, 28.9, 28.9, 28.9, 28.14, 28.23, 28.11, 28.02, 28.13, 28.07, 28.12, 28.02, 28.26, 28.3], [28.97, 28.97, 29.03, 29.03, 28.9, 28.9, 28.9, 28.9, 28.9, 28.9, 28.38, 28.24, 28.08, 27.93, 27.95, 27.91, 27.99, 28.04, 28.09, 28.11], [29.03, 29.03, 29.02, 29.02, 28.9, 28.9, 28.9, 28.9, 28.9, 28.6, 28.43, 28.25, 28.07, 27.96, 27.74, 27.89, 27.99, 28.06, 28.11, 28.13], [29.02, 29.02, 29.02, 28.9, 28.9, 28.9, 28.9, 28.9, 28.79, 28.67, 28.54, 28.39, 28.21, 28.05, 27.87, 27.95, 28.04, 28.1, 28.14, 28.16], [29.02, 29.02, 28.84, 28.85, 28.85, 28.85, 28.86, 28.88, 28.78, 28.68, 28.55, 28.43, 28.28, 28.19, 28.02, 28.06, 28.12, 28.16, 28.18, 28.19], [28.84, 28.84, 28.84, 28.86, 28.86, 28.86, 28.87, 28.87, 28.69, 28.64, 28.56, 28.47, 28.35, 28.1, 28.13, 28.17, 28.2, 28.22, 28.23, 28.22], [28.85, 28.85, 28.85, 28.86, 28.86, 28.86, 28.86, 28.9, 28.66, 28.62, 28.57, 28.51, 28.38, 28.17, 28.21, 28.26, 28.29, 28.29, 28.27, 28.26], [28.85, 28.85, 28.85, 28.91, 28.91, 28.91, 28.9, 28.9, 28.89, 28.89, 28.89, 28.8, 28.56, 28.22, 28.27, 28.33, 28.4, 28.36, 28.31, 28.28], [28.92, 28.92, 28.92, 28.92, 28.91, 28.91, 28.9, 28.89, 28.88, 28.87, 28.88, 28.85, 28.57, 28.53, 28.5, 28.37, 28.54, 28.36, 28.31, 28.28], [28.92, 28.92, 28.92, 28.92, 28.92, 28.91, 28.9, 28.89, 28.86, 28.84, 28.87, 28.86, 28.86, 28.53, 28.49, 28.45, 28.31, 28.25, 28.29, 28.28], [28.93, 28.93, 28.92, 28.92, 28.92, 28.92, 28.91, 28.89, 28.87, 28.85, 28.86, 28.88, 28.87, 28.53, 28.49, 28.49, 28.43, 28.41, 28.28, 28.27], [28.93, 28.93, 28.93, 28.93, 28.93, 28.92, 28.92, 28.92, 28.91, 28.91, 28.91, 28.91, 28.9, 28.65, 28.59, 28.53, 28.49, 28.47, 28.47, 28.49], [28.93, 28.93, 28.93, 28.93, 28.93, 28.93, 28.94, 28.94, 28.95, 28.96, 28.97, 28.86, 28.79, 28.72, 28.62, 28.57, 28.53, 28.51, 28.51, 28.51], [28.93, 28.93, 28.94, 28.94, 28.94, 28.94, 28.95, 28.96, 28.98, 29.01, 29.04, 28.92, 28.83, 28.75, 28.66, 28.61, 28.57, 28.55, 28.54, 28.53], [28.94, 28.94, 28.94, 28.94, 28.94, 28.95, 28.96, 28.97, 28.9, 28.96, 29.0, 28.92, 28.84, 28.77, 28.68, 28.63, 28.6, 28.58, 28.56, 28.56], [28.94, 28.94, 28.94, 28.94, 28.95, 28.95, 28.96, 28.98, 28.88, 28.91, 28.92, 28.88, 28.83, 28.77, 28.7, 28.65, 28.62, 28.6, 28.58, 28.58], [28.94, 28.94, 28.94, 28.95, 28.95, 28.96, 28.96, 28.84, 28.86, 28.87, 28.87, 28.85, 28.81, 28.77, 28.7, 28.67, 28.64, 28.62, 28.6, 28.59]]}]