awsData/contour/wdir_2023092415.json
[{"header": {"refTime": "2023-09-24T15:00:00.000Z", "nx": 21, "ny": 33, "lo1": 113.509, "la1": 22.2235, "lo2": 113.5947, "la2": 22.1034, "dx": 0.0042850000000001385, "dy": 0.003753125000000024, "parameterCategory": 2, "parameterCategoryName": "Temperature", "parameterNumber": 2}, "data": [-2.92, -2.93, -2.94, -2.66, -2.67, -3.45, -3.42, -3.4, -3.4, -3.09, -3.15, -3.22, -3.89, -3.94, -4.56, -4.65, -4.99, -5.03, -5.05, -5.07, -2.92, -2.93, -2.93, -2.94, -2.68, -2.7, -3.38, -3.32, -3.29, -3.08, -3.17, -3.27, -3.95, -4.0, -4.61, -4.96, -5.01, -5.06, -5.09, -5.1, -2.92, -2.92, -2.93, -2.94, -2.68, -2.7, -2.74, -3.26, -3.05, -3.06, -3.2, -3.36, -4.05, -4.08, -4.89, -4.98, -5.05, -5.11, -5.14, -5.15, -2.91, -2.92, -2.92, -2.93, -2.95, -2.69, -2.72, -2.77, -2.81, -3.06, -3.24, -3.53, -4.21, -3.86, -4.89, -5.01, -5.11, -5.18, -5.21, -5.21, -2.9, -2.91, -2.91, -2.93, -2.94, -2.68, -2.7, -2.7, -2.67, -2.99, -3.21, -3.89, -4.34, -3.97, -4.89, -5.06, -5.22, -5.3, -5.31, -5.28, -2.89, -2.89, -2.9, -2.91, -2.93, -2.96, -2.69, -2.69, -2.61, -2.45, -3.22, -3.67, -4.05, -4.81, -4.91, -5.15, -5.39, -5.49, -5.43, -5.35, -4.0, -2.88, -2.88, -2.89, -2.91, -2.95, -2.6, -2.77, -2.7, -2.54, -2.41, -3.31, -4.74, -4.86, -4.92, -5.23, -5.64, -5.79, -5.9, -5.85, -4.02, -3.96, -3.9, -3.82, -3.79, -2.54, -2.62, -2.82, -3.11, -2.43, -1.83, -3.76, -4.14, -4.97, -5.45, -5.63, -5.84, -5.92, -5.8, -5.73, -4.04, -3.98, -3.9, -3.8, -3.69, -3.69, -3.79, -2.67, -3.4, -2.62, -3.37, -4.24, -5.08, -4.68, -5.51, -5.61, -5.72, -5.77, -5.74, -5.7, -5.05, -4.96, -4.82, -3.78, -3.56, -3.42, -3.77, -4.14, -3.94, -3.66, -3.91, -4.58, -5.31, -4.81, -5.55, -5.59, -5.65, -5.68, -5.68, -5.67, -5.08, -4.99, -4.86, -4.62, -4.1, -2.61, -4.5, -5.46, -4.96, -4.37, -5.02, -4.43, -4.68, -4.62, -5.56, -5.58, -5.61, -5.63, -5.64, -5.64, -5.13, -5.07, -4.98, -4.83, -4.58, -4.46, -5.2, -6.04, -6.36, -6.78, -5.29, -5.84, -5.78, -4.44, -5.55, -5.56, -5.58, -5.62, -5.61, -5.6, -5.2, -5.17, -5.14, -5.13, -5.19, -5.53, -6.05, -6.21, -6.32, -6.08, -6.74, -5.9, -5.82, -4.98, -4.93, -5.5, -5.5, -5.5, -5.51, -5.51, -5.27, -5.27, -5.3, -5.37, -5.55, -5.97, -6.66, -6.23, -6.12, -6.02, -6.76, -5.89, -5.74, -5.62, -4.81, -5.33, -5.34, -5.37, -5.4, -5.43, -5.34, -5.36, -5.41, -5.5, -5.68, -5.93, -6.14, -6.08, -5.89, -5.74, -5.62, -4.61, -5.54, -5.39, -5.3, -5.12, -5.17, -5.23, -5.29, -5.34, -5.39, -5.42, -4.26, -4.37, -4.51, -5.74, -5.7, -5.56, -5.41, -5.32, -4.42, -4.39, -4.35, -4.2, -4.23, -4.9, -5.01, -5.11, -5.15, -5.23, -4.12, -4.15, -4.19, -4.24, -5.42, -5.33, -5.16, -4.92, -4.77, -4.8, -4.13, -4.2, -4.22, -4.2, -4.12, -4.33, -4.42, -4.48, -4.52, -4.55, -4.08, -4.1, -4.11, -4.11, -5.15, -4.95, -4.62, -4.17, -3.94, -3.7, -3.92, -4.05, -4.13, -4.09, -4.1, -4.31, -4.43, -4.5, -4.55, -4.57, -4.04, -4.04, -4.03, -5.11, -4.94, -4.67, -4.23, -3.51, -2.78, -3.39, -3.31, -3.53, -4.01, -4.12, -4.29, -4.38, -4.49, -4.55, -4.59, -4.6, -4.0, -3.99, -4.49, -4.4, -4.26, -4.06, -3.76, -3.35, -2.85, -3.1, -3.35, -3.54, -4.05, -4.19, -4.46, -4.52, -4.58, -4.62, -4.64, -4.64, -4.54, -4.49, -4.43, -4.34, -4.23, -4.07, -3.87, -3.67, -3.2, -3.31, -3.46, -3.59, -4.14, -4.56, -4.6, -4.65, -4.7, -4.71, -4.7, -4.67, -4.5, -4.46, -4.4, -4.32, -4.23, -4.12, -4.01, -3.02, -3.47, -3.54, -3.61, -3.68, -4.85, -4.65, -4.71, -4.79, -4.84, -4.81, -4.75, -4.7, -4.48, -4.43, -4.38, -2.99, -3.02, -3.06, -3.11, -3.19, -3.27, -3.3, -3.27, -4.31, -4.75, -4.71, -4.78, -4.91, -5.06, -4.92, -4.76, -4.7, -2.94, -2.96, -2.98, -3.01, -3.05, -3.11, -3.2, -3.34, -3.52, -3.6, -3.46, -4.16, -4.73, -4.8, -4.87, -4.94, -5.5, -4.77, -4.68, -4.67, -2.94, -2.96, -2.98, -3.01, -3.06, -3.13, -3.25, -3.44, -3.78, -4.07, -3.63, -4.05, -4.15, -4.77, -4.81, -4.83, -4.61, -4.3, -4.57, -4.63, -2.94, -2.95, -2.97, -3.0, -3.05, -3.11, -3.22, -3.39, -3.71, -3.97, -3.95, -3.87, -3.97, -4.74, -4.76, -4.3, -4.34, -4.3, -4.58, -4.62, -2.93, -2.94, -2.96, -2.98, -3.01, -3.06, -3.12, -3.2, -3.3, -3.28, -3.54, -3.56, -3.72, -3.68, -3.94, -4.12, -4.21, -4.23, -4.24, -4.23, -2.92, -2.93, -2.94, -2.95, -2.96, -2.98, -2.99, -2.97, -2.89, -3.06, -2.91, -2.76, -2.91, -3.04, -3.76, -3.95, -4.06, -4.12, -4.15, -4.15, -2.9, -2.91, -2.91, -2.91, -2.91, -2.9, -2.87, -2.78, -2.6, -2.5, -1.94, -2.44, -2.75, -2.93, -3.6, -3.8, -3.93, -4.01, -4.05, -4.07, -2.89, -2.89, -2.89, -2.88, -2.87, -2.84, -2.78, -2.68, -2.63, -2.3, -2.1, -2.41, -2.68, -2.87, -3.49, -3.69, -3.82, -3.91, -3.97, -4.0, -2.87, -2.87, -2.86, -2.85, -2.83, -2.79, -2.73, -2.64, -2.66, -2.5, -2.44, -2.55, -2.71, -2.86, -3.43, -3.6, -3.73, -3.83, -3.89, -3.93, -2.86, -2.86, -2.84, -2.83, -2.8, -2.77, -2.72, -2.83, -2.73, -2.65, -2.62, -2.68, -2.77, -2.87, -3.4, -3.55, -3.67, -3.76, -3.83, -3.87]}, {"header": {"refTime": "2023-09-24T15:00:00.000Z", "nx": 21, "ny": 33, "lo1": 113.509, "la1": 22.2235, "lo2": 113.5947, "la2": 22.1034, "dx": 0.0042850000000001385, "dy": 0.003753125000000024, "parameterCategory": 2, "parameterCategoryName": "Temperature", "parameterNumber": 3}, "data": [0.19, 0.16, 0.13, 0.09, 0.04, -0.34, -0.39, -0.44, -0.47, -0.46, -0.41, -0.37, -0.23, -0.19, -0.03, 0.06, 0.71, 0.76, 0.8, 0.82, 0.2, 0.18, 0.15, 0.1, 0.05, -0.02, -0.41, -0.51, -0.57, -0.52, -0.43, -0.37, -0.23, -0.19, -0.02, 0.65, 0.73, 0.79, 0.83, 0.85, 0.23, 0.21, 0.18, 0.13, 0.08, 0.0, -0.13, -0.55, -0.78, -0.56, -0.42, -0.37, -0.23, -0.19, 0.53, 0.66, 0.76, 0.83, 0.87, 0.9, 0.26, 0.24, 0.22, 0.18, 0.13, 0.07, -0.03, -0.21, -0.38, -0.47, -0.36, -0.35, -0.26, 0.13, 0.5, 0.68, 0.82, 0.9, 0.94, 0.95, 0.29, 0.28, 0.27, 0.24, 0.21, 0.17, 0.13, 0.07, 0.05, -0.28, -0.25, 0.06, -0.29, 0.06, 0.52, 0.75, 0.92, 1.01, 1.03, 1.01, 0.32, 0.32, 0.32, 0.31, 0.3, 0.29, 0.3, 0.33, 0.36, 0.39, 0.47, 0.26, 0.0, 0.33, 0.62, 0.87, 1.09, 1.18, 1.14, 1.08, 1.02, 0.36, 0.37, 0.38, 0.39, 0.4, 0.85, 0.54, 0.6, 0.94, 0.96, 0.64, 0.71, 0.67, 0.77, 1.0, 1.3, 1.41, 1.26, 1.16, 1.02, 1.01, 1.0, 1.15, 1.13, 0.84, 0.85, 0.86, 0.9, 0.92, 0.88, 1.21, 1.27, 0.93, 1.46, 1.51, 1.56, 1.58, 1.55, 1.53, 1.03, 1.02, 1.01, 0.99, 1.12, 1.11, 1.13, 0.85, 1.08, 0.95, 1.12, 1.25, 1.34, 1.3, 1.46, 1.49, 1.53, 1.54, 1.53, 1.52, 1.36, 1.34, 1.31, 0.99, 0.96, 1.05, 1.14, 1.24, 1.27, 1.22, 1.19, 1.28, 1.36, 1.3, 1.46, 1.48, 1.5, 1.51, 1.52, 1.51, 1.37, 1.35, 1.32, 1.27, 1.16, 0.83, 1.27, 1.54, 1.5, 1.41, 1.48, 1.26, 1.29, 1.28, 1.46, 1.47, 1.49, 1.5, 1.5, 1.5, 1.38, 1.36, 1.34, 1.3, 1.25, 1.22, 1.41, 1.72, 1.86, 1.82, 1.57, 1.61, 1.57, 1.26, 1.46, 1.47, 1.48, 1.21, 1.21, 1.21, 1.39, 1.38, 1.37, 1.35, 1.36, 1.4, 1.49, 1.68, 1.8, 1.69, 1.75, 1.65, 1.61, 1.07, 1.04, 1.12, 1.12, 1.13, 1.14, 1.15, 1.4, 1.4, 1.39, 1.4, 1.42, 1.46, 1.49, 1.57, 1.64, 1.64, 1.74, 1.36, 1.26, 1.18, 0.94, 1.01, 1.03, 1.05, 1.07, 1.09, 1.41, 1.41, 1.42, 1.42, 1.44, 1.47, 1.5, 1.03, 0.94, 0.84, 0.75, 0.31, 1.15, 1.06, 1.0, 0.89, 0.93, 0.97, 1.0, 1.03, 1.42, 1.43, 0.34, 0.36, 0.39, 0.75, 0.72, 0.63, 0.53, 0.48, 0.1, 0.13, 0.17, 0.07, 0.12, 1.13, 1.27, 1.4, 1.56, 1.64, 0.24, 0.23, 0.23, 0.21, 0.51, 0.43, 0.3, 0.12, 0.01, 0.04, -0.15, -0.02, 0.09, 0.17, 0.41, 0.77, 0.94, 1.07, 1.16, 1.22, 0.17, 0.15, 0.12, 0.07, 0.3, 0.14, -0.13, -0.49, -0.67, -0.76, -0.5, -0.15, 0.03, 0.36, 0.31, 0.72, 0.96, 1.11, 1.21, 1.26, 0.11, 0.08, 0.02, 0.27, 0.14, -0.08, -0.44, -1.02, -1.6, -1.03, -0.81, -0.53, 0.31, 0.44, 0.69, 0.87, 1.07, 1.21, 1.28, 1.32, 0.06, 0.01, -0.13, -0.21, -0.32, -0.48, -0.73, -1.09, -1.4, -1.09, -0.77, -0.52, 0.4, 0.59, 1.02, 1.13, 1.26, 1.35, 1.39, 1.39, -0.07, -0.1, -0.15, -0.22, -0.31, -0.44, -0.6, -0.77, -0.98, -0.83, -0.64, -0.47, 0.54, 1.22, 1.29, 1.39, 1.48, 1.52, 1.5, 1.47, -0.08, -0.11, -0.15, -0.21, -0.27, -0.35, -0.43, -0.59, -0.65, -0.57, -0.47, -0.39, 1.42, 1.39, 1.5, 1.64, 1.74, 1.7, 1.6, 1.53, -0.08, -0.11, -0.14, -0.34, -0.35, -0.36, -0.35, -0.31, -0.25, -0.19, -0.17, 0.62, 1.39, 1.51, 1.64, 1.86, 2.11, 1.89, 1.65, 1.54, -0.27, -0.27, -0.26, -0.26, -0.24, -0.22, -0.16, -0.08, 0.02, 0.08, 0.05, 1.33, 1.35, 1.53, 1.71, 1.93, 2.78, 1.7, 1.54, 1.51, -0.22, -0.21, -0.2, -0.18, -0.15, -0.1, -0.03, 0.07, 0.22, 0.34, 0.21, 1.24, 1.52, 1.47, 1.62, 1.72, 1.46, 1.01, 1.39, 1.46, -0.18, -0.16, -0.14, -0.11, -0.07, -0.02, 0.06, 0.16, 0.28, 0.36, 0.93, 1.19, 1.44, 1.42, 1.52, 1.6, 1.48, 1.38, 1.39, 1.44, -0.14, -0.12, -0.09, -0.06, -0.01, 0.05, 0.12, 0.2, 0.28, 0.33, 1.0, 1.16, 1.37, 1.45, 1.51, 1.53, 1.5, 1.47, 1.48, 1.51, -0.11, -0.09, -0.06, -0.02, 0.03, 0.09, 0.16, 0.24, 0.33, 0.97, 1.0, 0.58, 0.52, 0.46, 1.45, 1.48, 1.49, 1.48, 1.49, 1.51, -0.08, -0.06, -0.02, 0.01, 0.06, 0.12, 0.19, 0.28, 0.38, 0.94, 0.73, 0.63, 0.55, 0.49, 1.4, 1.44, 1.47, 1.48, 1.49, 1.5, -0.06, -0.04, -0.0, 0.04, 0.08, 0.14, 0.21, 0.29, 0.61, 0.67, 0.7, 0.63, 0.56, 0.51, 1.36, 1.41, 1.44, 1.46, 1.48, 1.49, -0.05, -0.02, 0.01, 0.05, 0.1, 0.15, 0.21, 0.28, 0.59, 0.62, 0.63, 0.6, 0.55, 0.51, 1.35, 1.39, 1.43, 1.45, 1.47, 1.48, -0.03, -0.01, 0.02, 0.06, 0.1, 0.15, 0.2, 0.56, 0.57, 0.59, 0.59, 0.57, 0.54, 0.51, 1.34, 1.38, 1.41, 1.44, 1.45, 1.47]}, {"header": {"refTime": "2023-09-24T15:00:00.000Z", "nx": 21, "ny": 33, "lo1": 113.509, "la1": 22.2235, "lo2": 113.5947, "la2": 22.1034, "dx": 0.0042850000000001385, "dy": 0.003753125000000024, "parameterCategory": 0, "parameterCategoryName": "Temperature", "parameterNumber": 0}, "data": [[31.22, 31.21, 31.21, 31.2, 31.2, 31.22, 31.21, 31.21, 31.21, 31.3, 31.34, 31.37, 31.42, 31.44, 31.13, 31.1, 31.21, 31.18, 31.16, 31.15], [31.22, 31.22, 31.21, 31.2, 31.2, 31.19, 31.2, 31.19, 31.18, 31.27, 31.33, 31.38, 31.43, 31.45, 31.15, 31.24, 31.19, 31.16, 31.14, 31.13], [31.23, 31.22, 31.22, 31.21, 31.2, 31.19, 31.18, 31.17, 31.12, 31.25, 31.34, 31.4, 31.46, 31.48, 31.29, 31.23, 31.17, 31.13, 31.11, 31.1], [31.23, 31.23, 31.22, 31.21, 31.2, 31.19, 31.18, 31.17, 31.15, 31.29, 31.38, 31.45, 31.5, 31.58, 31.3, 31.21, 31.13, 31.08, 31.06, 31.06], [31.24, 31.24, 31.23, 31.22, 31.21, 31.2, 31.2, 31.19, 31.2, 31.36, 31.42, 31.58, 31.59, 31.58, 31.29, 31.17, 31.06, 31.0, 30.99, 31.01], [31.25, 31.25, 31.24, 31.24, 31.23, 31.21, 31.2, 31.21, 31.22, 31.26, 31.56, 31.57, 31.59, 31.6, 31.27, 31.1, 30.94, 30.88, 30.91, 30.97], [31.32, 31.26, 31.26, 31.25, 31.25, 31.23, 31.3, 31.2, 31.21, 31.38, 31.45, 31.57, 31.6, 31.6, 31.23, 31.04, 30.78, 30.69, 30.7, 30.77], [31.33, 31.33, 31.33, 31.33, 31.32, 31.34, 31.3, 31.23, 31.17, 31.38, 31.48, 31.57, 31.57, 31.6, 30.91, 31.03, 30.79, 30.7, 30.84, 30.93], [31.27, 31.28, 31.35, 31.35, 31.36, 31.34, 31.29, 31.28, 31.23, 31.38, 31.54, 31.55, 31.56, 31.55, 30.94, 31.07, 30.93, 30.87, 30.91, 30.96], [31.5, 31.5, 31.5, 31.31, 31.34, 31.41, 31.36, 31.29, 31.33, 31.31, 31.56, 31.54, 31.55, 31.55, 30.94, 31.12, 31.03, 30.98, 30.98, 31.0], [31.5, 31.5, 31.5, 31.5, 31.5, 31.5, 31.5, 31.5, 31.36, 31.24, 31.5, 31.54, 31.54, 31.54, 30.93, 31.16, 31.09, 31.05, 31.04, 31.05], [31.5, 31.5, 31.5, 31.5, 31.5, 31.5, 31.5, 31.5, 31.5, -999.0, 31.5, 31.6, 31.6, 31.54, 30.92, 31.19, 31.15, 30.39, 30.39, 30.39], [31.5, 31.5, 31.5, 31.5, 31.5, 31.5, 31.5, 31.5, 31.5, 31.5, -999.0, 31.6, 31.6, 30.75, 31.12, 30.43, 30.43, 30.4, 30.41, 30.41], [31.5, 31.5, 31.5, 31.5, 31.5, 31.5, 31.5, 31.5, 31.5, 31.5, -999.0, 30.3, 30.3, 30.3, 31.01, 30.41, 30.41, 30.39, 30.39, 30.4], [31.5, 31.5, 31.5, 31.5, 31.5, 31.5, 31.5, 31.9, 31.9, 31.9, 31.9, 31.29, 30.3, 30.3, 30.3, 30.39, 30.4, 30.37, 30.38, 30.39], [31.5, 31.5, 31.75, 31.76, 31.76, 31.9, 31.9, 31.9, 31.9, 31.9, 30.89, 31.01, 30.85, 30.72, 30.87, 30.15, 30.13, 30.17, 30.24, 30.24], [31.76, 31.76, 31.64, 31.65, 31.9, 31.9, 31.9, 31.9, 31.9, 31.9, 31.21, 31.01, 30.8, 30.61, 30.45, 30.41, 30.45, 30.48, 30.5, 30.52], [31.64, 31.65, 31.65, 31.67, 31.9, 31.9, 31.9, 31.9, 31.9, 31.49, 31.28, 31.04, 30.79, 30.47, 30.32, 30.39, 30.45, 30.48, 30.51, 30.53], [31.65, 31.66, 31.67, 31.9, 31.9, 31.9, 31.9, 31.9, 31.76, 31.59, 31.4, 31.2, 30.67, 30.51, 30.38, 30.42, 30.46, 30.5, 30.52, 30.54], [31.66, 31.66, 31.79, 31.79, 31.8, 31.81, 31.83, 31.87, 31.73, 31.59, 31.42, 31.25, 30.69, 30.56, 30.45, 30.47, 30.49, 30.52, 30.54, 30.56], [31.78, 31.78, 31.78, 31.82, 31.82, 31.83, 31.83, 31.84, 31.6, 31.53, 31.43, 31.3, 30.69, 30.49, 30.49, 30.5, 30.52, 30.54, 30.56, 30.58], [31.81, 31.81, 31.81, 31.81, 31.81, 31.81, 31.82, 31.99, 31.55, 31.51, 31.44, 31.35, 30.63, 30.52, 30.52, 30.52, 30.52, 30.55, 30.59, 30.6], [31.8, 31.8, 31.8, 32.05, 32.04, 32.03, 32.01, 31.99, 31.98, 31.97, 31.99, 31.29, 31.04, 30.54, 30.54, 30.51, 30.46, 30.55, 30.63, 30.64], [32.09, 32.08, 32.08, 32.07, 32.06, 32.04, 32.02, 31.98, 31.94, 31.93, 31.97, 31.53, 31.07, 30.95, 30.83, 30.54, 30.25, 30.7, 30.71, 30.68], [32.1, 32.09, 32.09, 32.08, 32.07, 32.06, 32.03, 31.98, 31.9, 31.82, 31.95, 31.61, 31.47, 30.98, 30.87, 30.79, 30.8, 31.01, 30.79, 30.71], [32.11, 32.11, 32.1, 32.1, 32.09, 32.08, 32.06, 32.02, 31.93, 31.86, 31.76, 31.71, 31.58, 31.01, 30.92, 31.05, 31.03, 31.05, 30.77, 30.72], [32.12, 32.12, 32.12, 32.12, 32.12, 32.12, 32.11, 32.1, 32.08, 32.1, 31.91, 31.85, 31.71, 31.45, 31.29, 31.17, 31.11, 31.1, 31.09, 31.1], [32.13, 32.13, 32.14, 32.14, 32.15, 32.15, 32.17, 32.19, 32.24, 32.13, 32.18, 32.28, 32.19, 32.1, 31.41, 31.28, 31.21, 31.17, 31.15, 31.15], [32.14, 32.15, 32.15, 32.16, 32.17, 32.19, 32.22, 32.27, 32.36, 32.37, 32.66, 32.42, 32.26, 32.15, 31.51, 31.38, 31.29, 31.24, 31.21, 31.2], [32.15, 32.16, 32.17, 32.18, 32.19, 32.22, 32.25, 32.31, 32.35, 32.49, 32.58, 32.43, 32.29, 32.18, 31.58, 31.45, 31.37, 31.31, 31.27, 31.25], [32.16, 32.17, 32.18, 32.19, 32.21, 32.23, 32.27, 32.32, 32.32, 32.4, 32.42, 32.36, 32.27, 32.19, 31.62, 31.51, 31.42, 31.36, 31.32, 31.29], [32.17, 32.18, 32.19, 32.2, 32.22, 32.24, 32.27, 32.24, 32.29, 32.32, 32.33, 32.3, 32.24, 32.18, 31.64, 31.54, 31.46, 31.4, 31.36, 31.33]]}]