awsData/contour/wdir_2023092412.json
[{"header": {"refTime": "2023-09-24T12:00:00.000Z", "nx": 21, "ny": 33, "lo1": 113.509, "la1": 22.2235, "lo2": 113.5947, "la2": 22.1034, "dx": 0.0042850000000001385, "dy": 0.003753125000000024, "parameterCategory": 2, "parameterCategoryName": "Temperature", "parameterNumber": 2}, "data": [-2.4, -2.4, -2.39, -2.41, -2.4, -2.71, -2.68, -2.64, -2.64, -2.58, -2.66, -2.75, -2.98, -3.02, -3.99, -4.11, -4.44, -4.5, -4.55, -4.58, -2.4, -2.4, -2.4, -2.39, -2.4, -2.38, -2.64, -2.56, -2.51, -2.52, -2.66, -2.79, -3.03, -3.08, -4.03, -4.38, -4.48, -4.56, -4.61, -4.64, -2.4, -2.4, -2.4, -2.4, -2.41, -2.39, -2.36, -2.49, -2.25, -2.47, -2.69, -2.87, -3.12, -3.15, -4.26, -4.41, -4.54, -4.64, -4.69, -4.71, -2.41, -2.41, -2.41, -2.41, -2.4, -2.41, -2.39, -2.33, -2.29, -2.54, -2.77, -3.0, -3.28, -3.27, -4.25, -4.46, -4.65, -4.77, -4.82, -4.81, -2.41, -2.41, -2.41, -2.42, -2.42, -2.45, -2.44, -2.42, -2.4, -2.64, -2.83, -3.3, -3.54, -3.32, -4.25, -4.56, -4.82, -4.97, -4.98, -4.93, -2.41, -2.41, -2.41, -2.42, -2.44, -2.46, -2.5, -2.51, -2.5, -2.46, -2.97, -3.17, -3.36, -4.02, -4.29, -4.71, -5.12, -5.3, -5.2, -5.05, -3.45, -2.41, -2.41, -2.42, -2.44, -2.48, -2.56, -2.61, -2.61, -2.63, -2.58, -2.95, -3.97, -4.13, -4.33, -4.86, -5.54, -5.79, -5.89, -5.78, -3.46, -3.42, -3.37, -3.39, -3.36, -2.49, -2.55, -2.68, -2.83, -2.6, -2.41, -3.41, -3.64, -4.32, -5.16, -5.48, -5.85, -5.99, -5.79, -5.65, -3.48, -3.43, -3.37, -3.28, -3.28, -3.28, -3.36, -2.59, -3.29, -2.65, -3.5, -4.05, -4.87, -4.48, -5.22, -5.42, -5.63, -5.72, -5.68, -5.6, -4.39, -4.31, -4.2, -3.27, -3.08, -3.03, -3.35, -3.68, -3.8, -3.64, -3.92, -4.48, -5.2, -4.66, -5.28, -5.37, -5.49, -5.56, -5.56, -5.54, -4.42, -4.34, -4.23, -4.02, -3.58, -2.3, -3.93, -4.8, -4.42, -4.19, -5.05, -4.35, -4.57, -4.49, -5.29, -5.34, -5.41, -5.46, -5.48, -5.48, -4.46, -4.41, -4.32, -4.2, -3.99, -3.88, -4.53, -5.32, -5.63, -6.12, -5.21, -5.32, -5.29, -4.33, -5.28, -5.32, -5.36, -5.85, -5.85, -5.84, -4.52, -4.49, -4.46, -4.44, -4.49, -4.77, -5.2, -5.42, -5.57, -5.33, -6.12, -5.35, -5.29, -4.84, -4.81, -5.75, -5.75, -5.76, -5.76, -5.77, -4.58, -4.58, -4.59, -4.64, -4.79, -5.12, -5.65, -5.38, -5.34, -5.26, -6.1, -5.77, -5.7, -5.63, -4.77, -5.61, -5.63, -5.65, -5.68, -5.7, -4.63, -4.65, -4.68, -4.76, -4.9, -5.1, -5.27, -4.89, -4.69, -4.5, -4.35, -3.94, -5.57, -5.48, -5.43, -5.45, -5.5, -5.55, -5.59, -5.63, -4.67, -4.7, -3.13, -3.23, -3.34, -4.45, -4.4, -4.24, -4.07, -3.96, -3.58, -3.73, -3.89, -4.08, -4.2, -4.98, -5.01, -5.04, -5.07, -5.1, -2.96, -2.98, -3.01, -3.03, -4.06, -3.94, -3.72, -3.43, -3.25, -3.29, -3.21, -3.53, -3.85, -4.14, -4.14, -4.68, -4.69, -4.69, -4.69, -4.69, -2.88, -2.88, -2.87, -2.83, -3.72, -3.46, -3.04, -2.47, -2.18, -2.3, -2.81, -3.35, -3.79, -4.09, -4.59, -4.68, -4.69, -4.69, -4.69, -4.7, -2.81, -2.79, -2.74, -3.67, -3.45, -3.11, -2.55, -1.63, -0.79, -1.83, -2.73, -3.33, -3.46, -3.93, -4.68, -4.68, -4.69, -4.69, -4.69, -4.7, -2.75, -2.71, -3.84, -3.7, -3.48, -3.16, -2.66, -1.93, -1.41, -2.15, -2.87, -3.39, -3.35, -3.71, -4.69, -4.69, -4.69, -4.69, -4.7, -4.7, -4.02, -3.95, -3.87, -3.75, -3.58, -3.35, -3.03, -2.7, -2.46, -2.8, -3.23, -3.57, -3.3, -4.69, -4.69, -4.69, -4.69, -4.7, -4.7, -4.7, -4.04, -4.0, -3.93, -3.85, -3.75, -3.63, -3.51, -2.7, -3.32, -3.52, -3.72, -3.87, -5.28, -4.69, -4.69, -4.69, -4.69, -4.7, -4.7, -4.71, -4.09, -4.06, -4.02, -2.9, -2.95, -3.02, -3.14, -3.32, -3.53, -3.66, -3.62, -4.22, -5.41, -4.7, -4.7, -4.69, -4.69, -4.7, -4.71, -4.71, -2.9, -2.93, -2.97, -3.03, -3.13, -3.27, -3.5, -3.86, -4.3, -4.51, -4.22, -4.84, -5.45, -5.24, -5.06, -4.7, -4.66, -4.72, -4.72, -4.71, -2.95, -2.99, -3.04, -3.13, -3.25, -3.44, -3.73, -4.21, -5.01, -5.68, -4.71, -4.81, -4.55, -5.27, -5.08, -4.93, -4.73, -4.76, -4.73, -4.72, -2.98, -3.03, -3.09, -3.18, -3.31, -3.49, -3.77, -4.21, -4.94, -5.53, -5.09, -4.59, -4.37, -5.3, -5.13, -4.23, -4.39, -4.44, -4.73, -4.72, -3.01, -3.05, -3.12, -3.2, -3.3, -3.45, -3.64, -3.89, -4.16, -4.18, -4.32, -4.11, -4.08, -3.57, -3.85, -4.06, -4.2, -4.26, -4.26, -4.22, -3.02, -3.06, -3.12, -3.18, -3.26, -3.35, -3.44, -3.5, -3.43, -3.58, -3.3, -3.51, -3.77, -3.98, -3.67, -3.88, -4.03, -4.11, -4.13, -4.12, -3.02, -3.06, -3.1, -3.15, -3.2, -3.23, -3.24, -3.18, -2.95, -2.73, -2.08, -2.95, -3.48, -3.79, -3.51, -3.73, -3.88, -3.97, -4.01, -4.03, -3.02, -3.05, -3.08, -3.11, -3.13, -3.13, -3.1, -2.99, -3.28, -2.71, -2.35, -2.89, -3.37, -3.69, -3.4, -3.61, -3.75, -3.85, -3.91, -3.94, -3.01, -3.03, -3.05, -3.07, -3.07, -3.06, -3.01, -2.91, -3.34, -3.06, -2.94, -3.13, -3.42, -3.66, -3.34, -3.52, -3.66, -3.76, -3.82, -3.86, -3.0, -3.01, -3.03, -3.03, -3.03, -3.01, -2.97, -3.64, -3.47, -3.32, -3.27, -3.36, -3.52, -3.69, -3.31, -3.47, -3.59, -3.68, -3.75, -3.8]}, {"header": {"refTime": "2023-09-24T12:00:00.000Z", "nx": 21, "ny": 33, "lo1": 113.509, "la1": 22.2235, "lo2": 113.5947, "la2": 22.1034, "dx": 0.0042850000000001385, "dy": 0.003753125000000024, "parameterCategory": 2, "parameterCategoryName": "Temperature", "parameterNumber": 3}, "data": [-0.63, -0.64, -0.66, -0.43, -0.47, -1.09, -1.11, -1.14, -1.16, -0.99, -0.98, -0.97, -1.09, -1.08, -1.19, -1.14, -0.71, -0.68, -0.66, -0.64, -0.62, -0.63, -0.65, -0.68, -0.46, -0.53, -1.11, -1.15, -1.18, -1.03, -1.0, -0.99, -1.12, -1.1, -1.2, -0.76, -0.71, -0.67, -0.65, -0.63, -0.6, -0.62, -0.63, -0.66, -0.45, -0.51, -0.62, -1.16, -1.23, -1.05, -1.0, -1.03, -1.16, -1.14, -0.84, -0.76, -0.7, -0.65, -0.63, -0.61, -0.59, -0.6, -0.61, -0.63, -0.66, -0.46, -0.55, -0.69, -0.83, -0.98, -0.97, -1.08, -1.26, -0.8, -0.86, -0.74, -0.67, -0.62, -0.6, -0.59, -0.57, -0.57, -0.58, -0.59, -0.61, -0.38, -0.42, -0.46, -0.46, -0.81, -0.87, -0.87, -1.36, -0.9, -0.85, -0.7, -0.62, -0.57, -0.56, -0.56, -0.55, -0.55, -0.55, -0.55, -0.56, -0.56, -0.3, -0.28, -0.22, -0.12, -0.26, -0.61, -0.98, -0.83, -0.76, -0.63, -0.54, -0.5, -0.51, -0.53, 0.21, -0.52, -0.52, -0.51, -0.51, -0.5, 0.02, -0.17, -0.1, 0.31, 0.42, -0.13, -0.44, -0.49, -0.63, -0.55, -0.45, -0.41, -0.47, -0.5, 0.22, 0.2, 0.18, 0.14, 0.12, -0.01, -0.01, -0.04, -0.07, 0.34, 0.6, 0.35, 0.29, -0.23, 0.04, -0.06, -0.18, -0.23, -0.16, -0.11, 0.23, 0.21, 0.19, 0.15, 0.1, 0.1, 0.11, -0.01, 0.31, 0.29, 0.46, 0.34, 0.28, 0.31, 0.06, -0.02, -0.1, -0.13, -0.12, -0.09, 0.66, 0.63, 0.58, 0.15, 0.08, 0.03, 0.14, 0.25, 0.56, 0.59, 0.4, 0.33, 0.28, 0.31, 0.07, 0.01, -0.04, -0.07, -0.08, -0.07, 0.67, 0.64, 0.59, 0.5, 0.32, -0.22, 0.46, 0.81, 0.57, 0.74, 0.73, 0.35, 0.32, 0.33, 0.07, 0.03, -0.01, -0.03, -0.05, -0.05, 0.69, 0.67, 0.63, 0.58, 0.49, 0.45, 0.71, 1.01, 1.12, 1.09, 0.81, 0.55, 0.49, 0.34, 0.07, 0.04, 0.01, -0.55, -0.57, -0.58, 0.71, 0.7, 0.69, 0.69, 0.71, 0.83, 1.02, 1.07, 1.11, 1.03, 1.01, 0.62, 0.55, -0.37, -0.42, -0.62, -0.64, -0.64, -0.64, -0.64, 0.74, 0.74, 0.75, 0.77, 0.84, 0.99, 1.25, 1.08, 1.04, 1.01, 1.04, 0.05, -0.12, -0.26, -0.61, -0.77, -0.76, -0.75, -0.73, -0.71, 0.76, 0.77, 0.79, 0.82, 0.89, 0.98, 1.05, 0.67, 0.52, 0.4, 0.31, -0.81, -0.31, -0.48, -0.58, -0.94, -0.9, -0.86, -0.81, -0.78, 0.78, 0.79, -0.15, -0.1, -0.05, 0.4, 0.37, 0.26, 0.14, 0.07, -0.92, -1.02, -1.14, -1.47, -1.48, -0.46, -0.25, -0.04, -0.01, 0.11, -0.26, -0.25, -0.24, -0.24, 0.15, 0.08, -0.06, -0.24, -0.36, -0.34, -1.15, -1.19, -1.29, -1.43, -1.26, -0.97, -0.69, -0.46, -0.31, -0.21, -0.31, -0.32, -0.34, -0.38, -0.06, -0.22, -0.48, -0.84, -1.02, -1.39, -1.31, -1.32, -1.39, -1.29, -1.71, -1.06, -0.65, -0.39, -0.23, -0.13, -0.37, -0.39, -0.43, -0.1, -0.23, -0.44, -0.79, -1.36, -1.98, -1.61, -1.88, -1.82, -0.97, -1.08, -1.12, -0.81, -0.46, -0.24, -0.1, -0.03, -0.41, -0.45, -0.74, -0.81, -0.91, -1.06, -1.27, -1.57, -2.03, -1.94, -1.85, -1.8, -0.76, -0.7, -0.56, -0.38, -0.16, -0.01, 0.07, 0.09, -0.72, -0.76, -0.8, -0.87, -0.96, -1.08, -1.22, -1.37, -1.88, -1.84, -1.79, -1.76, -0.5, -0.21, -0.11, 0.05, 0.21, 0.27, 0.26, 0.22, -0.76, -0.8, -0.85, -0.91, -0.98, -1.07, -1.16, -1.31, -1.75, -1.72, -1.7, -1.7, 0.05, 0.07, 0.23, 0.45, 0.61, 0.57, 0.43, 0.32, -0.79, -0.83, -0.87, -1.06, -1.09, -1.11, -1.14, -1.15, -1.14, -1.11, -1.06, -0.27, 0.19, 0.26, 0.47, 0.81, 1.17, 0.88, 0.52, 0.36, -0.96, -0.97, -0.98, -0.99, -1.0, -1.01, -1.02, -1.03, -1.03, -1.02, -0.97, 0.43, 0.13, 0.39, 0.66, 0.92, 2.14, 0.64, 0.39, 0.33, -0.92, -0.92, -0.92, -0.92, -0.92, -0.92, -0.92, -0.94, -0.99, -1.05, -0.92, 0.32, 0.75, 0.32, 0.53, 0.68, 0.31, -0.29, 0.2, 0.27, -0.88, -0.88, -0.87, -0.86, -0.85, -0.83, -0.82, -0.83, -0.9, -0.98, -0.14, 0.32, 0.7, 0.24, 0.4, 0.73, 0.5, 0.35, 0.19, 0.24, -0.84, -0.83, -0.82, -0.8, -0.77, -0.74, -0.71, -0.68, -0.66, -0.61, 0.18, 0.44, 0.7, 0.81, 0.78, 0.71, 0.61, 0.55, 0.57, 0.62, -0.81, -0.79, -0.77, -0.74, -0.7, -0.66, -0.6, -0.51, -0.38, 0.36, 0.48, -0.16, -0.34, -0.51, 0.76, 0.72, 0.67, 0.64, 0.64, 0.66, -0.77, -0.75, -0.72, -0.69, -0.64, -0.58, -0.5, -0.37, -0.17, 0.59, 0.51, 0.09, -0.2, -0.41, 0.76, 0.73, 0.7, 0.68, 0.68, 0.69, -0.75, -0.72, -0.69, -0.65, -0.6, -0.53, -0.43, -0.3, -0.04, 0.22, 0.38, 0.11, -0.16, -0.35, 0.76, 0.75, 0.73, 0.71, 0.71, 0.71, -0.72, -0.69, -0.66, -0.62, -0.56, -0.5, -0.41, -0.29, -0.08, 0.04, 0.09, -0.02, -0.18, -0.34, 0.77, 0.75, 0.74, 0.73, 0.73, 0.73, -0.7, -0.67, -0.64, -0.6, -0.55, -0.48, -0.41, -0.23, -0.16, -0.09, -0.08, -0.14, -0.24, -0.35, 0.77, 0.76, 0.75, 0.74, 0.74, 0.74]}, {"header": {"refTime": "2023-09-24T12:00:00.000Z", "nx": 21, "ny": 33, "lo1": 113.509, "la1": 22.2235, "lo2": 113.5947, "la2": 22.1034, "dx": 0.0042850000000001385, "dy": 0.003753125000000024, "parameterCategory": 0, "parameterCategoryName": "Temperature", "parameterNumber": 0}, "data": [[29.92, 29.93, 29.94, 29.79, 29.81, 30.14, 30.15, 30.16, 30.17, 30.08, 30.08, 30.08, 30.42, 30.43, 30.24, 30.22, 30.31, 30.3, 30.29, 30.28], [29.92, 29.92, 29.93, 29.95, 29.81, 29.84, 30.15, 30.16, 30.18, 30.1, 30.09, 30.09, 30.42, 30.44, 30.25, 30.33, 30.3, 30.29, 30.27, 30.27], [29.91, 29.92, 29.93, 29.94, 29.8, 29.84, 29.89, 30.16, 30.19, 30.11, 30.09, 30.11, 30.44, 30.45, 30.36, 30.32, 30.29, 30.27, 30.26, 30.25], [29.91, 29.91, 29.92, 29.92, 29.94, 29.81, 29.85, 29.93, 29.99, 30.08, 30.08, 30.15, 30.46, 30.27, 30.36, 30.31, 30.27, 30.24, 30.23, 30.23], [29.9, 29.9, 29.9, 29.91, 29.91, 29.77, 29.79, 29.81, 29.81, 29.99, 30.03, 30.26, 30.41, 30.3, 30.36, 30.29, 30.23, 30.19, 30.19, 30.2], [29.89, 29.89, 29.89, 29.89, 29.89, 29.89, 29.73, 29.72, 29.69, 29.64, 30.03, 30.2, 30.33, 30.53, 30.35, 30.25, 30.16, 30.12, 30.14, 30.17], [29.76, 29.88, 29.88, 29.87, 29.87, 29.86, 29.6, 29.67, 29.64, 29.65, 29.65, 30.11, 30.56, 30.55, 30.33, 30.22, 30.07, 30.01, 30.01, 30.05], [29.76, 29.76, 29.76, 29.76, 29.76, 29.62, 29.62, 29.62, 29.7, 29.59, 29.4, 30.17, 30.18, 30.55, 30.16, 30.24, 30.08, 30.03, 30.12, 30.17], [29.74, 29.74, 29.76, 29.76, 29.76, 29.76, 29.75, 29.61, 29.54, 29.68, 29.74, 29.94, 30.04, 29.91, 30.18, 30.26, 30.18, 30.14, 30.16, 30.19], [29.8, 29.8, 29.8, 29.75, 29.76, 29.78, 29.77, 29.75, 29.42, 29.44, 30.05, 29.82, 29.89, 29.86, 30.18, 30.29, 30.24, 30.21, 30.21, 30.22], [29.8, 29.8, 29.8, 29.8, 29.8, 29.8, 29.8, 29.8, 29.76, 29.53, 29.2, 29.73, 29.8, 29.8, 30.17, 30.32, 30.28, 30.25, 30.25, 30.25], [29.8, 29.8, 29.8, 29.8, 29.8, 29.8, 29.8, 29.8, 29.8, -999.0, 29.2, 30.6, 30.6, 29.76, 30.16, 30.34, 30.32, 29.45, 29.46, 29.46], [29.8, 29.8, 29.8, 29.8, 29.8, 29.8, 29.8, 29.8, 29.8, 29.8, -999.0, 30.6, 30.6, 29.62, 30.05, 29.61, 29.61, 29.52, 29.53, 29.54], [29.8, 29.8, 29.8, 29.8, 29.8, 29.8, 29.8, 29.8, 29.8, 29.8, -999.0, 29.1, 29.1, 29.1, 29.92, 29.54, 29.55, 29.45, 29.48, 29.49], [29.8, 29.8, 29.8, 29.8, 29.8, 29.8, 29.8, 30.2, 30.2, 30.2, 30.2, 29.78, 29.1, 29.1, 29.1, 29.47, 29.49, 29.4, 29.43, 29.45], [29.8, 29.8, 30.05, 30.06, 30.06, 30.2, 30.2, 30.2, 30.2, 30.2, 29.51, 29.59, 29.48, 29.39, 29.49, 29.32, 29.35, 29.29, 29.47, 29.5], [30.06, 30.06, 29.94, 29.95, 30.2, 30.2, 30.2, 30.2, 30.2, 30.2, 29.73, 29.59, 29.45, 29.31, 29.3, 29.36, 29.46, 29.53, 29.58, 29.62], [29.94, 29.95, 29.95, 29.97, 30.2, 30.2, 30.2, 30.2, 30.2, 29.92, 29.77, 29.61, 29.44, 29.31, 29.13, 29.33, 29.46, 29.55, 29.61, 29.64], [29.95, 29.96, 29.97, 30.2, 30.2, 30.2, 30.2, 30.2, 30.1, 29.99, 30.05, 29.92, 29.51, 29.37, 29.31, 29.41, 29.52, 29.59, 29.64, 29.68], [29.96, 29.96, 30.71, 30.69, 30.66, 30.61, 30.54, 30.35, 30.2, 30.17, 30.1, 29.99, 29.56, 29.48, 29.48, 29.53, 29.6, 29.66, 29.69, 29.72], [30.75, 30.74, 30.72, 30.57, 30.55, 30.53, 30.49, 30.46, 30.24, 30.22, 30.17, 30.09, 29.61, 29.59, 29.61, 29.65, 29.7, 29.73, 29.75, 29.76], [30.62, 30.62, 30.61, 30.6, 30.6, 30.59, 30.58, 30.83, 30.33, 30.32, 30.27, 30.2, 29.94, 29.67, 29.7, 29.74, 29.78, 29.8, 29.81, 29.81], [30.64, 30.64, 30.64, 30.98, 30.97, 30.96, 30.95, 30.95, 30.97, 30.99, 31.02, 30.47, 30.4, 29.73, 29.77, 29.81, 29.83, 29.86, 29.87, 29.85], [31.04, 31.04, 31.03, 31.03, 31.03, 31.03, 31.04, 31.05, 31.07, 31.08, 31.1, 30.98, 30.42, 30.3, 30.18, 29.85, 29.81, 29.96, 29.93, 29.88], [31.07, 31.07, 31.07, 31.08, 31.08, 31.09, 31.11, 31.12, 31.12, 31.12, 31.15, 31.04, 30.93, 30.32, 30.21, 30.12, 29.99, 30.08, 29.96, 29.9], [31.09, 31.1, 31.11, 31.12, 31.13, 31.15, 31.17, 31.18, 31.17, 31.16, 31.16, 31.12, 31.02, 30.34, 30.24, 30.32, 30.25, 30.24, 29.94, 29.9], [31.12, 31.13, 31.14, 31.15, 31.17, 31.2, 31.23, 31.25, 31.28, 31.31, 31.28, 31.23, 31.12, 30.72, 30.55, 30.43, 30.35, 30.33, 30.33, 30.34], [31.14, 31.15, 31.17, 31.19, 31.21, 31.24, 31.28, 31.34, 31.41, 31.46, 31.5, 31.48, 31.36, 31.24, 30.66, 30.54, 30.45, 30.41, 30.4, 30.4], [31.16, 31.17, 31.19, 31.22, 31.25, 31.28, 31.33, 31.4, 31.51, 31.66, 31.86, 31.61, 31.44, 31.3, 30.76, 30.63, 30.54, 30.49, 30.46, 30.45], [31.18, 31.19, 31.21, 31.24, 31.27, 31.31, 31.36, 31.44, 31.55, 31.69, 31.78, 31.62, 31.46, 31.33, 30.83, 30.7, 30.62, 30.56, 30.52, 30.5], [31.19, 31.21, 31.23, 31.25, 31.29, 31.32, 31.38, 31.44, 31.52, 31.59, 31.61, 31.55, 31.44, 31.34, 30.87, 30.76, 30.67, 30.61, 30.57, 30.55], [31.2, 31.22, 31.24, 31.26, 31.29, 31.33, 31.37, 31.44, 31.48, 31.51, 31.51, 31.47, 31.41, 31.34, 30.88, 30.79, 30.71, 30.66, 30.61, 30.59]]}]