awsData/contour/wdir_2023092417.json
[{"header": {"refTime": "2023-09-24T17:00:00.000Z", "nx": 21, "ny": 33, "lo1": 113.509, "la1": 22.2235, "lo2": 113.5947, "la2": 22.1034, "dx": 0.0042850000000001385, "dy": 0.003753125000000024, "parameterCategory": 2, "parameterCategoryName": "Temperature", "parameterNumber": 2}, "data": [-2.49, -2.46, -2.43, -2.13, -2.09, -2.44, -2.35, -2.26, -2.24, -2.03, -2.17, -2.31, -3.17, -3.27, -3.96, -4.13, -5.29, -5.37, -5.43, -5.47, -2.51, -2.48, -2.45, -2.4, -2.1, -2.04, -2.28, -2.1, -2.0, -1.93, -2.16, -2.36, -3.24, -3.34, -4.03, -5.2, -5.33, -5.43, -5.49, -5.53, -2.53, -2.51, -2.48, -2.44, -2.14, -2.07, -1.95, -1.97, -1.48, -1.84, -2.21, -2.48, -3.35, -3.44, -5.03, -5.22, -5.39, -5.51, -5.58, -5.61, -2.56, -2.55, -2.52, -2.49, -2.44, -2.14, -2.04, -1.88, -1.72, -1.98, -2.34, -2.69, -3.51, -3.67, -4.99, -5.28, -5.5, -5.65, -5.71, -5.71, -2.59, -2.59, -2.57, -2.56, -2.53, -2.25, -2.21, -2.15, -2.1, -2.17, -2.47, -3.62, -3.68, -3.7, -5.02, -5.4, -5.69, -5.85, -5.88, -5.83, -2.62, -2.63, -2.63, -2.63, -2.63, -2.63, -2.4, -2.43, -2.4, -2.31, -3.41, -3.62, -3.71, -4.78, -5.14, -5.59, -6.01, -6.18, -6.09, -5.96, -4.33, -2.67, -2.68, -2.69, -2.72, -2.76, -2.97, -2.74, -2.75, -3.11, -3.06, -3.69, -5.14, -5.19, -5.3, -5.79, -6.43, -6.66, -6.62, -6.48, -4.34, -4.29, -4.23, -4.15, -4.12, -2.94, -3.0, -3.16, -3.45, -2.99, -2.44, -4.72, -5.16, -5.57, -6.51, -6.68, -6.89, -6.96, -6.85, -6.78, -4.36, -4.31, -4.23, -4.14, -4.04, -4.03, -4.11, -3.04, -3.73, -3.2, -4.21, -5.19, -6.07, -5.65, -6.56, -6.66, -6.77, -6.82, -6.79, -6.75, -5.38, -5.29, -5.16, -4.13, -3.92, -3.79, -4.11, -4.46, -4.28, -4.03, -4.8, -5.52, -6.28, -5.77, -6.6, -6.64, -6.7, -6.73, -6.73, -6.72, -5.41, -5.32, -5.19, -4.96, -4.47, -3.05, -4.85, -5.77, -5.26, -4.71, -5.65, -5.36, -5.62, -5.56, -6.61, -6.62, -6.66, -6.68, -6.69, -6.69, -5.46, -5.4, -5.31, -5.17, -4.93, -4.82, -5.52, -6.33, -6.63, -7.19, -5.87, -6.65, -6.63, -5.37, -6.6, -6.61, -6.63, -6.2, -6.19, -6.17, -5.52, -5.49, -5.47, -5.45, -5.51, -5.83, -6.33, -6.49, -6.59, -6.36, -7.21, -6.66, -6.63, -5.55, -5.46, -5.98, -5.98, -5.99, -6.01, -6.02, -5.59, -5.59, -5.61, -5.68, -5.85, -6.26, -6.91, -6.5, -6.4, -6.3, -7.2, -6.13, -5.96, -5.81, -5.19, -5.67, -5.7, -5.76, -5.81, -5.86, -5.65, -5.67, -5.72, -5.81, -5.97, -6.22, -6.42, -5.98, -5.72, -5.51, -5.34, -4.04, -5.65, -5.44, -5.31, -5.3, -5.4, -5.51, -5.61, -5.7, -5.7, -5.73, -4.07, -4.18, -4.31, -5.5, -5.45, -5.26, -5.05, -4.92, -3.75, -3.74, -3.71, -3.73, -3.76, -4.42, -4.52, -4.62, -4.67, -4.76, -3.87, -3.9, -3.93, -3.96, -5.06, -4.92, -4.68, -4.35, -4.15, -4.18, -3.35, -3.48, -3.54, -3.56, -3.29, -3.54, -3.56, -3.57, -3.58, -3.58, -3.79, -3.79, -3.78, -3.74, -4.68, -4.39, -3.93, -3.3, -2.97, -2.69, -3.03, -3.27, -3.42, -3.25, -3.47, -3.54, -3.56, -3.58, -3.58, -3.59, -3.71, -3.68, -3.64, -4.61, -4.38, -4.0, -3.38, -2.37, -1.35, -2.24, -2.23, -2.58, -2.94, -3.2, -3.54, -3.56, -3.58, -3.59, -3.59, -3.59, -3.64, -3.59, -3.81, -3.68, -3.49, -3.2, -2.77, -2.18, -1.5, -1.89, -2.29, -2.59, -2.92, -3.13, -3.58, -3.59, -3.6, -3.61, -3.6, -3.6, -3.89, -3.82, -3.74, -3.61, -3.45, -3.22, -2.94, -2.66, -2.04, -2.22, -2.46, -2.66, -2.93, -3.6, -3.61, -3.62, -3.64, -3.63, -3.62, -3.6, -3.84, -3.78, -3.7, -3.59, -3.47, -3.32, -3.16, -2.03, -2.47, -2.57, -2.69, -2.79, -3.94, -3.62, -3.64, -3.67, -3.69, -3.66, -3.63, -3.6, -3.81, -3.75, -3.68, -2.11, -2.13, -2.17, -2.23, -2.33, -2.44, -2.5, -2.47, -3.18, -3.79, -3.63, -3.66, -3.71, -3.79, -3.7, -3.62, -3.59, -2.09, -2.11, -2.13, -2.16, -2.21, -2.29, -2.41, -2.59, -2.81, -2.92, -2.77, -3.39, -3.79, -3.76, -3.75, -3.72, -4.02, -3.59, -3.55, -3.56, -2.11, -2.13, -2.16, -2.21, -2.27, -2.36, -2.51, -2.76, -3.17, -3.52, -3.01, -3.33, -3.31, -3.75, -3.72, -3.68, -3.5, -3.31, -3.49, -3.54, -2.13, -2.15, -2.18, -2.23, -2.29, -2.38, -2.52, -2.74, -3.13, -3.43, -3.34, -3.17, -3.17, -3.74, -3.7, -3.22, -3.26, -3.25, -3.5, -3.53, -2.14, -2.16, -2.19, -2.23, -2.28, -2.35, -2.44, -2.57, -2.7, -2.71, -2.93, -2.88, -2.96, -2.75, -2.94, -3.08, -3.16, -3.18, -3.18, -3.17, -2.14, -2.16, -2.18, -2.21, -2.25, -2.29, -2.33, -2.35, -2.3, -2.48, -2.33, -2.27, -2.41, -2.51, -2.81, -2.95, -3.05, -3.09, -3.11, -3.11, -2.13, -2.15, -2.17, -2.19, -2.21, -2.22, -2.22, -2.17, -2.03, -1.97, -1.5, -1.97, -2.25, -2.41, -2.69, -2.84, -2.94, -3.0, -3.04, -3.05, -2.13, -2.14, -2.15, -2.16, -2.17, -2.17, -2.14, -2.07, -2.15, -1.84, -1.65, -1.94, -2.19, -2.36, -2.61, -2.75, -2.86, -2.93, -2.97, -2.99, -2.12, -2.13, -2.14, -2.14, -2.14, -2.12, -2.09, -2.03, -2.18, -2.03, -1.97, -2.07, -2.22, -2.34, -2.56, -2.69, -2.79, -2.86, -2.91, -2.94, -2.11, -2.12, -2.12, -2.12, -2.11, -2.1, -2.07, -2.34, -2.25, -2.17, -2.14, -2.19, -2.27, -2.36, -2.54, -2.66, -2.75, -2.81, -2.86, -2.9]}, {"header": {"refTime": "2023-09-24T17:00:00.000Z", "nx": 21, "ny": 33, "lo1": 113.509, "la1": 22.2235, "lo2": 113.5947, "la2": 22.1034, "dx": 0.0042850000000001385, "dy": 0.003753125000000024, "parameterCategory": 2, "parameterCategoryName": "Temperature", "parameterNumber": 3}, "data": [0.96, 0.95, 0.94, 0.79, 0.79, 0.96, 0.95, 0.95, 0.95, 1.06, 1.12, 1.18, 1.63, 1.68, 2.0, 2.09, 2.7, 2.74, 2.77, 2.79, 0.97, 0.96, 0.94, 0.93, 0.79, 0.79, 0.93, 0.9, 0.89, 1.01, 1.12, 1.21, 1.66, 1.71, 2.03, 2.65, 2.71, 2.77, 2.8, 2.82, 0.98, 0.97, 0.95, 0.93, 0.79, 0.79, 0.78, 0.87, 0.77, 0.97, 1.14, 1.26, 1.71, 1.76, 2.55, 2.66, 2.75, 2.81, 2.85, 2.86, 0.99, 0.98, 0.97, 0.95, 0.92, 0.79, 0.78, 0.77, 0.76, 1.03, 1.2, 1.35, 1.77, 1.86, 2.54, 2.69, 2.8, 2.88, 2.91, 2.92, 1.0, 1.0, 0.98, 0.97, 0.94, 0.79, 0.79, 0.79, 0.79, 1.12, 1.25, 1.83, 1.82, 1.87, 2.55, 2.75, 2.9, 2.99, 3.0, 2.98, 1.02, 1.02, 1.01, 0.99, 0.97, 0.94, 0.79, 0.79, 0.8, 0.83, 1.76, 1.84, 1.87, 2.22, 2.62, 2.85, 3.06, 3.15, 3.11, 3.04, 1.7, 1.04, 1.04, 1.03, 1.01, 0.97, 0.99, 0.78, 0.79, 1.25, 1.4, 1.92, 2.4, 2.38, 2.71, 2.96, 3.28, 3.4, 3.2, 3.08, 1.72, 1.7, 1.68, 1.53, 1.5, 1.09, 1.01, 0.88, 0.84, 1.19, 1.2, 2.29, 2.47, 2.49, 2.99, 3.16, 3.38, 3.45, 3.34, 3.26, 1.75, 1.73, 1.71, 1.68, 1.54, 1.51, 1.44, 0.97, 1.11, 1.27, 1.93, 2.3, 2.5, 2.41, 2.96, 3.1, 3.23, 3.29, 3.27, 3.23, 2.3, 2.27, 2.23, 1.73, 1.68, 1.58, 1.58, 1.57, 1.41, 1.38, 2.12, 2.32, 2.49, 2.4, 2.94, 3.04, 3.14, 3.19, 3.2, 3.18, 2.31, 2.28, 2.24, 2.17, 2.02, 1.59, 2.12, 2.36, 1.88, 1.64, 2.15, 2.28, 2.35, 2.34, 2.94, 3.01, 3.08, 3.12, 3.14, 3.14, 2.33, 2.31, 2.28, 2.24, 2.17, 2.14, 2.33, 2.49, 2.54, 2.72, 2.22, 2.66, 2.67, 2.3, 2.94, 3.0, 3.04, 2.37, 2.38, 2.38, 2.35, 2.34, 2.34, 2.34, 2.36, 2.48, 2.65, 2.59, 2.56, 2.52, 2.74, 2.66, 2.66, 1.94, 1.87, 2.1, 2.13, 2.17, 2.2, 2.23, 2.37, 2.37, 2.38, 2.41, 2.48, 2.64, 2.92, 2.67, 2.57, 2.53, 2.75, 1.89, 1.78, 1.67, 1.64, 1.85, 1.9, 1.97, 2.03, 2.08, 2.39, 2.4, 2.42, 2.45, 2.52, 2.61, 2.68, 2.94, 2.91, 2.91, 2.91, 1.87, 1.57, 1.43, 1.34, 1.56, 1.65, 1.76, 1.86, 1.93, 2.4, 2.42, 2.6, 2.63, 2.67, 2.97, 2.97, 2.96, 2.95, 2.95, 2.03, 1.8, 1.52, 1.28, 1.15, 1.12, 1.26, 1.4, 1.77, 1.89, 2.6, 2.61, 2.63, 2.66, 2.97, 2.98, 2.99, 3.0, 3.0, 2.99, 2.05, 1.75, 1.38, 0.97, 0.79, 0.72, 0.94, 1.1, 1.22, 1.3, 2.62, 2.64, 2.66, 2.7, 2.99, 3.0, 3.02, 3.05, 3.06, 2.53, 2.21, 1.74, 1.3, 0.81, 0.22, 0.66, 0.96, 1.15, 1.28, 1.35, 2.64, 2.66, 2.69, 2.99, 3.0, 3.02, 3.05, 3.1, 3.03, 2.65, 1.73, 1.33, 1.45, 1.04, 0.62, 0.84, 1.09, 1.26, 1.37, 1.43, 2.66, 2.68, 2.31, 2.33, 2.37, 2.44, 2.54, 2.72, 2.55, 2.12, 1.68, 1.33, 1.64, 1.4, 1.02, 1.14, 1.3, 1.42, 1.49, 1.52, 2.21, 2.22, 2.23, 2.24, 2.26, 2.3, 2.35, 2.42, 1.99, 1.78, 1.52, 1.28, 1.81, 1.27, 1.33, 1.44, 1.55, 1.61, 1.62, 1.62, 2.16, 2.15, 2.15, 2.14, 2.13, 2.12, 2.11, 1.66, 1.55, 1.44, 1.3, 1.17, 0.99, 1.46, 1.57, 1.7, 1.8, 1.81, 1.76, 1.7, 2.1, 2.08, 2.06, 1.4, 1.4, 1.39, 1.37, 1.31, 1.22, 1.15, 1.14, 1.74, 1.41, 1.61, 1.73, 1.91, 2.08, 1.99, 1.85, 1.77, 1.32, 1.32, 1.31, 1.3, 1.27, 1.22, 1.15, 1.02, 0.87, 0.78, 0.85, 0.89, 1.36, 1.59, 1.8, 2.0, 2.45, 1.99, 1.86, 1.79, 1.27, 1.26, 1.24, 1.21, 1.16, 1.1, 0.99, 0.83, 0.58, 0.39, 0.63, 0.81, 1.06, 1.55, 1.75, 1.91, 1.9, 1.74, 1.81, 1.78, 1.23, 1.21, 1.18, 1.14, 1.08, 1.01, 0.9, 0.75, 0.54, 0.38, 0.56, 0.78, 0.99, 1.5, 1.68, 1.84, 1.85, 1.83, 1.79, 1.77, 1.19, 1.16, 1.13, 1.09, 1.03, 0.96, 0.86, 0.75, 0.64, 0.59, 0.63, 0.77, 0.94, 1.54, 1.67, 1.75, 1.79, 1.8, 1.8, 1.8, 1.16, 1.13, 1.09, 1.05, 0.99, 0.93, 0.85, 0.76, 0.69, 0.62, 0.64, 0.53, 0.59, 0.66, 1.57, 1.67, 1.72, 1.75, 1.76, 1.77, 1.13, 1.1, 1.07, 1.02, 0.97, 0.91, 0.84, 0.77, 0.7, 0.61, 0.51, 0.54, 0.58, 0.65, 1.5, 1.59, 1.66, 1.7, 1.72, 1.73, 1.11, 1.08, 1.05, 1.01, 0.96, 0.91, 0.85, 0.79, 0.51, 0.52, 0.52, 0.55, 0.59, 0.64, 1.44, 1.54, 1.6, 1.65, 1.68, 1.69, 1.1, 1.07, 1.04, 1.0, 0.96, 0.91, 0.86, 0.81, 0.53, 0.53, 0.54, 0.56, 0.59, 0.63, 1.41, 1.5, 1.56, 1.61, 1.64, 1.66, 1.09, 1.06, 1.03, 1.0, 0.96, 0.92, 0.88, 0.54, 0.55, 0.55, 0.56, 0.58, 0.6, 0.64, 1.4, 1.47, 1.53, 1.58, 1.61, 1.63]}, {"header": {"refTime": "2023-09-24T17:00:00.000Z", "nx": 21, "ny": 33, "lo1": 113.509, "la1": 22.2235, "lo2": 113.5947, "la2": 22.1034, "dx": 0.0042850000000001385, "dy": 0.003753125000000024, "parameterCategory": 0, "parameterCategoryName": "Temperature", "parameterNumber": 0}, "data": [[30.72, 30.74, 30.76, 30.63, 30.67, 30.88, 30.92, 30.97, 30.98, 30.91, 30.84, 30.77, 30.94, 30.91, 30.53, 30.47, 30.26, 30.24, 30.22, 30.2], [30.71, 30.73, 30.75, 30.77, 30.66, 30.72, 30.95, 31.04, 31.09, 30.98, 30.85, 30.76, 30.91, 30.89, 30.5, 30.29, 30.25, 30.21, 30.19, 30.18], [30.7, 30.71, 30.73, 30.75, 30.64, 30.7, 30.81, 31.09, 31.32, 31.04, 30.84, 30.73, 30.87, 30.85, 30.34, 30.28, 30.22, 30.18, 30.16, 30.15], [30.68, 30.69, 30.7, 30.72, 30.75, 30.65, 30.73, 30.88, 31.01, 30.93, 30.76, 30.66, 30.79, 30.51, 30.35, 30.26, 30.18, 30.13, 30.11, 30.11], [30.66, 30.67, 30.67, 30.68, 30.7, 30.57, 30.6, 30.65, 30.66, 30.73, 30.64, 30.5, 30.56, 30.52, 30.34, 30.21, 30.1, 30.04, 30.04, 30.06], [30.65, 30.64, 30.64, 30.64, 30.64, 30.64, 30.47, 30.45, 30.42, 30.37, 30.39, 30.48, 30.54, 30.67, 30.32, 30.15, 29.98, 29.91, 29.95, 30.01], [30.32, 30.62, 30.62, 30.61, 30.59, 30.57, 30.15, 30.29, 30.24, 30.14, 30.17, 30.45, 30.71, 30.7, 30.3, 30.08, 29.81, 29.7, 29.7, 29.77], [30.33, 30.33, 30.33, 30.33, 30.32, 30.21, 30.17, 30.12, 30.12, 30.11, 30.02, 30.52, 30.53, 30.7, 29.98, 30.12, 29.84, 29.74, 29.9, 30.01], [30.27, 30.28, 30.35, 30.35, 30.36, 30.34, 30.29, 30.15, 30.04, 30.16, 30.25, 30.38, 30.44, 30.36, 30.02, 30.18, 30.01, 29.94, 29.98, 30.04], [30.5, 30.5, 30.5, 30.31, 30.34, 30.41, 30.36, 30.29, 29.99, 30.0, 30.45, 30.3, 30.34, 30.32, 30.02, 30.23, 30.13, 30.07, 30.07, 30.09], [30.5, 30.5, 30.5, 30.5, 30.5, 30.5, 30.5, 30.5, 30.36, 30.03, 29.9, 30.24, 30.28, 30.29, 30.0, 30.27, 30.2, 30.15, 30.14, 30.15], [30.5, 30.5, 30.5, 30.5, 30.5, 30.5, 30.5, 30.5, 30.5, -999.0, 29.9, 30.8, 30.8, 30.26, 29.99, 30.32, 30.27, 29.27, 29.28, 29.28], [30.5, 30.5, 30.5, 30.5, 30.5, 30.5, 30.5, 30.5, 30.5, 30.5, -999.0, 30.8, 30.8, 29.69, 30.18, 29.35, 29.36, 29.31, 29.32, 29.32], [30.5, 30.5, 30.5, 30.5, 30.5, 30.5, 30.5, 30.5, 30.5, 30.5, -999.0, 29.1, 29.1, 29.1, 30.03, 29.32, 29.33, 29.28, 29.29, 29.3], [30.5, 30.5, 30.5, 30.5, 30.5, 30.5, 30.5, 30.9, 30.9, 30.9, 30.9, 30.21, 29.1, 29.1, 29.1, 29.28, 29.3, 29.25, 29.26, 29.28], [30.5, 30.5, 30.75, 30.76, 30.76, 30.9, 30.9, 30.9, 30.9, 30.9, 29.77, 29.9, 29.72, 29.57, 29.74, 29.25, 29.27, 29.23, 29.31, 29.33], [30.76, 30.76, 30.64, 30.65, 30.9, 30.9, 30.9, 30.9, 30.9, 30.9, 30.13, 29.9, 29.67, 29.45, 29.36, 29.3, 29.38, 29.43, 29.47, 29.5], [30.64, 30.65, 30.65, 30.67, 30.9, 30.9, 30.9, 30.9, 30.9, 30.44, 30.2, 29.93, 29.65, 29.38, 29.14, 29.28, 29.38, 29.45, 29.49, 29.52], [30.65, 30.66, 30.67, 30.9, 30.9, 30.9, 30.9, 30.9, 30.74, 30.55, 30.33, 30.1, 29.67, 29.46, 29.26, 29.34, 29.42, 29.48, 29.52, 29.55], [30.66, 30.66, 30.73, 30.74, 30.75, 30.76, 30.79, 30.85, 30.7, 30.54, 30.35, 30.16, 29.73, 29.58, 29.4, 29.44, 29.49, 29.53, 29.56, 29.58], [30.72, 30.72, 30.73, 30.78, 30.78, 30.79, 30.8, 30.81, 30.55, 30.47, 30.35, 30.21, 29.77, 29.48, 29.49, 29.52, 29.56, 29.59, 29.6, 29.61], [30.76, 30.76, 30.76, 30.77, 30.77, 30.77, 30.77, 30.94, 30.48, 30.43, 30.35, 30.26, 29.72, 29.54, 29.56, 29.59, 29.62, 29.64, 29.65, 29.65], [30.75, 30.75, 30.75, 30.99, 30.98, 30.97, 30.95, 30.93, 30.91, 30.91, 30.92, 30.4, 30.08, 29.59, 29.62, 29.64, 29.65, 29.68, 29.7, 29.68], [31.02, 31.02, 31.01, 31.0, 30.99, 30.97, 30.95, 30.91, 30.87, 30.85, 30.89, 30.6, 30.11, 30.01, 29.93, 29.68, 29.61, 29.77, 29.75, 29.71], [31.03, 31.03, 31.02, 31.01, 31.0, 30.98, 30.96, 30.9, 30.81, 30.72, 30.86, 30.66, 30.58, 30.03, 29.95, 29.88, 29.81, 29.89, 29.78, 29.73], [31.04, 31.04, 31.03, 31.03, 31.02, 31.01, 30.98, 30.94, 30.84, 30.76, 30.74, 30.74, 30.67, 30.05, 29.98, 30.1, 30.04, 30.04, 29.76, 29.73], [31.05, 31.05, 31.05, 31.05, 31.04, 31.04, 31.03, 31.01, 30.99, 31.01, 30.9, 30.87, 30.77, 30.48, 30.32, 30.21, 30.14, 30.11, 30.11, 30.13], [31.06, 31.06, 31.06, 31.07, 31.07, 31.08, 31.09, 31.11, 31.15, 31.1, 31.15, 31.14, 31.02, 30.91, 30.43, 30.31, 30.23, 30.19, 30.18, 30.18], [31.07, 31.07, 31.08, 31.09, 31.1, 31.11, 31.14, 31.18, 31.27, 31.32, 31.54, 31.29, 31.1, 30.97, 30.52, 30.4, 30.32, 30.27, 30.24, 30.23], [31.08, 31.09, 31.09, 31.1, 31.12, 31.14, 31.17, 31.22, 31.21, 31.37, 31.46, 31.29, 31.13, 31.01, 30.59, 30.47, 30.39, 30.33, 30.3, 30.28], [31.09, 31.1, 31.1, 31.12, 31.13, 31.15, 31.19, 31.23, 31.18, 31.26, 31.28, 31.22, 31.11, 31.02, 30.62, 30.52, 30.44, 30.38, 30.34, 30.32], [31.1, 31.1, 31.11, 31.12, 31.14, 31.16, 31.19, 31.09, 31.14, 31.17, 31.18, 31.14, 31.08, 31.01, 30.64, 30.55, 30.48, 30.42, 30.38, 30.36]]}]