awsData/contour/wdir_2023092500.json
[{"header": {"refTime": "2023-09-25T00:00:00.000Z", "nx": 21, "ny": 33, "lo1": 113.509, "la1": 22.2235, "lo2": 113.5947, "la2": 22.1034, "dx": 0.0042850000000001385, "dy": 0.003753125000000024, "parameterCategory": 2, "parameterCategoryName": "Temperature", "parameterNumber": 2}, "data": [-2.78, -2.79, -2.79, -3.0, -2.98, -3.2, -3.15, -3.1, -3.09, -2.91, -2.98, -3.04, -3.12, -3.15, -4.6, -4.78, -4.99, -5.1, -5.17, -5.22, -2.78, -2.78, -2.79, -2.8, -2.99, -2.95, -3.11, -3.02, -2.96, -2.87, -2.98, -3.07, -3.16, -3.19, -4.64, -4.9, -5.06, -5.18, -5.27, -5.31, -2.77, -2.78, -2.79, -2.8, -3.01, -2.97, -2.91, -2.95, -2.69, -2.83, -3.0, -3.13, -3.23, -3.25, -4.7, -4.94, -5.16, -5.32, -5.41, -5.44, -2.77, -2.78, -2.79, -2.81, -2.82, -3.01, -2.96, -2.88, -2.8, -2.89, -3.06, -3.23, -3.36, -3.34, -4.68, -5.02, -5.32, -5.52, -5.6, -5.59, -2.75, -2.76, -2.78, -2.8, -2.83, -3.07, -3.05, -3.01, -2.98, -2.96, -3.11, -3.38, -3.6, -3.39, -4.7, -5.18, -5.61, -5.84, -5.86, -5.78, -2.74, -2.75, -2.76, -2.79, -2.83, -2.9, -3.15, -3.17, -3.14, -3.07, -3.11, -3.26, -3.43, -4.07, -4.77, -5.43, -6.08, -6.35, -6.2, -5.97, -4.13, -2.72, -2.73, -2.76, -2.81, -2.9, -3.07, -3.35, -3.34, -3.13, -2.97, -3.04, -3.99, -4.17, -4.84, -5.67, -6.74, -7.14, -7.07, -6.83, -4.13, -4.07, -3.99, -3.97, -3.94, -2.85, -3.04, -3.36, -3.67, -3.11, -2.81, -3.49, -3.68, -4.37, -5.73, -6.33, -7.06, -7.32, -6.93, -6.67, -4.14, -4.07, -3.96, -3.83, -3.76, -3.79, -4.0, -3.14, -4.23, -3.15, -3.72, -4.2, -5.05, -4.64, -5.75, -6.17, -6.6, -6.79, -6.71, -6.56, -5.24, -5.12, -4.94, -3.76, -3.45, -3.31, -3.85, -4.43, -4.83, -4.6, -4.12, -4.68, -5.42, -4.85, -5.79, -6.04, -6.31, -6.46, -6.48, -6.43, -5.27, -5.16, -4.99, -4.67, -4.0, -2.06, -4.53, -5.81, -5.43, -5.3, -5.81, -4.55, -4.77, -4.69, -5.8, -5.96, -6.14, -6.26, -6.31, -6.3, -5.34, -5.26, -5.14, -4.94, -4.62, -4.47, -5.44, -6.59, -7.04, -7.48, -6.09, -5.9, -5.78, -4.52, -5.8, -5.92, -6.03, -6.62, -6.64, -6.64, -5.43, -5.39, -5.35, -5.33, -5.41, -5.83, -6.5, -6.78, -6.96, -6.62, -7.39, -6.01, -5.86, -4.92, -4.89, -6.35, -6.4, -6.44, -6.48, -6.5, -5.52, -5.52, -5.55, -5.63, -5.86, -6.39, -7.24, -6.75, -6.65, -6.52, -7.41, -6.49, -6.32, -6.19, -4.84, -6.14, -6.2, -6.26, -6.32, -6.37, -5.6, -5.63, -5.69, -5.81, -6.03, -6.35, -6.61, -6.18, -5.88, -5.62, -5.41, -4.39, -6.13, -5.97, -5.87, -5.9, -5.99, -6.08, -6.17, -6.24, -5.67, -5.71, -3.61, -3.75, -3.93, -5.57, -5.51, -5.28, -5.03, -4.88, -3.96, -4.07, -4.19, -4.07, -4.19, -4.88, -4.87, -4.87, -5.23, -5.27, -3.36, -3.4, -3.44, -3.49, -5.03, -4.87, -4.56, -4.16, -3.91, -3.96, -3.46, -3.78, -4.06, -4.3, -4.0, -4.32, -4.18, -4.08, -4.0, -3.95, -3.27, -3.27, -3.26, -3.22, -4.56, -4.21, -3.63, -2.85, -2.45, -2.39, -2.98, -3.53, -3.96, -3.95, -4.6, -4.36, -4.17, -4.05, -3.97, -3.92, -3.18, -3.15, -3.1, -4.49, -4.19, -3.72, -2.95, -1.69, -0.48, -1.78, -2.29, -2.94, -3.17, -3.72, -4.39, -4.25, -4.09, -3.98, -3.91, -3.87, -3.09, -3.04, -3.91, -3.74, -3.48, -3.1, -2.51, -1.68, -0.94, -1.67, -2.4, -2.96, -3.01, -3.4, -4.14, -4.06, -3.96, -3.89, -3.84, -3.81, -4.06, -3.98, -3.87, -3.71, -3.5, -3.2, -2.83, -2.44, -1.93, -2.27, -2.71, -3.08, -2.89, -3.99, -3.95, -3.89, -3.82, -3.78, -3.75, -3.75, -4.04, -3.96, -3.87, -3.75, -3.6, -3.42, -3.23, -2.06, -2.7, -2.9, -3.12, -3.3, -4.58, -3.87, -3.81, -3.75, -3.69, -3.67, -3.67, -3.69, -4.04, -3.97, -3.9, -2.27, -2.31, -2.36, -2.46, -2.62, -2.8, -2.92, -2.88, -3.3, -4.16, -3.78, -3.72, -3.65, -3.59, -3.57, -3.6, -3.63, -2.29, -2.31, -2.34, -2.4, -2.47, -2.6, -2.79, -3.09, -3.47, -3.66, -3.41, -3.96, -4.2, -3.99, -3.8, -3.58, -3.55, -3.48, -3.53, -3.59, -2.33, -2.37, -2.42, -2.49, -2.59, -2.75, -3.0, -3.41, -4.09, -4.65, -3.85, -3.95, -3.72, -4.01, -3.81, -3.65, -3.46, -3.4, -3.51, -3.57, -2.37, -2.41, -2.47, -2.55, -2.66, -2.81, -3.05, -3.43, -4.04, -4.53, -4.19, -3.77, -3.58, -4.04, -3.85, -3.1, -3.17, -3.19, -3.53, -3.58, -2.4, -2.44, -2.5, -2.57, -2.66, -2.79, -2.96, -3.18, -3.41, -3.44, -3.58, -3.4, -3.36, -2.69, -2.86, -2.98, -3.07, -3.1, -3.09, -3.07, -2.42, -2.45, -2.5, -2.56, -2.64, -2.72, -2.81, -2.87, -2.84, -3.0, -2.78, -2.85, -3.01, -3.11, -2.74, -2.87, -2.96, -3.01, -3.02, -3.02, -2.42, -2.46, -2.5, -2.54, -2.59, -2.64, -2.66, -2.62, -2.46, -2.33, -1.8, -2.43, -2.8, -2.99, -2.64, -2.78, -2.87, -2.92, -2.95, -2.96, -2.42, -2.45, -2.48, -2.52, -2.54, -2.56, -2.55, -2.47, -2.7, -2.27, -2.0, -2.38, -2.71, -2.91, -2.57, -2.7, -2.79, -2.85, -2.89, -2.91, -2.42, -2.44, -2.47, -2.49, -2.5, -2.5, -2.47, -2.41, -2.73, -2.51, -2.43, -2.55, -2.74, -2.9, -2.53, -2.65, -2.73, -2.8, -2.84, -2.86, -2.41, -2.43, -2.45, -2.46, -2.47, -2.46, -2.43, -2.94, -2.81, -2.7, -2.66, -2.71, -2.81, -2.92, -2.52, -2.62, -2.69, -2.75, -2.79, -2.82]}, {"header": {"refTime": "2023-09-25T00:00:00.000Z", "nx": 21, "ny": 33, "lo1": 113.509, "la1": 22.2235, "lo2": 113.5947, "la2": 22.1034, "dx": 0.0042850000000001385, "dy": 0.003753125000000024, "parameterCategory": 2, "parameterCategoryName": "Temperature", "parameterNumber": 3}, "data": [-0.34, -0.33, -0.31, 0.07, 0.07, -0.22, -0.19, -0.17, -0.16, 0.06, 0.04, 0.01, -0.04, -0.05, 0.13, 0.17, 0.35, 0.38, 0.41, 0.43, -0.35, -0.34, -0.32, -0.3, 0.06, 0.07, -0.17, -0.12, -0.1, 0.06, 0.03, -0.01, -0.07, -0.07, 0.11, 0.3, 0.36, 0.4, 0.44, 0.45, -0.36, -0.35, -0.33, -0.31, 0.06, 0.06, 0.07, -0.09, 0.05, 0.07, 0.02, -0.04, -0.11, -0.11, 0.21, 0.31, 0.39, 0.44, 0.47, 0.49, -0.37, -0.36, -0.35, -0.34, -0.31, 0.05, 0.05, 0.07, 0.08, 0.07, 0.01, -0.1, -0.2, -0.03, 0.2, 0.33, 0.43, 0.5, 0.53, 0.53, -0.39, -0.38, -0.37, -0.36, -0.35, 0.03, 0.03, 0.04, 0.07, 0.1, 0.02, -0.07, -0.33, -0.09, 0.21, 0.38, 0.52, 0.59, 0.6, 0.58, -0.4, -0.4, -0.4, -0.39, -0.39, -0.37, -0.01, -0.01, 0.03, 0.12, 0.25, 0.06, -0.13, -0.07, 0.28, 0.47, 0.65, 0.72, 0.69, 0.64, -0.26, -0.42, -0.42, -0.43, -0.43, -0.42, -0.26, -0.12, -0.09, 0.26, 0.43, 0.32, 0.15, 0.11, 0.37, 0.57, 0.83, 0.92, 0.74, 0.64, -0.25, -0.27, -0.29, -0.34, -0.35, -0.31, -0.3, -0.33, -0.34, 0.28, 0.6, 0.56, 0.53, 0.23, 0.66, 0.78, 0.93, 0.99, 0.91, 0.85, -0.24, -0.26, -0.28, -0.31, -0.37, -0.37, -0.35, -0.3, -0.02, 0.23, 0.58, 0.52, 0.45, 0.48, 0.63, 0.73, 0.83, 0.87, 0.86, 0.83, 0.06, 0.04, -0.0, -0.31, -0.38, -0.44, -0.35, -0.25, 0.17, 0.24, 0.54, 0.49, 0.43, 0.47, 0.61, 0.69, 0.76, 0.8, 0.8, 0.79, 0.07, 0.05, 0.01, -0.06, -0.21, -0.64, -0.1, 0.17, -0.01, 0.3, 0.52, 0.5, 0.48, 0.49, 0.61, 0.67, 0.72, 0.75, 0.76, 0.77, 0.09, 0.07, 0.05, 0.0, -0.07, -0.1, 0.11, 0.33, 0.41, 0.53, 0.53, 0.47, 0.46, 0.5, 0.61, 0.66, 0.69, 0.3, 0.31, 0.31, 0.11, 0.1, 0.09, 0.09, 0.11, 0.21, 0.37, 0.39, 0.41, 0.35, 0.52, 0.47, 0.47, 0.01, -0.02, 0.12, 0.15, 0.18, 0.2, 0.21, 0.13, 0.13, 0.14, 0.16, 0.22, 0.35, 0.57, 0.41, 0.37, 0.34, 0.53, 0.03, -0.05, -0.12, -0.15, -0.02, 0.02, 0.06, 0.09, 0.12, 0.15, 0.16, 0.17, 0.2, 0.26, 0.33, 0.4, 0.84, 0.88, 0.92, 0.95, 0.35, -0.17, -0.25, -0.3, -0.18, -0.13, -0.06, -0.01, 0.04, 0.17, 0.18, 0.54, 0.56, 0.6, 0.93, 0.94, 0.98, 1.01, 1.03, 0.52, 0.33, 0.11, -0.14, -0.24, -0.49, -0.42, -0.36, -0.09, -0.03, 0.57, 0.58, 0.61, 0.65, 1.01, 1.04, 1.08, 1.14, 1.18, 1.17, 0.58, 0.32, 0.01, -0.32, -0.52, -0.91, -0.87, -0.85, -0.84, -0.83, 0.61, 0.64, 0.67, 0.72, 1.08, 1.14, 1.22, 1.34, 1.4, 1.0, 0.7, 0.34, -0.03, -0.49, -0.93, -0.91, -0.87, -0.84, -0.83, -0.82, 0.65, 0.68, 0.73, 1.09, 1.14, 1.21, 1.33, 1.52, 1.61, 1.17, 0.48, 0.11, 0.0, -0.33, -0.92, -0.88, -0.84, -0.82, -0.81, -0.81, 0.68, 0.72, 0.67, 0.72, 0.78, 0.87, 1.02, 1.25, 1.23, 0.84, 0.43, 0.12, 0.13, -0.09, -0.85, -0.83, -0.8, -0.79, -0.79, -0.8, 0.59, 0.61, 0.63, 0.66, 0.7, 0.76, 0.85, 0.95, 0.71, 0.53, 0.29, 0.07, 0.23, -0.81, -0.79, -0.76, -0.74, -0.75, -0.76, -0.78, 0.56, 0.57, 0.58, 0.59, 0.6, 0.62, 0.64, 0.39, 0.32, 0.22, 0.09, -0.03, -0.57, -0.77, -0.74, -0.69, -0.66, -0.69, -0.75, -0.78, 0.52, 0.52, 0.52, 0.14, 0.14, 0.14, 0.12, 0.07, -0.01, -0.07, -0.09, 0.19, -0.78, -0.75, -0.7, -0.62, -0.51, -0.63, -0.76, -0.8, 0.06, 0.06, 0.06, 0.04, 0.02, -0.02, -0.08, -0.19, -0.33, -0.4, -0.35, -0.6, -0.79, -0.75, -0.7, -0.61, -0.17, -0.78, -0.84, -0.83, 0.02, 0.01, -0.01, -0.04, -0.08, -0.14, -0.23, -0.37, -0.58, -0.75, -0.54, -0.64, -0.53, -0.78, -0.75, -0.74, -0.91, -1.18, -0.93, -0.87, -0.02, -0.04, -0.07, -0.1, -0.15, -0.22, -0.32, -0.45, -0.63, -0.76, -0.76, -0.66, -0.56, -0.8, -0.79, -0.79, -0.89, -0.95, -0.92, -0.88, -0.06, -0.08, -0.11, -0.16, -0.21, -0.28, -0.36, -0.46, -0.56, -0.61, -0.73, -0.67, -0.59, -0.77, -0.78, -0.8, -0.84, -0.87, -0.86, -0.84, -0.09, -0.12, -0.15, -0.19, -0.25, -0.31, -0.38, -0.46, -0.54, -0.74, -0.73, -0.99, -1.06, -1.14, -0.78, -0.8, -0.82, -0.83, -0.83, -0.82, -0.12, -0.14, -0.18, -0.22, -0.27, -0.33, -0.39, -0.47, -0.55, -0.75, -0.85, -0.95, -1.03, -1.11, -0.79, -0.8, -0.81, -0.81, -0.82, -0.81, -0.14, -0.16, -0.2, -0.24, -0.28, -0.34, -0.4, -0.46, -0.96, -0.91, -0.88, -0.95, -1.02, -1.09, -0.79, -0.79, -0.8, -0.8, -0.81, -0.8, -0.15, -0.18, -0.21, -0.25, -0.29, -0.34, -0.39, -0.45, -0.98, -0.95, -0.95, -0.98, -1.03, -1.09, -0.79, -0.79, -0.79, -0.8, -0.8, -0.8, -0.16, -0.19, -0.22, -0.25, -0.29, -0.33, -0.37, -1.01, -1.0, -0.99, -1.0, -1.02, -1.05, -1.09, -0.78, -0.79, -0.79, -0.79, -0.79, -0.79]}, {"header": {"refTime": "2023-09-25T00:00:00.000Z", "nx": 21, "ny": 33, "lo1": 113.509, "la1": 22.2235, "lo2": 113.5947, "la2": 22.1034, "dx": 0.0042850000000001385, "dy": 0.003753125000000024, "parameterCategory": 0, "parameterCategoryName": "Temperature", "parameterNumber": 0}, "data": [[28.73, 28.72, 28.72, 28.49, 28.5, 28.72, 28.72, 28.72, 28.73, 28.66, 28.66, 28.67, 28.82, 28.83, 28.82, 28.82, 28.81, 28.81, 28.8, 28.8], [28.73, 28.73, 28.72, 28.72, 28.5, 28.51, 28.71, 28.72, 28.72, 28.67, 28.67, 28.68, 28.83, 28.84, 28.83, 28.82, 28.81, 28.8, 28.8, 28.79], [28.73, 28.73, 28.72, 28.72, 28.49, 28.51, 28.54, 28.71, 28.7, 28.67, 28.67, 28.7, 28.85, 28.85, 28.84, 28.82, 28.81, 28.8, 28.79, 28.79], [28.74, 28.73, 28.73, 28.72, 28.71, 28.5, 28.52, 28.56, 28.59, 28.65, 28.67, 28.73, 28.88, 28.75, 28.84, 28.82, 28.8, 28.79, 28.78, 28.78], [28.74, 28.74, 28.73, 28.73, 28.71, 28.48, 28.49, 28.5, 28.5, 28.61, 28.65, 28.77, 28.9, 28.78, 28.84, 28.81, 28.79, 28.78, 28.77, 28.77], [28.75, 28.74, 28.74, 28.73, 28.72, 28.7, 28.46, 28.46, 28.44, 28.4, 28.57, 28.7, 28.81, 28.9, 28.82, 28.79, 28.77, 28.75, 28.76, 28.77], [28.78, 28.75, 28.75, 28.75, 28.73, 28.71, 28.52, 28.44, 28.42, 28.35, 28.33, 28.58, 28.83, 28.85, 28.8, 28.78, 28.74, 28.73, 28.76, 28.77], [28.79, 28.79, 28.79, 28.79, 28.78, 28.6, 28.55, 28.5, 28.47, 28.33, 28.2, 28.52, 28.52, 28.85, 28.7, 28.7, 28.7, 28.7, 28.7, 28.7], [28.71, 28.72, 28.81, 28.82, 28.82, 28.8, 28.74, 28.53, 28.37, 28.37, 28.33, 28.42, 28.46, 28.4, 28.7, 28.7, 28.7, 28.7, 28.7, 28.7], [29.0, 29.0, 29.0, 28.77, 28.8, 28.89, 28.83, 28.74, 28.27, 28.29, 28.46, 28.36, 28.4, 28.38, 28.7, 28.7, 28.7, 28.7, 28.7, 28.7], [29.0, 29.0, 29.0, 29.0, 29.0, 29.0, 29.0, 29.0, 28.82, 28.36, 28.1, 28.33, 28.36, 28.36, 28.7, 28.7, 28.7, 28.7, 28.7, 28.7], [29.0, 29.0, 29.0, 29.0, 29.0, 29.0, 29.0, 29.0, 29.0, -999.0, 28.1, 28.7, 28.7, 28.34, 28.7, 28.7, 28.7, 28.02, 28.03, 28.04], [29.0, 29.0, 29.0, 29.0, 29.0, 29.0, 29.0, 29.0, 29.0, 29.0, -999.0, 28.7, 28.7, 27.92, 28.26, 28.26, 28.27, 28.12, 28.15, 28.16], [29.0, 29.0, 29.0, 29.0, 29.0, 29.0, 29.0, 29.0, 29.0, 29.0, -999.0, 27.5, 27.5, 27.5, 28.16, 28.16, 28.18, 28.03, 28.06, 28.09], [29.0, 29.0, 29.0, 29.0, 29.0, 29.0, 29.0, 28.7, 28.7, 28.7, 28.7, 28.24, 27.5, 27.5, 27.5, 28.05, 28.09, 27.95, 27.99, 28.03], [29.0, 29.0, 28.81, 28.81, 28.8, 28.7, 28.7, 28.7, 28.7, 28.7, 27.94, 28.03, 27.91, 27.82, 27.93, 27.94, 28.01, 27.89, 28.14, 28.18], [28.81, 28.81, 28.89, 28.89, 28.7, 28.7, 28.7, 28.7, 28.7, 28.7, 28.18, 28.04, 27.88, 27.73, 27.78, 27.73, 27.81, 27.87, 27.92, 27.95], [28.89, 28.89, 28.88, 28.88, 28.7, 28.7, 28.7, 28.7, 28.7, 28.4, 28.23, 28.05, 27.87, 27.79, 27.54, 27.7, 27.82, 27.89, 27.94, 27.97], [28.89, 28.88, 28.88, 28.7, 28.7, 28.7, 28.7, 28.7, 28.59, 28.47, 28.34, 28.19, 28.05, 27.88, 27.69, 27.77, 27.87, 27.93, 27.97, 27.99], [28.88, 28.88, 28.64, 28.65, 28.65, 28.65, 28.66, 28.68, 28.58, 28.48, 28.35, 28.23, 28.13, 28.03, 27.84, 27.89, 27.95, 28.0, 28.02, 28.03], [28.64, 28.64, 28.64, 28.66, 28.66, 28.66, 28.67, 28.67, 28.49, 28.44, 28.36, 28.27, 28.2, 27.94, 27.96, 28.01, 28.05, 28.07, 28.07, 28.07], [28.65, 28.65, 28.65, 28.66, 28.66, 28.66, 28.66, 28.7, 28.46, 28.42, 28.37, 28.31, 28.24, 28.01, 28.06, 28.11, 28.15, 28.15, 28.12, 28.1], [28.65, 28.65, 28.65, 28.71, 28.71, 28.71, 28.7, 28.7, 28.69, 28.69, 28.69, 28.66, 28.4, 28.07, 28.12, 28.2, 28.28, 28.23, 28.15, 28.12], [28.72, 28.72, 28.72, 28.72, 28.71, 28.71, 28.7, 28.69, 28.68, 28.67, 28.68, 28.7, 28.4, 28.37, 28.35, 28.23, 28.47, 28.2, 28.14, 28.12], [28.72, 28.72, 28.72, 28.72, 28.72, 28.71, 28.7, 28.69, 28.66, 28.64, 28.67, 28.7, 28.72, 28.37, 28.33, 28.3, 28.14, 28.03, 28.11, 28.11], [28.73, 28.73, 28.72, 28.72, 28.72, 28.72, 28.71, 28.69, 28.67, 28.65, 28.69, 28.72, 28.73, 28.36, 28.33, 28.33, 28.26, 28.22, 28.1, 28.1], [28.73, 28.73, 28.73, 28.73, 28.73, 28.72, 28.72, 28.72, 28.71, 28.71, 28.73, 28.74, 28.74, 28.48, 28.42, 28.36, 28.32, 28.29, 28.3, 28.32], [28.73, 28.73, 28.73, 28.73, 28.73, 28.73, 28.74, 28.74, 28.75, 28.78, 28.79, 28.65, 28.57, 28.49, 28.45, 28.4, 28.36, 28.34, 28.34, 28.34], [28.73, 28.73, 28.74, 28.74, 28.74, 28.74, 28.75, 28.76, 28.78, 28.83, 28.83, 28.71, 28.61, 28.52, 28.48, 28.44, 28.4, 28.38, 28.37, 28.37], [28.74, 28.74, 28.74, 28.74, 28.74, 28.75, 28.76, 28.77, 28.69, 28.75, 28.79, 28.71, 28.62, 28.54, 28.51, 28.46, 28.43, 28.41, 28.39, 28.39], [28.74, 28.74, 28.74, 28.74, 28.75, 28.75, 28.76, 28.78, 28.67, 28.7, 28.71, 28.67, 28.61, 28.55, 28.52, 28.48, 28.45, 28.43, 28.41, 28.41], [28.74, 28.74, 28.74, 28.75, 28.75, 28.76, 28.76, 28.62, 28.64, 28.66, 28.65, 28.63, 28.59, 28.54, 28.53, 28.49, 28.47, 28.45, 28.43, 28.42]]}]