awsData/contour/wdir_2023092503.json
[{"header": {"refTime": "2023-09-25T03:00:00.000Z", "nx": 21, "ny": 33, "lo1": 113.509, "la1": 22.2235, "lo2": 113.5947, "la2": 22.1034, "dx": 0.0042850000000001385, "dy": 0.003753125000000024, "parameterCategory": 2, "parameterCategoryName": "Temperature", "parameterNumber": 2}, "data": [-2.41, -2.42, -2.44, -2.67, -2.67, -2.88, -2.87, -2.86, -2.87, -2.86, -2.89, -2.93, -3.06, -3.08, -4.1, -4.23, -4.41, -4.48, -4.54, -4.57, -2.4, -2.42, -2.43, -2.45, -2.67, -2.67, -2.86, -2.83, -2.82, -2.83, -2.9, -2.95, -3.09, -3.11, -4.12, -4.34, -4.45, -4.55, -4.61, -4.64, -2.39, -2.4, -2.42, -2.44, -2.67, -2.67, -2.67, -2.8, -2.72, -2.81, -2.91, -2.99, -3.14, -3.15, -4.19, -4.37, -4.52, -4.64, -4.7, -4.73, -2.38, -2.39, -2.4, -2.43, -2.45, -2.67, -2.67, -2.68, -2.68, -2.84, -2.94, -3.06, -3.22, -3.16, -4.18, -4.43, -4.64, -4.79, -4.84, -4.84, -2.36, -2.37, -2.38, -2.4, -2.43, -2.67, -2.67, -2.67, -2.67, -2.87, -2.96, -3.18, -3.34, -3.2, -4.19, -4.54, -4.85, -5.02, -5.03, -4.97, -2.34, -2.34, -2.35, -2.37, -2.4, -2.44, -2.67, -2.67, -2.66, -2.65, -2.97, -3.1, -3.23, -3.99, -4.25, -4.72, -5.19, -5.38, -5.27, -5.11, -3.74, -2.31, -2.32, -2.33, -2.35, -2.4, -2.43, -2.68, -2.68, -2.69, -2.69, -2.96, -4.01, -4.18, -4.31, -4.9, -5.66, -5.94, -6.08, -5.97, -3.75, -3.68, -3.6, -3.41, -3.37, -2.3, -2.4, -2.55, -2.73, -2.68, -2.6, -3.57, -3.79, -4.46, -5.42, -5.72, -6.08, -6.21, -6.02, -5.89, -3.78, -3.71, -3.6, -3.46, -3.25, -3.25, -3.38, -2.45, -3.47, -2.7, -3.75, -4.32, -5.23, -4.79, -5.5, -5.68, -5.87, -5.96, -5.92, -5.84, -5.07, -4.95, -4.77, -3.44, -3.14, -2.9, -3.35, -3.82, -4.19, -4.02, -4.2, -4.82, -5.62, -5.01, -5.58, -5.64, -5.75, -5.81, -5.81, -5.78, -5.11, -5.0, -4.82, -4.51, -3.84, -1.88, -4.33, -5.57, -4.86, -4.73, -5.71, -4.68, -4.92, -4.83, -5.59, -5.62, -5.68, -5.72, -5.74, -5.73, -5.18, -5.1, -4.98, -4.79, -4.47, -4.31, -5.26, -6.3, -6.68, -7.3, -5.94, -5.9, -5.83, -4.65, -5.58, -5.6, -5.63, -5.96, -5.95, -5.93, -5.27, -5.24, -5.2, -5.18, -5.28, -5.73, -6.42, -6.55, -6.65, -6.36, -7.29, -5.97, -5.87, -4.9, -4.84, -5.83, -5.81, -5.82, -5.83, -5.83, -5.37, -5.37, -5.4, -5.5, -5.75, -6.33, -7.29, -6.63, -6.45, -6.3, -7.31, -6.22, -6.06, -5.92, -4.72, -5.61, -5.63, -5.66, -5.69, -5.72, -5.45, -5.48, -5.55, -5.68, -5.91, -6.27, -6.54, -6.46, -6.19, -5.98, -5.82, -4.56, -5.82, -5.64, -5.53, -5.35, -5.42, -5.49, -5.56, -5.62, -5.52, -5.57, -4.12, -4.26, -4.45, -6.02, -5.97, -5.78, -5.57, -5.45, -4.31, -4.29, -4.27, -4.17, -4.2, -4.82, -4.91, -4.99, -4.98, -5.04, -3.93, -3.97, -4.03, -4.1, -5.6, -5.48, -5.25, -4.95, -4.75, -4.78, -3.95, -4.06, -4.12, -4.14, -3.92, -4.04, -4.03, -4.01, -4.0, -3.99, -3.88, -3.9, -3.92, -3.92, -5.25, -4.98, -4.56, -3.97, -3.67, -3.43, -3.74, -3.88, -4.02, -3.89, -4.07, -4.05, -4.03, -4.01, -4.0, -3.98, -3.83, -3.83, -3.82, -5.19, -4.97, -4.62, -4.05, -3.12, -2.19, -3.02, -2.88, -3.18, -3.63, -3.85, -4.06, -4.04, -4.03, -4.01, -3.99, -3.98, -3.78, -3.76, -4.35, -4.24, -4.06, -3.81, -3.42, -2.89, -2.26, -2.58, -2.92, -3.18, -3.62, -3.81, -4.04, -4.03, -4.02, -4.01, -3.99, -3.97, -4.41, -4.35, -4.27, -4.16, -4.0, -3.8, -3.54, -3.28, -2.69, -2.84, -3.04, -3.22, -3.64, -4.02, -4.03, -4.03, -4.03, -4.01, -3.98, -3.96, -4.36, -4.29, -4.22, -4.12, -3.99, -3.85, -3.7, -2.72, -3.02, -3.1, -3.21, -3.3, -4.4, -4.01, -4.03, -4.05, -4.07, -4.02, -3.97, -3.94, -4.32, -4.26, -4.19, -2.82, -2.83, -2.85, -2.89, -2.96, -3.03, -3.08, -3.07, -3.67, -4.0, -4.0, -4.03, -4.09, -4.19, -4.05, -3.93, -3.9, -2.83, -2.84, -2.85, -2.87, -2.91, -2.96, -3.04, -3.16, -3.31, -3.39, -3.29, -3.95, -4.0, -3.99, -4.01, -4.08, -4.53, -3.86, -3.82, -3.85, -2.85, -2.87, -2.89, -2.92, -2.96, -3.02, -3.13, -3.29, -3.57, -3.79, -3.47, -3.89, -3.95, -3.97, -3.96, -3.93, -3.71, -3.41, -3.71, -3.8, -2.87, -2.89, -2.91, -2.94, -2.99, -3.05, -3.15, -3.3, -3.55, -3.75, -3.83, -3.79, -3.85, -3.96, -3.92, -3.63, -3.58, -3.52, -3.73, -3.8, -2.88, -2.9, -2.92, -2.95, -3.0, -3.05, -3.12, -3.21, -3.31, -3.32, -3.61, -3.62, -3.71, -3.4, -3.49, -3.55, -3.56, -3.55, -3.56, -3.57, -2.89, -2.91, -2.93, -2.96, -2.99, -3.02, -3.06, -3.09, -3.09, -3.34, -3.26, -3.03, -3.05, -3.05, -3.42, -3.48, -3.51, -3.53, -3.54, -3.55, -2.9, -2.91, -2.93, -2.95, -2.97, -2.99, -3.01, -3.0, -2.94, -3.04, -2.69, -2.89, -2.98, -3.02, -3.35, -3.43, -3.47, -3.5, -3.51, -3.52, -2.9, -2.91, -2.93, -2.94, -2.96, -2.97, -2.96, -2.94, -2.99, -2.84, -2.75, -2.87, -2.96, -3.0, -3.31, -3.38, -3.43, -3.46, -3.48, -3.5, -2.9, -2.91, -2.92, -2.93, -2.94, -2.94, -2.94, -2.92, -2.99, -2.92, -2.88, -2.91, -2.96, -2.99, -3.28, -3.35, -3.4, -3.44, -3.46, -3.48, -2.9, -2.91, -2.91, -2.92, -2.93, -2.93, -2.92, -3.05, -3.01, -2.97, -2.95, -2.96, -2.98, -3.0, -3.27, -3.33, -3.38, -3.41, -3.44, -3.46]}, {"header": {"refTime": "2023-09-25T03:00:00.000Z", "nx": 21, "ny": 33, "lo1": 113.509, "la1": 22.2235, "lo2": 113.5947, "la2": 22.1034, "dx": 0.0042850000000001385, "dy": 0.003753125000000024, "parameterCategory": 2, "parameterCategoryName": "Temperature", "parameterNumber": 3}, "data": [0.08, 0.09, 0.1, 0.56, 0.54, 0.12, 0.12, 0.11, 0.1, 0.19, 0.17, 0.15, 0.25, 0.25, 0.29, 0.36, 0.81, 0.86, 0.9, 0.92, 0.08, 0.08, 0.1, 0.11, 0.54, 0.51, 0.13, 0.13, 0.13, 0.19, 0.16, 0.13, 0.21, 0.22, 0.28, 0.75, 0.82, 0.88, 0.92, 0.95, 0.07, 0.08, 0.09, 0.1, 0.55, 0.52, 0.47, 0.15, 0.17, 0.2, 0.15, 0.08, 0.15, 0.17, 0.63, 0.75, 0.85, 0.92, 0.96, 0.98, 0.06, 0.07, 0.08, 0.1, 0.12, 0.54, 0.5, 0.44, 0.38, 0.21, 0.14, 0.01, 0.02, 0.3, 0.6, 0.78, 0.91, 0.98, 1.02, 1.03, 0.04, 0.05, 0.06, 0.08, 0.11, 0.58, 0.56, 0.54, 0.54, 0.27, 0.17, 0.22, -0.21, 0.21, 0.62, 0.85, 1.0, 1.08, 1.1, 1.09, 0.03, 0.03, 0.04, 0.06, 0.09, 0.13, 0.61, 0.62, 0.65, 0.71, 0.71, 0.45, 0.14, 0.41, 0.73, 0.96, 1.15, 1.23, 1.2, 1.15, 0.58, 0.01, 0.01, 0.03, 0.05, 0.11, 0.44, 0.65, 0.69, 1.07, 1.18, 0.91, 0.84, 0.78, 0.89, 1.08, 1.34, 1.43, 1.24, 1.13, 0.58, 0.55, 0.51, 0.45, 0.44, 0.28, 0.39, 0.52, 0.71, 1.06, 1.19, 1.47, 1.51, 1.04, 1.53, 1.56, 1.59, 1.6, 1.58, 1.57, 0.58, 0.54, 0.49, 0.42, 0.34, 0.37, 0.49, 0.44, 1.0, 1.07, 1.36, 1.42, 1.41, 1.42, 1.52, 1.54, 1.56, 1.57, 1.57, 1.56, 1.0, 0.95, 0.86, 0.38, 0.22, 0.11, 0.38, 0.67, 1.25, 1.25, 1.38, 1.39, 1.38, 1.4, 1.51, 1.53, 1.55, 1.56, 1.56, 1.56, 1.02, 0.97, 0.89, 0.74, 0.42, -0.5, 0.66, 1.25, 1.09, 1.43, 1.54, 1.39, 1.39, 1.4, 1.5, 1.52, 1.54, 1.54, 1.55, 1.55, 1.05, 1.02, 0.96, 0.87, 0.72, 0.64, 1.1, 1.6, 1.79, 1.96, 1.61, 1.66, 1.62, 1.39, 1.51, 1.52, 1.53, 1.01, 1.01, 1.01, 1.1, 1.08, 1.06, 1.05, 1.1, 1.31, 1.63, 1.71, 1.77, 1.62, 1.91, 1.7, 1.66, 0.95, 0.91, 0.88, 0.89, 0.9, 0.92, 0.93, 1.14, 1.14, 1.16, 1.2, 1.32, 1.58, 2.02, 1.73, 1.66, 1.59, 1.93, 1.15, 1.02, 0.92, 0.75, 0.73, 0.75, 0.79, 0.82, 0.84, 1.18, 1.2, 1.23, 1.29, 1.39, 1.56, 1.69, 1.8, 1.71, 1.64, 1.59, 0.71, 0.87, 0.74, 0.67, 0.56, 0.61, 0.67, 0.72, 0.76, 1.21, 1.23, 0.76, 0.82, 0.91, 1.66, 1.64, 1.58, 1.51, 1.47, 0.69, 0.57, 0.43, 0.15, 0.12, 0.64, 0.78, 0.92, 1.12, 1.21, 0.69, 0.72, 0.75, 0.79, 1.52, 1.48, 1.4, 1.3, 1.24, 1.25, 0.56, 0.46, 0.31, 0.13, 0.15, 0.25, 0.44, 0.59, 0.69, 0.76, 0.69, 0.71, 0.73, 0.74, 1.4, 1.31, 1.17, 0.98, 0.88, 0.53, 0.5, 0.39, 0.24, 0.14, -0.22, 0.19, 0.46, 0.63, 0.74, 0.8, 0.68, 0.69, 0.7, 1.38, 1.31, 1.19, 1.0, 0.69, 0.33, 0.44, 0.04, -0.03, 0.46, 0.31, 0.16, 0.36, 0.59, 0.74, 0.82, 0.87, 0.67, 0.68, 0.8, 0.78, 0.73, 0.67, 0.58, 0.46, 0.16, 0.1, 0.03, -0.02, 0.62, 0.59, 0.52, 0.64, 0.79, 0.89, 0.93, 0.95, 0.79, 0.77, 0.75, 0.71, 0.67, 0.61, 0.55, 0.49, 0.09, 0.06, 0.02, -0.02, 0.79, 0.75, 0.81, 0.92, 1.03, 1.07, 1.06, 1.03, 0.75, 0.73, 0.7, 0.66, 0.62, 0.57, 0.51, 0.25, 0.04, 0.02, 0.0, -0.03, 0.85, 0.93, 1.04, 1.18, 1.29, 1.27, 1.17, 1.1, 0.72, 0.69, 0.66, 0.29, 0.28, 0.27, 0.25, 0.23, 0.22, 0.21, 0.23, 0.84, 0.95, 1.06, 1.2, 1.41, 1.65, 1.46, 1.23, 1.13, 0.32, 0.31, 0.31, 0.3, 0.29, 0.27, 0.25, 0.21, 0.17, 0.16, 0.19, 0.93, 0.9, 1.09, 1.28, 1.49, 2.27, 1.32, 1.16, 1.11, 0.32, 0.32, 0.31, 0.31, 0.3, 0.28, 0.25, 0.2, 0.12, 0.04, 0.16, 0.85, 1.14, 1.04, 1.2, 1.31, 1.11, 0.72, 1.03, 1.08, 0.33, 0.33, 0.32, 0.32, 0.31, 0.3, 0.27, 0.23, 0.15, 0.07, 0.54, 0.83, 1.09, 0.99, 1.11, 1.3, 1.18, 1.09, 1.02, 1.05, 0.34, 0.34, 0.33, 0.33, 0.33, 0.32, 0.31, 0.3, 0.28, 0.29, 0.7, 0.87, 1.06, 1.24, 1.26, 1.26, 1.21, 1.18, 1.2, 1.22, 0.35, 0.35, 0.35, 0.35, 0.35, 0.35, 0.36, 0.38, 0.41, 0.77, 0.83, 0.45, 0.37, 0.3, 1.23, 1.23, 1.22, 1.21, 1.22, 1.23, 0.35, 0.36, 0.36, 0.36, 0.37, 0.38, 0.4, 0.44, 0.51, 0.86, 0.76, 0.56, 0.43, 0.35, 1.2, 1.22, 1.22, 1.22, 1.23, 1.24, 0.36, 0.36, 0.37, 0.38, 0.39, 0.4, 0.43, 0.48, 0.5, 0.62, 0.7, 0.57, 0.46, 0.37, 1.18, 1.2, 1.22, 1.22, 1.23, 1.24, 0.37, 0.37, 0.38, 0.39, 0.4, 0.42, 0.45, 0.49, 0.48, 0.54, 0.56, 0.52, 0.44, 0.38, 1.17, 1.2, 1.21, 1.22, 1.23, 1.23, 0.37, 0.38, 0.39, 0.4, 0.41, 0.43, 0.45, 0.41, 0.45, 0.48, 0.49, 0.46, 0.42, 0.37, 1.17, 1.19, 1.21, 1.22, 1.22, 1.23]}, {"header": {"refTime": "2023-09-25T03:00:00.000Z", "nx": 21, "ny": 33, "lo1": 113.509, "la1": 22.2235, "lo2": 113.5947, "la2": 22.1034, "dx": 0.0042850000000001385, "dy": 0.003753125000000024, "parameterCategory": 0, "parameterCategoryName": "Temperature", "parameterNumber": 0}, "data": [[28.57, 28.56, 28.56, 28.33, 28.34, 28.57, 28.57, 28.58, 28.59, 28.52, 28.51, 28.51, 28.7, 28.71, 28.68, 28.68, 28.7, 28.7, 28.69, 28.69], [28.57, 28.56, 28.56, 28.56, 28.34, 28.36, 28.57, 28.58, 28.59, 28.53, 28.52, 28.52, 28.71, 28.72, 28.69, 28.71, 28.7, 28.69, 28.69, 28.69], [28.57, 28.57, 28.56, 28.56, 28.34, 28.36, 28.39, 28.58, 28.6, 28.54, 28.52, 28.53, 28.72, 28.73, 28.72, 28.71, 28.7, 28.69, 28.69, 28.68], [28.57, 28.57, 28.56, 28.56, 28.55, 28.34, 28.37, 28.42, 28.46, 28.51, 28.51, 28.56, 28.74, 28.6, 28.72, 28.7, 28.69, 28.68, 28.68, 28.68], [28.57, 28.57, 28.57, 28.56, 28.55, 28.32, 28.33, 28.34, 28.34, 28.45, 28.48, 28.6, 28.72, 28.63, 28.72, 28.7, 28.68, 28.67, 28.67, 28.67], [28.58, 28.58, 28.57, 28.56, 28.55, 28.54, 28.29, 28.29, 28.27, 28.22, 28.43, 28.55, 28.65, 28.77, 28.71, 28.69, 28.66, 28.65, 28.66, 28.66], [28.58, 28.58, 28.58, 28.57, 28.56, 28.54, 28.32, 28.26, 28.23, 28.19, 28.18, 28.46, 28.74, 28.75, 28.7, 28.67, 28.64, 28.63, 28.64, 28.65], [28.59, 28.59, 28.59, 28.59, 28.58, 28.4, 28.35, 28.3, 28.28, 28.16, 28.03, 28.45, 28.46, 28.75, 28.64, 28.65, 28.63, 28.62, 28.63, 28.64], [28.51, 28.52, 28.61, 28.62, 28.62, 28.6, 28.54, 28.33, 28.17, 28.22, 28.21, 28.33, 28.38, 28.31, 28.64, 28.65, 28.64, 28.63, 28.64, 28.64], [28.8, 28.8, 28.8, 28.57, 28.6, 28.69, 28.63, 28.54, 28.07, 28.09, 28.39, 28.25, 28.3, 28.27, 28.64, 28.66, 28.65, 28.64, 28.64, 28.65], [28.8, 28.8, 28.8, 28.8, 28.8, 28.8, 28.8, 28.8, 28.62, 28.16, 27.9, 28.2, 28.24, 28.24, 28.64, 28.66, 28.65, 28.65, 28.65, 28.65], [28.8, 28.8, 28.8, 28.8, 28.8, 28.8, 28.8, 28.8, 28.8, -999.0, 27.9, 28.7, 28.7, 28.22, 28.64, 28.66, 28.66, 27.92, 27.93, 27.94], [28.8, 28.8, 28.8, 28.8, 28.8, 28.8, 28.8, 28.8, 28.8, 28.8, -999.0, 28.7, 28.7, 27.85, 28.22, 28.16, 28.17, 28.02, 28.05, 28.06], [28.8, 28.8, 28.8, 28.8, 28.8, 28.8, 28.8, 28.8, 28.8, 28.8, -999.0, 27.4, 27.4, 27.4, 28.11, 28.06, 28.08, 27.93, 27.96, 27.99], [28.8, 28.8, 28.8, 28.8, 28.8, 28.8, 28.8, 28.6, 28.6, 28.6, 28.6, 28.14, 27.4, 27.4, 27.4, 27.95, 27.99, 27.85, 27.89, 27.93], [28.8, 28.8, 28.67, 28.67, 28.67, 28.6, 28.6, 28.6, 28.6, 28.6, 27.84, 27.93, 27.81, 27.72, 27.83, 27.8, 27.86, 27.76, 28.01, 28.05], [28.67, 28.67, 28.73, 28.73, 28.6, 28.6, 28.6, 28.6, 28.6, 28.6, 28.08, 27.94, 27.78, 27.63, 27.67, 27.64, 27.73, 27.79, 27.84, 27.87], [28.73, 28.73, 28.72, 28.72, 28.6, 28.6, 28.6, 28.6, 28.6, 28.3, 28.13, 27.95, 27.77, 27.67, 27.44, 27.61, 27.74, 27.81, 27.86, 27.89], [28.72, 28.72, 28.72, 28.6, 28.6, 28.6, 28.6, 28.6, 28.49, 28.37, 28.24, 28.09, 27.93, 27.77, 27.6, 27.69, 27.79, 27.86, 27.9, 27.92], [28.72, 28.72, 28.54, 28.55, 28.55, 28.55, 28.56, 28.58, 28.48, 28.38, 28.25, 28.13, 28.0, 27.91, 27.76, 27.81, 27.87, 27.92, 27.95, 27.96], [28.54, 28.54, 28.54, 28.56, 28.56, 28.56, 28.57, 28.57, 28.39, 28.34, 28.26, 28.17, 28.07, 27.86, 27.88, 27.93, 27.97, 28.0, 28.0, 28.0], [28.55, 28.55, 28.55, 28.56, 28.56, 28.56, 28.56, 28.6, 28.36, 28.32, 28.27, 28.21, 28.11, 27.94, 27.98, 28.03, 28.07, 28.08, 28.06, 28.03], [28.55, 28.55, 28.55, 28.61, 28.61, 28.61, 28.6, 28.6, 28.59, 28.59, 28.59, 28.53, 28.32, 28.0, 28.05, 28.12, 28.19, 28.15, 28.09, 28.06], [28.62, 28.62, 28.62, 28.62, 28.61, 28.61, 28.6, 28.59, 28.58, 28.57, 28.58, 28.57, 28.33, 28.3, 28.28, 28.15, 28.34, 28.15, 28.1, 28.07], [28.62, 28.62, 28.62, 28.62, 28.62, 28.61, 28.6, 28.59, 28.56, 28.54, 28.57, 28.58, 28.59, 28.3, 28.27, 28.24, 28.11, 28.04, 28.08, 28.06], [28.63, 28.63, 28.62, 28.62, 28.62, 28.62, 28.61, 28.59, 28.57, 28.55, 28.58, 28.6, 28.6, 28.3, 28.27, 28.28, 28.22, 28.2, 28.07, 28.06], [28.63, 28.63, 28.63, 28.63, 28.63, 28.62, 28.62, 28.62, 28.61, 28.61, 28.62, 28.63, 28.62, 28.41, 28.36, 28.31, 28.27, 28.25, 28.26, 28.27], [28.63, 28.63, 28.63, 28.63, 28.63, 28.63, 28.64, 28.64, 28.65, 28.67, 28.68, 28.58, 28.52, 28.45, 28.39, 28.34, 28.31, 28.29, 28.29, 28.29], [28.63, 28.63, 28.64, 28.64, 28.64, 28.64, 28.65, 28.66, 28.68, 28.72, 28.74, 28.63, 28.55, 28.48, 28.42, 28.38, 28.34, 28.32, 28.32, 28.31], [28.64, 28.64, 28.64, 28.64, 28.64, 28.65, 28.66, 28.67, 28.61, 28.67, 28.7, 28.63, 28.56, 28.49, 28.44, 28.4, 28.37, 28.35, 28.34, 28.33], [28.64, 28.64, 28.64, 28.64, 28.65, 28.65, 28.66, 28.68, 28.6, 28.62, 28.63, 28.6, 28.55, 28.5, 28.45, 28.42, 28.39, 28.37, 28.36, 28.35], [28.64, 28.64, 28.64, 28.65, 28.65, 28.66, 28.66, 28.56, 28.57, 28.59, 28.58, 28.56, 28.53, 28.49, 28.46, 28.43, 28.4, 28.38, 28.37, 28.36]]}]