awsData/contour/wdir_2023092511.json
[{"header": {"refTime": "2023-09-25T11:00:00.000Z", "nx": 21, "ny": 33, "lo1": 113.509, "la1": 22.2235, "lo2": 113.5947, "la2": 22.1034, "dx": 0.0042850000000001385, "dy": 0.003753125000000024, "parameterCategory": 2, "parameterCategoryName": "Temperature", "parameterNumber": 2}, "data": [-2.02, -2.01, -2.01, -1.85, -1.84, -2.01, -1.98, -1.95, -1.93, -1.67, -1.68, -1.69, -2.1, -2.12, -2.39, -2.46, -2.85, -2.89, -2.91, -2.93, -2.02, -2.02, -2.01, -2.0, -1.85, -1.83, -1.97, -1.91, -1.87, -1.67, -1.68, -1.7, -2.1, -2.13, -2.4, -2.8, -2.86, -2.91, -2.94, -2.96, -2.03, -2.02, -2.02, -2.01, -1.86, -1.85, -1.81, -1.87, -1.72, -1.67, -1.69, -1.72, -2.12, -2.14, -2.71, -2.81, -2.89, -2.95, -2.98, -3.0, -2.03, -2.03, -2.03, -2.03, -2.02, -1.87, -1.85, -1.8, -1.76, -1.66, -1.69, -1.75, -2.12, -2.05, -2.7, -2.84, -2.94, -3.01, -3.04, -3.05, -2.03, -2.03, -2.04, -2.04, -2.05, -1.91, -1.9, -1.88, -1.84, -1.63, -1.68, -2.02, -2.03, -2.06, -2.71, -2.89, -3.04, -3.11, -3.12, -3.1, -2.03, -2.04, -2.04, -2.05, -2.07, -2.1, -1.98, -1.99, -1.94, -1.83, -1.94, -2.04, -2.07, -2.61, -2.77, -2.99, -3.18, -3.26, -3.22, -3.16, -3.15, -2.04, -2.04, -2.06, -2.08, -2.13, -2.08, -2.15, -2.12, -2.05, -1.92, -2.1, -2.81, -2.83, -2.86, -3.08, -3.38, -3.49, -3.46, -3.39, -3.16, -3.11, -3.06, -2.84, -2.83, -2.0, -2.09, -2.29, -2.54, -1.97, -1.52, -2.64, -2.87, -3.03, -3.48, -3.54, -3.61, -3.64, -3.6, -3.57, -3.17, -3.12, -3.05, -2.96, -2.74, -2.75, -2.85, -2.15, -2.69, -2.1, -2.36, -2.85, -3.27, -3.07, -3.5, -3.53, -3.57, -3.59, -3.58, -3.57, -3.81, -3.74, -3.63, -2.94, -2.74, -2.51, -2.79, -3.09, -3.02, -2.82, -2.65, -3.0, -3.37, -3.13, -3.52, -3.53, -3.55, -3.56, -3.56, -3.55, -3.84, -3.77, -3.66, -3.47, -3.06, -1.87, -3.34, -4.06, -3.65, -3.29, -3.42, -2.92, -3.05, -3.02, -3.53, -3.53, -3.54, -3.54, -3.55, -3.54, -3.88, -3.84, -3.76, -3.65, -3.46, -3.36, -3.92, -4.47, -4.66, -4.87, -3.63, -3.92, -3.84, -2.93, -3.52, -3.52, -3.53, -3.41, -3.4, -3.4, -3.94, -3.92, -3.9, -3.9, -3.96, -4.25, -4.69, -4.67, -4.67, -4.53, -4.81, -4.0, -3.91, -3.16, -3.12, -3.34, -3.33, -3.33, -3.34, -3.34, -4.0, -4.01, -4.03, -4.1, -4.26, -4.65, -5.31, -4.79, -4.62, -4.52, -4.86, -3.86, -3.72, -3.61, -3.03, -3.22, -3.23, -3.25, -3.27, -3.29, -4.05, -4.08, -4.12, -4.21, -4.36, -4.59, -4.77, -4.12, -3.8, -3.55, -3.37, -2.28, -3.58, -3.45, -3.37, -3.09, -3.13, -3.17, -3.2, -3.23, -4.09, -4.13, -2.49, -2.59, -2.72, -3.63, -3.57, -3.35, -3.11, -2.96, -1.95, -2.03, -2.11, -1.97, -2.07, -2.93, -2.99, -3.05, -3.07, -3.12, -2.27, -2.3, -2.32, -2.34, -3.15, -3.01, -2.75, -2.41, -2.18, -2.21, -1.56, -1.8, -2.01, -2.17, -2.14, -2.68, -2.77, -2.83, -2.88, -2.91, -2.18, -2.17, -2.14, -2.08, -2.75, -2.45, -1.96, -1.3, -0.96, -0.91, -1.37, -1.6, -1.92, -2.09, -2.4, -2.66, -2.78, -2.85, -2.9, -2.93, -2.08, -2.05, -1.98, -2.67, -2.43, -2.04, -1.39, -0.34, 0.67, -0.4, -0.95, -1.45, -1.65, -2.01, -2.64, -2.73, -2.83, -2.9, -2.94, -2.96, -2.0, -1.94, -2.64, -2.48, -2.24, -1.88, -1.34, -0.55, 0.19, -0.46, -1.09, -1.52, -1.61, -1.91, -2.8, -2.85, -2.91, -2.96, -2.99, -3.0, -2.8, -2.73, -2.62, -2.48, -2.29, -2.02, -1.67, -1.31, -0.76, -1.06, -1.43, -1.71, -1.62, -2.9, -2.92, -2.97, -3.01, -3.04, -3.04, -3.04, -2.8, -2.73, -2.65, -2.55, -2.42, -2.27, -2.11, -1.36, -1.55, -1.72, -1.88, -2.0, -3.52, -2.98, -3.02, -3.07, -3.11, -3.11, -3.09, -3.07, -2.81, -2.77, -2.71, -1.7, -1.72, -1.76, -1.84, -1.98, -2.17, -2.29, -2.29, -2.65, -3.77, -3.03, -3.08, -3.16, -3.23, -3.19, -3.13, -3.09, -1.76, -1.78, -1.81, -1.85, -1.92, -2.04, -2.22, -2.51, -2.87, -3.05, -2.84, -3.67, -3.8, -3.65, -3.52, -3.19, -3.39, -3.18, -3.13, -3.1, -1.83, -1.86, -1.91, -1.98, -2.08, -2.23, -2.47, -2.85, -3.47, -3.98, -3.28, -3.66, -3.51, -3.66, -3.53, -3.41, -3.14, -3.07, -3.11, -3.1, -1.89, -1.93, -1.99, -2.07, -2.18, -2.34, -2.57, -2.92, -3.48, -3.91, -3.81, -3.53, -3.41, -3.68, -3.55, -3.0, -3.04, -3.04, -3.1, -3.09, -1.93, -1.98, -2.04, -2.12, -2.23, -2.36, -2.54, -2.76, -3.0, -3.05, -3.38, -3.26, -3.25, -2.72, -2.84, -2.92, -2.97, -2.99, -2.99, -2.98, -1.97, -2.02, -2.07, -2.15, -2.24, -2.34, -2.45, -2.56, -2.59, -2.96, -2.81, -2.81, -2.91, -2.97, -2.76, -2.85, -2.9, -2.93, -2.94, -2.94, -1.99, -2.04, -2.09, -2.15, -2.22, -2.3, -2.36, -2.39, -2.34, -2.48, -2.09, -2.52, -2.76, -2.88, -2.69, -2.78, -2.84, -2.88, -2.9, -2.9, -2.01, -2.05, -2.1, -2.15, -2.2, -2.25, -2.29, -2.29, -2.71, -2.41, -2.22, -2.48, -2.7, -2.83, -2.64, -2.73, -2.79, -2.83, -2.85, -2.87, -2.02, -2.05, -2.09, -2.14, -2.18, -2.21, -2.23, -2.23, -2.73, -2.57, -2.51, -2.6, -2.72, -2.82, -2.61, -2.69, -2.75, -2.79, -2.82, -2.84, -2.02, -2.05, -2.09, -2.12, -2.15, -2.18, -2.19, -2.87, -2.78, -2.7, -2.67, -2.7, -2.77, -2.83, -2.6, -2.67, -2.72, -2.76, -2.79, -2.81]}, {"header": {"refTime": "2023-09-25T11:00:00.000Z", "nx": 21, "ny": 33, "lo1": 113.509, "la1": 22.2235, "lo2": 113.5947, "la2": 22.1034, "dx": 0.0042850000000001385, "dy": 0.003753125000000024, "parameterCategory": 2, "parameterCategoryName": "Temperature", "parameterNumber": 3}, "data": [-0.31, -0.32, -0.33, -0.37, -0.39, -0.6, -0.61, -0.63, -0.65, -0.8, -0.83, -0.86, -0.7, -0.7, -0.74, -0.71, -0.42, -0.4, -0.37, -0.36, -0.31, -0.31, -0.32, -0.33, -0.38, -0.41, -0.61, -0.63, -0.65, -0.78, -0.83, -0.88, -0.73, -0.73, -0.76, -0.46, -0.42, -0.38, -0.36, -0.34, -0.3, -0.31, -0.31, -0.32, -0.37, -0.39, -0.44, -0.63, -0.67, -0.76, -0.84, -0.91, -0.78, -0.77, -0.54, -0.46, -0.4, -0.36, -0.34, -0.33, -0.3, -0.3, -0.3, -0.31, -0.32, -0.37, -0.4, -0.47, -0.52, -0.78, -0.87, -0.97, -0.88, -0.79, -0.56, -0.45, -0.37, -0.33, -0.31, -0.3, -0.29, -0.29, -0.29, -0.29, -0.29, -0.33, -0.34, -0.36, -0.38, -0.8, -0.88, -0.84, -1.1, -0.84, -0.54, -0.41, -0.32, -0.28, -0.26, -0.27, -0.28, -0.28, -0.28, -0.27, -0.26, -0.25, -0.26, -0.25, -0.27, -0.31, -0.57, -0.7, -0.88, -0.53, -0.47, -0.34, -0.24, -0.2, -0.21, -0.24, -0.06, -0.28, -0.27, -0.26, -0.25, -0.22, -0.12, -0.13, -0.13, -0.11, -0.17, -0.41, -0.2, -0.23, -0.36, -0.27, -0.14, -0.09, -0.12, -0.16, -0.07, -0.07, -0.08, 0.07, 0.07, -0.18, -0.12, -0.02, 0.12, -0.14, -0.35, 0.12, 0.21, -0.0, 0.27, 0.2, 0.11, 0.08, 0.13, 0.16, -0.07, -0.08, -0.09, -0.1, 0.02, 0.04, 0.09, -0.09, 0.1, -0.09, -0.02, 0.19, 0.34, 0.27, 0.3, 0.23, 0.17, 0.15, 0.16, 0.17, 0.06, 0.05, 0.02, -0.13, -0.16, -0.08, 0.04, 0.16, 0.17, 0.09, 0.1, 0.23, 0.37, 0.28, 0.31, 0.26, 0.22, 0.19, 0.19, 0.19, 0.06, 0.05, 0.02, -0.02, -0.1, -0.35, -0.01, 0.21, 0.32, 0.23, 0.28, 0.2, 0.25, 0.24, 0.31, 0.27, 0.24, 0.22, 0.21, 0.21, 0.07, 0.06, 0.04, 0.01, -0.03, -0.05, 0.1, 0.36, 0.48, 0.53, 0.34, 0.51, 0.49, 0.21, 0.31, 0.28, 0.26, -0.07, -0.08, -0.09, 0.08, 0.07, 0.06, 0.05, 0.05, 0.08, 0.15, 0.32, 0.43, 0.34, 0.49, 0.52, 0.5, 0.04, 0.0, -0.1, -0.12, -0.13, -0.13, -0.13, 0.09, 0.08, 0.08, 0.08, 0.09, 0.11, 0.12, 0.22, 0.29, 0.29, 0.47, 0.18, 0.1, 0.03, -0.12, -0.2, -0.2, -0.19, -0.18, -0.17, 0.1, 0.1, 0.1, 0.1, 0.11, 0.13, 0.15, -0.07, -0.11, -0.16, -0.21, -0.58, -0.02, -0.11, -0.16, -0.32, -0.29, -0.26, -0.24, -0.22, 0.1, 0.11, -0.56, -0.55, -0.53, -0.24, -0.25, -0.3, -0.34, -0.37, -0.68, -0.7, -0.73, -0.78, -0.77, -0.26, -0.17, -0.08, -0.14, -0.09, -0.62, -0.62, -0.62, -0.63, -0.37, -0.41, -0.49, -0.59, -0.65, -0.63, -0.84, -0.81, -0.8, -0.82, -0.78, -0.57, -0.46, -0.37, -0.31, -0.27, -0.65, -0.66, -0.68, -0.71, -0.49, -0.58, -0.73, -0.94, -1.04, -1.2, -1.09, -0.89, -0.85, -0.8, -0.87, -0.6, -0.44, -0.34, -0.28, -0.24, -0.69, -0.7, -0.73, -0.5, -0.58, -0.71, -0.91, -1.25, -1.61, -1.33, -1.39, -1.28, -0.78, -0.74, -0.63, -0.51, -0.37, -0.28, -0.23, -0.2, -0.71, -0.74, -0.98, -1.01, -1.07, -1.14, -1.26, -1.42, -1.6, -1.49, -1.38, -1.29, -0.72, -0.64, -0.41, -0.34, -0.25, -0.19, -0.16, -0.15, -0.97, -0.98, -1.01, -1.04, -1.09, -1.15, -1.23, -1.31, -1.47, -1.42, -1.35, -1.29, -0.63, -0.27, -0.24, -0.17, -0.11, -0.09, -0.09, -0.1, -0.99, -1.0, -1.03, -1.06, -1.1, -1.15, -1.19, -1.25, -1.38, -1.36, -1.32, -1.28, -0.37, -0.17, -0.1, -0.02, 0.04, 0.03, -0.02, -0.06, -1.0, -1.02, -1.04, -1.11, -1.12, -1.14, -1.15, -1.15, -1.15, -1.13, -1.11, -0.76, -0.3, -0.09, -0.01, 0.11, 0.25, 0.15, 0.02, -0.04, -1.05, -1.05, -1.06, -1.07, -1.07, -1.08, -1.08, -1.08, -1.09, -1.08, -1.05, -0.35, -0.34, -0.18, -0.03, 0.16, 0.59, 0.07, -0.02, -0.05, -1.03, -1.03, -1.03, -1.03, -1.03, -1.02, -1.03, -1.03, -1.07, -1.1, -1.02, -0.4, -0.19, -0.22, -0.08, 0.02, -0.04, -0.26, -0.09, -0.07, -1.0, -1.0, -1.0, -0.99, -0.98, -0.97, -0.97, -0.97, -1.01, -1.06, -0.62, -0.39, -0.2, -0.26, -0.14, 0.08, 0.01, -0.04, -0.1, -0.08, -0.98, -0.97, -0.96, -0.95, -0.94, -0.92, -0.9, -0.89, -0.88, -0.85, -0.45, -0.32, -0.19, 0.07, 0.07, 0.06, 0.03, 0.02, 0.02, 0.04, -0.96, -0.95, -0.94, -0.92, -0.9, -0.87, -0.84, -0.79, -0.72, -0.33, -0.27, -0.49, -0.54, -0.58, 0.06, 0.06, 0.05, 0.04, 0.04, 0.05, -0.94, -0.93, -0.91, -0.89, -0.87, -0.83, -0.78, -0.71, -0.6, -0.19, -0.18, -0.37, -0.48, -0.54, 0.05, 0.05, 0.05, 0.05, 0.05, 0.05, -0.93, -0.91, -0.89, -0.87, -0.84, -0.8, -0.75, -0.67, -0.44, -0.32, -0.24, -0.35, -0.45, -0.52, 0.04, 0.05, 0.05, 0.05, 0.05, 0.06, -0.91, -0.9, -0.88, -0.85, -0.82, -0.78, -0.73, -0.67, -0.45, -0.39, -0.37, -0.4, -0.46, -0.51, 0.04, 0.05, 0.05, 0.05, 0.05, 0.06, -0.9, -0.88, -0.87, -0.84, -0.81, -0.78, -0.73, -0.51, -0.48, -0.44, -0.43, -0.45, -0.49, -0.52, 0.04, 0.05, 0.05, 0.05, 0.06, 0.06]}, {"header": {"refTime": "2023-09-25T11:00:00.000Z", "nx": 21, "ny": 33, "lo1": 113.509, "la1": 22.2235, "lo2": 113.5947, "la2": 22.1034, "dx": 0.0042850000000001385, "dy": 0.003753125000000024, "parameterCategory": 0, "parameterCategoryName": "Temperature", "parameterNumber": 0}, "data": [[30.19, 30.18, 30.16, 29.99, 29.98, 29.97, 29.96, 29.95, 29.95, 30.02, 30.06, 30.09, 30.43, 30.47, 30.26, 30.29, 30.79, 30.8, 30.8, 30.81], [30.2, 30.19, 30.17, 30.14, 29.98, 29.96, 29.94, 29.92, 29.91, 29.99, 30.05, 30.1, 30.44, 30.48, 30.28, 30.78, 30.79, 30.79, 30.8, 30.81], [30.21, 30.2, 30.18, 30.16, 29.98, 29.97, 29.94, 29.9, 29.83, 29.96, 30.06, 30.13, 30.45, 30.49, 30.75, 30.77, 30.78, 30.79, 30.8, 30.8], [30.23, 30.22, 30.2, 30.18, 30.15, 29.98, 29.96, 29.93, 29.9, 30.01, 30.1, 30.17, 30.46, 30.6, 30.74, 30.77, 30.78, 30.79, 30.79, 30.8], [30.25, 30.24, 30.23, 30.21, 30.18, 30.0, 29.99, 29.98, 29.98, 30.09, 30.15, 30.55, 30.42, 30.58, 30.74, 30.78, 30.78, 30.78, 30.79, 30.8], [30.27, 30.27, 30.26, 30.25, 30.22, 30.18, 30.01, 30.02, 30.03, 30.06, 30.65, 30.63, 30.56, 30.73, 30.79, 30.79, 30.78, 30.77, 30.78, 30.79], [30.5, 30.3, 30.3, 30.29, 30.27, 30.24, 30.3, 30.03, 30.05, 30.45, 30.57, 30.82, 31.04, 30.96, 30.86, 30.81, 30.76, 30.74, 30.63, 30.6], [30.52, 30.52, 30.52, 30.52, 30.5, 30.41, 30.32, 30.19, 30.13, 30.41, 30.43, 31.2, 31.21, 30.95, 31.04, 31.13, 30.94, 30.86, 30.98, 31.05], [30.38, 30.4, 30.56, 30.57, 30.58, 30.54, 30.43, 30.28, 30.1, 30.47, 30.8, 30.99, 31.08, 30.96, 31.06, 31.17, 31.05, 31.01, 31.03, 31.08], [30.9, 30.9, 30.9, 30.48, 30.54, 30.7, 30.59, 30.43, 30.17, 30.15, 31.09, 30.87, 30.94, 30.91, 31.06, 31.21, 31.13, 31.1, 31.09, 31.11], [30.9, 30.9, 30.9, 30.9, 30.9, 30.9, 30.9, 30.9, 30.58, 30.1, 30.3, 30.8, 30.85, 30.86, 31.05, 31.24, 31.18, 31.15, 31.14, 31.15], [30.9, 30.9, 30.9, 30.9, 30.9, 30.9, 30.9, 30.9, 30.9, -999.0, 30.3, 31.6, 31.6, 30.82, 31.04, 31.27, 31.23, 30.81, 30.81, 30.81], [30.9, 30.9, 30.9, 30.9, 30.9, 30.9, 30.9, 30.9, 30.9, 30.9, -999.0, 31.6, 31.6, 31.14, 31.34, 30.77, 30.77, 30.8, 30.79, 30.79], [30.9, 30.9, 30.9, 30.9, 30.9, 30.9, 30.9, 30.9, 30.9, 30.9, -999.0, 30.9, 30.9, 30.9, 31.28, 30.79, 30.79, 30.81, 30.81, 30.8], [30.9, 30.9, 30.9, 30.9, 30.9, 30.9, 30.9, 31.2, 31.2, 31.2, 31.2, 31.08, 30.9, 30.9, 30.9, 30.81, 30.8, 30.83, 30.82, 30.81], [30.9, 30.9, 31.09, 31.09, 31.1, 31.2, 31.2, 31.2, 31.2, 31.2, 31.01, 31.03, 31.0, 30.98, 31.01, 30.5, 30.44, 30.54, 30.55, 30.52], [31.09, 31.09, 31.01, 31.01, 31.2, 31.2, 31.2, 31.2, 31.2, 31.2, 31.07, 31.03, 30.99, 30.96, 30.81, 30.79, 30.75, 30.72, 30.69, 30.68], [31.01, 31.01, 31.02, 31.02, 31.2, 31.2, 31.2, 31.2, 31.2, 31.12, 31.08, 31.04, 30.99, 30.82, 30.89, 30.8, 30.74, 30.7, 30.68, 30.67], [31.01, 31.02, 31.02, 31.2, 31.2, 31.2, 31.2, 31.2, 31.17, 31.14, 31.08, 31.04, 30.78, 30.78, 30.8, 30.76, 30.71, 30.68, 30.66, 30.66], [31.02, 31.02, 31.09, 31.09, 31.1, 31.11, 31.13, 31.17, 31.15, 31.11, 31.07, 31.04, 30.74, 30.71, 30.72, 30.69, 30.66, 30.64, 30.64, 30.64], [31.08, 31.08, 31.08, 31.12, 31.12, 31.13, 31.13, 31.14, 31.11, 31.09, 31.07, 31.04, 30.69, 30.67, 30.65, 30.63, 30.6, 30.6, 30.61, 30.62], [31.11, 31.11, 31.11, 31.11, 31.11, 31.11, 31.12, 31.25, 31.08, 31.07, 31.05, 31.04, 30.58, 30.63, 30.6, 30.56, 30.53, 30.55, 30.59, 30.61], [31.1, 31.1, 31.1, 31.3, 31.29, 31.28, 31.27, 31.25, 31.24, 31.24, 31.25, 30.74, 30.69, 30.6, 30.56, 30.49, 30.41, 30.49, 30.59, 30.62], [31.33, 31.33, 31.32, 31.31, 31.3, 31.29, 31.27, 31.24, 31.21, 31.19, 31.23, 30.93, 30.7, 30.64, 30.58, 30.48, 30.15, 30.59, 30.64, 30.64], [31.34, 31.34, 31.33, 31.32, 31.32, 31.3, 31.28, 31.24, 31.16, 31.1, 31.21, 30.99, 30.89, 30.66, 30.61, 30.58, 30.68, 30.87, 30.7, 30.66], [31.35, 31.34, 31.34, 31.34, 31.33, 31.32, 31.3, 31.27, 31.19, 31.13, 31.08, 31.06, 30.97, 30.68, 30.65, 30.78, 30.79, 30.82, 30.7, 30.67], [31.36, 31.35, 31.35, 31.35, 31.35, 31.35, 31.34, 31.33, 31.32, 31.33, 31.21, 31.17, 31.07, 31.04, 30.93, 30.86, 30.84, 30.83, 30.83, 30.83], [31.36, 31.37, 31.37, 31.37, 31.37, 31.38, 31.39, 31.41, 31.45, 31.38, 31.42, 31.55, 31.5, 31.46, 31.01, 30.93, 30.89, 30.87, 30.86, 30.86], [31.37, 31.38, 31.38, 31.39, 31.39, 31.41, 31.43, 31.47, 31.54, 31.57, 31.8, 31.64, 31.55, 31.49, 31.08, 30.99, 30.94, 30.91, 30.89, 30.89], [31.38, 31.39, 31.39, 31.4, 31.41, 31.43, 31.46, 31.5, 31.59, 31.69, 31.75, 31.65, 31.57, 31.51, 31.12, 31.04, 30.99, 30.95, 30.93, 30.91], [31.39, 31.39, 31.4, 31.41, 31.42, 31.44, 31.47, 31.51, 31.57, 31.63, 31.65, 31.61, 31.56, 31.52, 31.15, 31.07, 31.02, 30.98, 30.96, 30.94], [31.39, 31.4, 31.41, 31.42, 31.43, 31.45, 31.48, 31.52, 31.55, 31.58, 31.59, 31.57, 31.54, 31.51, 31.16, 31.09, 31.05, 31.01, 30.98, 30.96]]}]