awsData/contour/wdir.json
[{"header": {"refTime": "2023-09-25T11:20:00.000Z", "nx": 21, "ny": 33, "lo1": 113.509, "la1": 22.2235, "lo2": 113.5947, "la2": 22.1034, "dx": 0.0042850000000001385, "dy": 0.003753125000000024, "parameterCategory": 2, "parameterCategoryName": "Temperature", "parameterNumber": 2}, "data": [-2.29, -2.29, -2.27, -2.17, -2.16, -2.57, -2.52, -2.48, -2.48, -2.42, -2.53, -2.64, -3.02, -3.08, -3.61, -3.69, -4.12, -4.15, -4.17, -4.18, -2.3, -2.29, -2.28, -2.27, -2.16, -2.14, -2.47, -2.37, -2.32, -2.34, -2.53, -2.7, -3.09, -3.15, -3.66, -4.1, -4.14, -4.17, -4.19, -4.2, -2.31, -2.3, -2.29, -2.28, -2.17, -2.15, -2.1, -2.28, -1.98, -2.27, -2.57, -2.8, -3.21, -3.25, -4.05, -4.11, -4.17, -4.21, -4.23, -4.24, -2.32, -2.31, -2.31, -2.3, -2.28, -2.18, -2.14, -2.08, -2.02, -2.37, -2.67, -2.98, -3.4, -3.4, -4.05, -4.13, -4.21, -4.27, -4.29, -4.28, -2.33, -2.33, -2.32, -2.32, -2.31, -2.22, -2.2, -2.18, -2.16, -2.51, -2.76, -3.43, -3.71, -3.47, -4.05, -4.18, -4.29, -4.36, -4.36, -4.34, -2.34, -2.34, -2.34, -2.34, -2.35, -2.35, -2.28, -2.29, -2.27, -2.23, -3.02, -3.28, -3.52, -3.93, -4.06, -4.24, -4.43, -4.51, -4.46, -4.39, -3.26, -2.35, -2.36, -2.36, -2.38, -2.4, -2.47, -2.41, -2.41, -2.52, -2.49, -3.04, -3.84, -3.93, -4.06, -4.3, -4.62, -4.74, -4.79, -4.74, -3.27, -3.24, -3.2, -3.3, -3.27, -2.44, -2.48, -2.56, -2.69, -2.47, -2.24, -3.25, -3.45, -3.98, -4.35, -4.52, -4.73, -4.8, -4.69, -4.62, -3.28, -3.25, -3.2, -3.14, -3.21, -3.21, -3.26, -2.5, -3.06, -2.55, -3.1, -3.57, -4.07, -3.83, -4.38, -4.49, -4.6, -4.66, -4.63, -4.59, -4.09, -4.03, -3.94, -3.13, -3.0, -3.03, -3.27, -3.53, -3.5, -3.35, -3.41, -3.79, -4.23, -3.92, -4.4, -4.46, -4.53, -4.57, -4.57, -4.55, -4.11, -4.05, -3.96, -3.8, -3.46, -2.47, -3.75, -4.45, -4.16, -3.85, -4.27, -3.7, -3.85, -3.81, -4.41, -4.44, -4.48, -4.51, -4.52, -4.52, -4.14, -4.1, -4.04, -3.93, -3.77, -3.69, -4.21, -4.89, -5.17, -5.35, -4.47, -4.65, -4.59, -3.7, -4.4, -4.43, -4.45, -4.44, -4.44, -4.44, -4.19, -4.16, -4.14, -4.12, -4.15, -4.35, -4.68, -4.93, -5.09, -4.88, -5.27, -4.72, -4.64, -3.89, -3.85, -4.32, -4.33, -4.34, -4.35, -4.36, -4.23, -4.23, -4.23, -4.27, -4.37, -4.6, -4.95, -4.83, -4.85, -4.8, -5.27, -4.66, -4.53, -4.42, -3.75, -4.18, -4.2, -4.22, -4.25, -4.28, -4.27, -4.28, -4.31, -4.36, -4.46, -4.6, -4.72, -4.23, -4.05, -3.88, -3.73, -3.04, -4.37, -4.24, -4.16, -4.0, -4.05, -4.11, -4.16, -4.2, -4.31, -4.32, -2.72, -2.79, -2.88, -3.79, -3.75, -3.6, -3.43, -3.34, -2.73, -2.8, -2.87, -2.78, -2.86, -3.77, -3.85, -3.93, -4.03, -4.1, -2.55, -2.57, -2.58, -2.59, -3.42, -3.3, -3.08, -2.8, -2.62, -2.67, -2.35, -2.57, -2.76, -2.92, -2.91, -3.41, -3.49, -3.56, -3.61, -3.64, -2.47, -2.46, -2.43, -2.38, -3.08, -2.83, -2.42, -1.86, -1.57, -1.49, -1.9, -2.38, -2.68, -2.86, -3.12, -3.38, -3.5, -3.58, -3.63, -3.66, -2.39, -2.36, -2.3, -3.03, -2.82, -2.48, -1.93, -1.03, -0.15, -1.06, -1.52, -1.99, -2.48, -2.81, -3.36, -3.45, -3.56, -3.63, -3.67, -3.69, -2.32, -2.27, -2.67, -2.55, -2.36, -2.08, -1.66, -1.05, -0.53, -1.07, -1.61, -2.01, -2.46, -2.75, -3.53, -3.59, -3.65, -3.7, -3.72, -3.73, -2.79, -2.73, -2.65, -2.54, -2.39, -2.18, -1.91, -1.63, -1.28, -1.53, -1.86, -2.13, -2.49, -3.64, -3.67, -3.72, -3.76, -3.78, -3.78, -3.77, -2.78, -2.73, -2.67, -2.58, -2.48, -2.36, -2.23, -1.65, -1.89, -2.03, -2.19, -2.32, -3.94, -3.72, -3.77, -3.84, -3.88, -3.87, -3.83, -3.8, -2.79, -2.75, -2.71, -1.91, -1.92, -1.95, -2.01, -2.12, -2.25, -2.35, -2.34, -2.95, -4.04, -3.78, -3.84, -3.94, -4.04, -3.96, -3.86, -3.82, -1.96, -1.98, -2.0, -2.03, -2.08, -2.16, -2.3, -2.51, -2.78, -2.91, -2.76, -3.73, -4.04, -4.03, -4.04, -3.97, -4.31, -3.91, -3.83, -3.81, -2.02, -2.04, -2.07, -2.12, -2.2, -2.31, -2.49, -2.77, -3.23, -3.6, -3.09, -3.68, -3.69, -4.02, -4.01, -4.0, -3.82, -3.65, -3.78, -3.8, -2.06, -2.09, -2.13, -2.19, -2.28, -2.4, -2.57, -2.83, -3.24, -3.55, -3.66, -3.56, -3.58, -4.01, -3.99, -3.65, -3.68, -3.66, -3.78, -3.79, -2.1, -2.13, -2.18, -2.24, -2.32, -2.42, -2.55, -2.72, -2.89, -2.94, -3.36, -3.35, -3.42, -3.29, -3.44, -3.54, -3.6, -3.61, -3.62, -3.61, -2.12, -2.16, -2.2, -2.26, -2.33, -2.41, -2.49, -2.57, -2.61, -3.04, -2.93, -2.86, -2.95, -3.03, -3.33, -3.44, -3.51, -3.55, -3.56, -3.56, -2.14, -2.18, -2.22, -2.27, -2.32, -2.38, -2.43, -2.46, -2.43, -2.66, -2.3, -2.64, -2.84, -2.96, -3.24, -3.36, -3.43, -3.48, -3.51, -3.52, -2.16, -2.19, -2.22, -2.26, -2.31, -2.35, -2.38, -2.39, -2.77, -2.55, -2.41, -2.61, -2.8, -2.92, -3.18, -3.29, -3.37, -3.42, -3.45, -3.47, -2.16, -2.19, -2.22, -2.26, -2.29, -2.32, -2.34, -2.34, -2.79, -2.68, -2.63, -2.71, -2.81, -2.91, -3.14, -3.24, -3.32, -3.37, -3.41, -3.43, -2.17, -2.19, -2.22, -2.25, -2.27, -2.3, -2.31, -2.91, -2.84, -2.78, -2.76, -2.79, -2.85, -2.92, -3.12, -3.21, -3.28, -3.34, -3.37, -3.4]}, {"header": {"refTime": "2023-09-25T11:20:00.000Z", "nx": 21, "ny": 33, "lo1": 113.509, "la1": 22.2235, "lo2": 113.5947, "la2": 22.1034, "dx": 0.0042850000000001385, "dy": 0.003753125000000024, "parameterCategory": 2, "parameterCategoryName": "Temperature", "parameterNumber": 3}, "data": [0.57, 0.55, 0.52, 0.43, 0.39, -0.13, -0.16, -0.2, -0.23, -0.33, -0.35, -0.38, -0.49, -0.49, -0.44, -0.4, -0.14, -0.1, -0.08, -0.06, 0.59, 0.57, 0.54, 0.5, 0.4, 0.34, -0.16, -0.21, -0.25, -0.33, -0.36, -0.41, -0.52, -0.52, -0.47, -0.19, -0.13, -0.09, -0.05, -0.03, 0.61, 0.59, 0.56, 0.53, 0.42, 0.36, 0.25, -0.21, -0.31, -0.32, -0.38, -0.46, -0.59, -0.58, -0.29, -0.19, -0.11, -0.05, -0.02, -0.0, 0.63, 0.62, 0.6, 0.57, 0.53, 0.41, 0.33, 0.19, 0.05, -0.31, -0.39, -0.54, -0.71, -0.42, -0.31, -0.17, -0.07, -0.0, 0.03, 0.04, 0.66, 0.65, 0.64, 0.62, 0.6, 0.5, 0.47, 0.42, 0.39, -0.24, -0.35, -0.48, -0.89, -0.51, -0.29, -0.11, 0.01, 0.08, 0.09, 0.08, 0.69, 0.69, 0.68, 0.68, 0.67, 0.67, 0.62, 0.64, 0.65, 0.65, 0.03, -0.26, -0.57, -0.4, -0.21, -0.02, 0.13, 0.2, 0.17, 0.13, 1.14, 0.72, 0.73, 0.74, 0.75, 0.76, 1.08, 0.84, 0.87, 0.89, 0.81, 0.14, -0.06, -0.1, -0.08, 0.08, 0.29, 0.37, 0.26, 0.19, 1.14, 1.14, 1.14, 1.17, 1.17, 1.07, 1.08, 1.12, 1.13, 0.9, 0.81, 0.58, 0.54, 0.13, 0.53, 0.53, 0.52, 0.52, 0.52, 0.53, 1.14, 1.14, 1.13, 1.13, 1.16, 1.16, 1.18, 1.09, 1.13, 0.89, 0.66, 0.6, 0.58, 0.59, 0.53, 0.53, 0.53, 0.53, 0.53, 0.53, 1.16, 1.16, 1.15, 1.12, 1.11, 1.13, 1.16, 1.19, 1.14, 1.1, 0.63, 0.61, 0.6, 0.6, 0.54, 0.53, 0.53, 0.53, 0.53, 0.53, 1.16, 1.16, 1.15, 1.14, 1.12, 1.06, 1.14, 1.19, 1.23, 1.15, 0.9, 0.61, 0.61, 0.6, 0.54, 0.53, 0.53, 0.53, 0.53, 0.53, 1.16, 1.16, 1.15, 1.15, 1.14, 1.13, 1.17, 1.23, 1.26, 1.12, 0.95, 0.78, 0.73, 0.61, 0.53, 0.53, 0.53, 0.14, 0.14, 0.13, 1.16, 1.16, 1.16, 1.16, 1.16, 1.16, 1.18, 1.22, 1.24, 1.22, 1.07, 0.82, 0.77, 0.1, 0.06, 0.05, 0.05, 0.05, 0.06, 0.07, 1.17, 1.16, 1.16, 1.16, 1.17, 1.17, 1.17, 1.2, 1.21, 1.21, 1.08, 0.41, 0.29, 0.19, -0.08, -0.08, -0.06, -0.04, -0.02, -0.0, 1.17, 1.17, 1.17, 1.17, 1.17, 1.18, 1.18, 1.5, 1.57, 1.62, 1.66, 0.89, 0.14, 0.02, -0.05, -0.23, -0.19, -0.14, -0.1, -0.07, 1.17, 1.17, 1.55, 1.55, 1.55, 1.61, 1.62, 1.67, 1.72, 1.76, 1.1, 0.84, 0.54, 0.12, -0.02, 0.09, 0.26, 0.42, 0.54, 0.64, 1.6, 1.6, 1.61, 1.63, 1.72, 1.75, 1.8, 1.88, 1.93, 1.93, 1.16, 0.81, 0.4, -0.04, -0.07, -0.23, 0.02, 0.23, 0.37, 0.46, 1.63, 1.65, 1.67, 1.7, 1.81, 1.87, 1.98, 2.13, 2.21, 1.64, 1.25, 0.84, 0.34, -0.05, -0.83, -0.31, 0.06, 0.29, 0.44, 0.53, 1.66, 1.68, 1.71, 1.82, 1.88, 1.96, 2.11, 2.35, 2.44, 1.86, 1.14, 0.66, 0.78, 0.26, -0.36, -0.09, 0.22, 0.43, 0.55, 0.62, 1.69, 1.72, 1.46, 1.5, 1.57, 1.68, 1.85, 2.1, 2.04, 1.59, 1.11, 0.7, 1.04, 0.76, 0.13, 0.29, 0.49, 0.63, 0.7, 0.73, 1.38, 1.4, 1.42, 1.46, 1.51, 1.58, 1.69, 1.8, 1.49, 1.27, 0.97, 0.69, 1.29, 0.44, 0.52, 0.67, 0.8, 0.87, 0.87, 0.84, 1.35, 1.36, 1.38, 1.4, 1.42, 1.45, 1.48, 1.41, 1.09, 0.96, 0.8, 0.63, 0.66, 0.69, 0.83, 1.01, 1.14, 1.13, 1.02, 0.94, 1.32, 1.32, 1.33, 1.21, 1.21, 1.2, 1.17, 1.11, 1.03, 0.97, 0.97, 1.61, 0.96, 0.86, 1.04, 1.3, 1.58, 1.38, 1.12, 0.99, 1.16, 1.15, 1.14, 1.13, 1.1, 1.06, 0.98, 0.86, 0.72, 0.64, 0.71, 0.95, 0.91, 1.1, 1.29, 1.41, 2.29, 1.25, 1.05, 0.99, 1.12, 1.11, 1.09, 1.06, 1.02, 0.95, 0.85, 0.7, 0.45, 0.26, 0.52, 0.86, 1.15, 1.05, 1.2, 1.3, 1.03, 0.62, 0.92, 0.95, 1.09, 1.07, 1.04, 1.01, 0.96, 0.89, 0.79, 0.64, 0.43, 0.27, 0.56, 0.83, 1.09, 0.99, 1.1, 1.25, 1.12, 1.02, 0.91, 0.92, 1.06, 1.04, 1.01, 0.97, 0.92, 0.85, 0.77, 0.67, 0.57, 0.53, 0.68, 0.85, 1.04, 1.16, 1.2, 1.19, 1.15, 1.12, 1.14, 1.17, 1.03, 1.01, 0.98, 0.94, 0.9, 0.84, 0.78, 0.72, 0.67, 0.71, 0.76, 0.36, 0.28, 0.21, 1.15, 1.17, 1.16, 1.15, 1.16, 1.17, 1.02, 0.99, 0.96, 0.93, 0.89, 0.84, 0.79, 0.75, 0.72, 0.76, 0.62, 0.45, 0.34, 0.25, 1.12, 1.14, 1.15, 1.16, 1.16, 1.17, 1.0, 0.98, 0.95, 0.92, 0.89, 0.85, 0.81, 0.78, 0.4, 0.5, 0.56, 0.46, 0.35, 0.27, 1.1, 1.13, 1.14, 1.15, 1.16, 1.17, 0.99, 0.97, 0.95, 0.92, 0.89, 0.86, 0.83, 0.8, 0.39, 0.43, 0.45, 0.41, 0.34, 0.28, 1.09, 1.11, 1.13, 1.15, 1.16, 1.17, 0.99, 0.97, 0.94, 0.92, 0.89, 0.87, 0.84, 0.33, 0.36, 0.38, 0.38, 0.36, 0.32, 0.27, 1.08, 1.11, 1.13, 1.14, 1.15, 1.16]}, {"header": {"refTime": "2023-09-25T11:20:00.000Z", "nx": 21, "ny": 33, "lo1": 113.509, "la1": 22.2235, "lo2": 113.5947, "la2": 22.1034, "dx": 0.0042850000000001385, "dy": 0.003753125000000024, "parameterCategory": 0, "parameterCategoryName": "Temperature", "parameterNumber": 0}, "data": [[30.66, 30.65, 30.63, 30.64, 30.62, 30.68, 30.65, 30.62, 30.61, 30.7, 30.79, 30.87, 31.05, 31.1, 30.79, 30.78, 31.14, 31.11, 31.09, 31.08], [30.67, 30.66, 30.64, 30.62, 30.62, 30.59, 30.62, 30.54, 30.5, 30.63, 30.78, 30.9, 31.09, 31.14, 30.83, 31.16, 31.12, 31.09, 31.07, 31.05], [30.68, 30.67, 30.65, 30.63, 30.63, 30.6, 30.54, 30.48, 30.27, 30.57, 30.8, 30.96, 31.16, 31.2, 31.22, 31.15, 31.1, 31.05, 31.03, 31.02], [30.69, 30.68, 30.67, 30.66, 30.63, 30.63, 30.58, 30.5, 30.42, 30.67, 30.89, 31.07, 31.27, 31.44, 31.22, 31.13, 31.05, 31.0, 30.98, 30.98], [30.71, 30.7, 30.69, 30.68, 30.67, 30.67, 30.65, 30.63, 30.62, 30.83, 30.99, 31.44, 31.48, 31.45, 31.22, 31.09, 30.98, 30.92, 30.92, 30.94], [30.72, 30.72, 30.72, 30.72, 30.71, 30.7, 30.72, 30.74, 30.76, 30.79, 31.37, 31.43, 31.46, 31.53, 31.19, 31.03, 30.86, 30.79, 30.83, 30.89], [30.96, 30.74, 30.75, 30.75, 30.75, 30.75, 30.98, 30.82, 30.85, 31.13, 31.19, 31.41, 31.56, 31.55, 31.17, 30.96, 30.69, 30.6, 30.6, 30.67], [30.96, 30.96, 30.96, 30.96, 30.96, 30.98, 30.97, 30.95, 30.96, 31.12, 31.14, 31.45, 31.45, 31.55, 30.85, 30.98, 30.71, 30.62, 30.77, 30.87], [30.94, 30.94, 30.96, 30.96, 30.96, 30.96, 30.95, 30.97, 30.96, 31.13, 31.29, 31.37, 31.4, 31.35, 30.88, 31.03, 30.87, 30.81, 30.84, 30.9], [31.0, 31.0, 31.0, 30.95, 30.96, 30.98, 30.97, 30.95, 31.01, 31.0, 31.4, 31.32, 31.35, 31.33, 30.88, 31.08, 30.98, 30.93, 30.93, 30.95], [31.0, 31.0, 31.0, 31.0, 31.0, 31.0, 31.0, 31.0, 30.96, 30.97, 31.1, 31.29, 31.31, 31.31, 30.87, 31.11, 31.04, 31.0, 30.99, 31.0], [31.0, 31.0, 31.0, 31.0, 31.0, 31.0, 31.0, 31.0, 31.0, -999.0, 31.1, 31.6, 31.6, 31.3, 30.85, 31.16, 31.11, 30.57, 30.57, 30.57], [31.0, 31.0, 31.0, 31.0, 31.0, 31.0, 31.0, 31.0, 31.0, 31.0, -999.0, 31.6, 31.6, 31.01, 31.27, 30.51, 30.51, 30.54, 30.54, 30.54], [31.0, 31.0, 31.0, 31.0, 31.0, 31.0, 31.0, 31.0, 31.0, 31.0, -999.0, 30.7, 30.7, 30.7, 31.19, 30.53, 30.53, 30.57, 30.56, 30.55], [31.0, 31.0, 31.0, 31.0, 31.0, 31.0, 31.0, 31.7, 31.7, 31.7, 31.7, 31.32, 30.7, 30.7, 30.7, 30.56, 30.55, 30.59, 30.58, 30.57], [31.0, 31.0, 31.44, 31.45, 31.46, 31.7, 31.7, 31.7, 31.7, 31.7, 31.07, 31.14, 31.05, 30.96, 31.06, 30.22, 30.15, 30.28, 30.27, 30.24], [31.45, 31.45, 31.25, 31.26, 31.7, 31.7, 31.7, 31.7, 31.7, 31.7, 31.27, 31.15, 31.02, 30.9, 30.67, 30.51, 30.45, 30.4, 30.36, 30.34], [31.25, 31.26, 31.27, 31.29, 31.7, 31.7, 31.7, 31.7, 31.7, 31.45, 31.31, 31.16, 31.01, 30.69, 30.69, 30.53, 30.44, 30.38, 30.34, 30.32], [31.26, 31.27, 31.29, 31.7, 31.7, 31.7, 31.7, 31.7, 31.61, 31.51, 31.3, 31.17, 30.74, 30.67, 30.54, 30.47, 30.39, 30.34, 30.31, 30.3], [31.27, 31.28, 31.36, 31.37, 31.4, 31.43, 31.48, 31.6, 31.54, 31.42, 31.3, 31.19, 30.71, 30.62, 30.41, 30.37, 30.32, 30.29, 30.27, 30.27], [31.33, 31.34, 31.35, 31.45, 31.46, 31.48, 31.5, 31.53, 31.4, 31.35, 31.27, 31.19, 30.65, 30.34, 30.31, 30.27, 30.24, 30.22, 30.23, 30.24], [31.42, 31.42, 31.43, 31.43, 31.44, 31.44, 31.45, 31.56, 31.31, 31.28, 31.23, 31.19, 30.42, 30.27, 30.23, 30.18, 30.14, 30.15, 30.19, 30.22], [31.41, 31.41, 31.41, 31.58, 31.57, 31.56, 31.54, 31.52, 31.49, 31.48, 31.49, 30.83, 30.44, 30.23, 30.17, 30.09, 29.99, 30.08, 30.17, 30.21], [31.6, 31.6, 31.59, 31.58, 31.57, 31.55, 31.52, 31.47, 31.41, 31.39, 31.43, 30.93, 30.47, 30.35, 30.23, 30.06, 29.73, 30.15, 30.21, 30.22], [31.6, 31.6, 31.59, 31.58, 31.57, 31.54, 31.51, 31.44, 31.33, 31.24, 31.38, 31.01, 30.87, 30.38, 30.27, 30.2, 30.24, 30.41, 30.27, 30.24], [31.61, 31.6, 31.6, 31.59, 31.57, 31.55, 31.52, 31.46, 31.36, 31.27, 31.15, 31.09, 30.97, 30.41, 30.32, 30.43, 30.4, 30.42, 30.27, 30.25], [31.61, 31.61, 31.6, 31.6, 31.59, 31.57, 31.56, 31.53, 31.5, 31.51, 31.28, 31.22, 31.09, 30.82, 30.66, 30.55, 30.49, 30.47, 30.47, 30.48], [31.62, 31.61, 31.61, 31.61, 31.61, 31.6, 31.6, 31.61, 31.64, 31.48, 31.53, 31.61, 31.52, 31.43, 30.77, 30.65, 30.58, 30.54, 30.53, 30.52], [31.62, 31.62, 31.62, 31.62, 31.62, 31.63, 31.65, 31.68, 31.74, 31.71, 31.96, 31.74, 31.59, 31.48, 30.87, 30.74, 30.66, 30.61, 30.59, 30.57], [31.63, 31.63, 31.63, 31.63, 31.64, 31.65, 31.68, 31.71, 31.68, 31.81, 31.89, 31.75, 31.61, 31.51, 30.94, 30.82, 30.73, 30.68, 30.64, 30.62], [31.63, 31.64, 31.64, 31.65, 31.65, 31.67, 31.69, 31.73, 31.65, 31.72, 31.74, 31.68, 31.6, 31.52, 30.98, 30.87, 30.79, 30.73, 30.69, 30.66], [31.64, 31.64, 31.65, 31.65, 31.66, 31.68, 31.7, 31.57, 31.61, 31.65, 31.65, 31.62, 31.57, 31.51, 30.99, 30.9, 30.82, 30.77, 30.73, 30.7]]}]