awsData/contour/wdir_2023092505.json
[{"header": {"refTime": "2023-09-25T05:00:00.000Z", "nx": 21, "ny": 33, "lo1": 113.509, "la1": 22.2235, "lo2": 113.5947, "la2": 22.1034, "dx": 0.0042850000000001385, "dy": 0.003753125000000024, "parameterCategory": 2, "parameterCategoryName": "Temperature", "parameterNumber": 2}, "data": [-2.01, -2.02, -2.02, -2.08, -2.08, -2.46, -2.44, -2.42, -2.43, -2.4, -2.47, -2.55, -2.73, -2.76, -3.7, -3.81, -3.98, -4.03, -4.07, -4.1, -2.01, -2.01, -2.02, -2.03, -2.09, -2.08, -2.41, -2.36, -2.34, -2.36, -2.48, -2.58, -2.78, -2.81, -3.74, -3.93, -4.01, -4.08, -4.13, -4.15, -2.0, -2.01, -2.02, -2.02, -2.09, -2.09, -2.09, -2.31, -2.14, -2.32, -2.5, -2.66, -2.86, -2.88, -3.83, -3.96, -4.07, -4.16, -4.21, -4.22, -2.0, -2.0, -2.01, -2.02, -2.03, -2.09, -2.09, -2.09, -2.08, -2.37, -2.56, -2.79, -3.02, -2.93, -3.83, -4.01, -4.17, -4.27, -4.32, -4.31, -1.99, -1.99, -2.0, -2.01, -2.03, -2.1, -2.1, -2.09, -2.08, -2.43, -2.61, -2.97, -3.28, -3.0, -3.83, -4.09, -4.33, -4.46, -4.47, -4.42, -1.98, -1.98, -1.99, -2.0, -2.01, -2.04, -2.11, -2.11, -2.09, -2.06, -2.58, -2.81, -3.05, -3.62, -3.85, -4.22, -4.59, -4.75, -4.66, -4.53, -3.32, -1.97, -1.97, -1.98, -1.99, -2.02, -2.01, -2.14, -2.13, -2.11, -2.08, -2.52, -3.49, -3.65, -3.86, -4.35, -4.98, -5.21, -5.32, -5.22, -3.34, -3.28, -3.2, -3.05, -3.01, -1.94, -2.0, -2.11, -2.23, -2.09, -1.96, -2.84, -3.05, -3.78, -4.52, -4.84, -5.22, -5.36, -5.16, -5.02, -3.37, -3.3, -3.21, -3.1, -2.92, -2.91, -2.99, -2.03, -2.9, -2.13, -2.96, -3.46, -4.24, -3.86, -4.58, -4.78, -4.99, -5.09, -5.04, -4.97, -4.57, -4.47, -4.31, -3.09, -2.84, -2.64, -3.01, -3.4, -3.56, -3.39, -3.35, -3.88, -4.55, -4.04, -4.64, -4.73, -4.85, -4.92, -4.93, -4.9, -4.61, -4.51, -4.36, -4.08, -3.5, -1.8, -3.93, -5.01, -4.34, -4.07, -4.78, -3.75, -3.96, -3.89, -4.65, -4.7, -4.77, -4.82, -4.84, -4.84, -4.67, -4.6, -4.49, -4.33, -4.05, -3.91, -4.74, -5.65, -5.99, -6.41, -5.03, -4.98, -4.88, -3.74, -4.64, -4.68, -4.72, -5.22, -5.22, -5.21, -4.75, -4.72, -4.68, -4.67, -4.75, -5.14, -5.74, -5.86, -5.96, -5.7, -6.35, -5.07, -4.95, -4.21, -4.18, -5.12, -5.12, -5.13, -5.14, -5.14, -4.83, -4.83, -4.86, -4.94, -5.16, -5.66, -6.49, -5.93, -5.77, -5.65, -6.38, -5.52, -5.38, -5.28, -4.15, -4.99, -5.01, -5.03, -5.05, -5.08, -4.9, -4.93, -4.99, -5.1, -5.3, -5.61, -5.84, -5.75, -5.52, -5.33, -5.19, -4.24, -5.24, -5.11, -5.03, -4.84, -4.88, -4.93, -4.97, -5.01, -4.96, -5.0, -3.71, -3.83, -4.0, -5.36, -5.32, -5.16, -4.97, -4.87, -3.99, -4.02, -4.04, -3.88, -3.94, -4.29, -4.29, -4.3, -4.34, -4.36, -3.54, -3.58, -3.63, -3.69, -4.99, -4.89, -4.69, -4.42, -4.24, -4.27, -3.68, -3.82, -3.94, -4.01, -3.73, -3.87, -3.79, -3.72, -3.68, -3.64, -3.5, -3.51, -3.53, -3.53, -4.68, -4.45, -4.07, -3.55, -3.29, -3.16, -3.48, -3.66, -3.85, -3.71, -4.05, -3.9, -3.78, -3.71, -3.66, -3.62, -3.45, -3.45, -3.43, -4.63, -4.44, -4.13, -3.62, -2.8, -1.99, -2.77, -2.69, -3.01, -3.3, -3.59, -3.91, -3.83, -3.73, -3.67, -3.62, -3.6, -3.4, -3.39, -3.85, -3.75, -3.6, -3.37, -3.04, -2.57, -2.06, -2.38, -2.71, -2.99, -3.22, -3.42, -3.76, -3.72, -3.66, -3.61, -3.58, -3.56, -3.9, -3.85, -3.78, -3.68, -3.54, -3.36, -3.14, -2.91, -2.45, -2.6, -2.81, -3.0, -3.15, -3.67, -3.65, -3.61, -3.57, -3.54, -3.53, -3.52, -3.85, -3.8, -3.73, -3.64, -3.53, -3.4, -3.27, -1.95, -2.74, -2.83, -2.94, -3.05, -3.72, -3.6, -3.57, -3.53, -3.5, -3.48, -3.48, -3.48, -3.81, -3.76, -3.7, -1.84, -1.88, -1.93, -2.0, -2.09, -2.18, -2.21, -2.15, -2.96, -3.41, -3.54, -3.51, -3.47, -3.44, -3.42, -3.43, -3.45, -1.75, -1.77, -1.8, -1.84, -1.89, -1.96, -2.07, -2.23, -2.43, -2.51, -2.35, -2.58, -3.41, -3.39, -3.37, -3.43, -3.43, -3.35, -3.39, -3.42, -1.74, -1.76, -1.79, -1.82, -1.87, -1.96, -2.09, -2.31, -2.71, -3.06, -2.52, -2.51, -2.44, -3.39, -3.37, -3.35, -3.34, -3.29, -3.37, -3.41, -1.72, -1.74, -1.76, -1.79, -1.84, -1.91, -2.02, -2.23, -2.61, -2.93, -2.58, -2.31, -2.26, -3.39, -3.37, -2.76, -2.91, -2.95, -3.38, -3.41, -1.7, -1.71, -1.73, -1.75, -1.77, -1.81, -1.87, -1.96, -2.06, -2.03, -2.01, -1.92, -1.99, -2.03, -2.33, -2.56, -2.71, -2.77, -2.77, -2.73, -1.68, -1.68, -1.69, -1.69, -1.7, -1.7, -1.69, -1.64, -1.51, -1.42, -1.21, -1.35, -1.62, -1.85, -2.13, -2.37, -2.52, -2.6, -2.63, -2.63, -1.65, -1.65, -1.64, -1.64, -1.62, -1.59, -1.52, -1.39, -1.12, -0.73, -0.17, -0.91, -1.38, -1.68, -1.95, -2.19, -2.36, -2.45, -2.51, -2.52, -1.63, -1.62, -1.6, -1.58, -1.55, -1.5, -1.41, -1.25, -1.16, -0.69, -0.4, -0.86, -1.29, -1.59, -1.83, -2.06, -2.22, -2.33, -2.39, -2.43, -1.6, -1.59, -1.57, -1.54, -1.5, -1.44, -1.34, -1.2, -1.22, -0.99, -0.9, -1.07, -1.33, -1.57, -1.76, -1.96, -2.11, -2.22, -2.3, -2.34, -1.58, -1.57, -1.54, -1.51, -1.47, -1.41, -1.32, -1.47, -1.33, -1.22, -1.19, -1.27, -1.43, -1.59, -1.73, -1.9, -2.04, -2.14, -2.22, -2.27]}, {"header": {"refTime": "2023-09-25T05:00:00.000Z", "nx": 21, "ny": 33, "lo1": 113.509, "la1": 22.2235, "lo2": 113.5947, "la2": 22.1034, "dx": 0.0042850000000001385, "dy": 0.003753125000000024, "parameterCategory": 2, "parameterCategoryName": "Temperature", "parameterNumber": 3}, "data": [-0.12, -0.12, -0.12, 0.18, 0.16, -0.22, -0.24, -0.25, -0.26, -0.21, -0.22, -0.23, -0.43, -0.44, -0.58, -0.59, -0.54, -0.54, -0.53, -0.53, -0.12, -0.12, -0.12, -0.12, 0.16, 0.12, -0.23, -0.24, -0.26, -0.22, -0.23, -0.25, -0.46, -0.46, -0.6, -0.55, -0.54, -0.54, -0.53, -0.53, -0.12, -0.12, -0.11, -0.11, 0.17, 0.13, 0.07, -0.24, -0.25, -0.22, -0.24, -0.29, -0.49, -0.49, -0.56, -0.55, -0.54, -0.54, -0.54, -0.53, -0.12, -0.12, -0.11, -0.11, -0.1, 0.16, 0.12, 0.04, -0.04, -0.2, -0.24, -0.34, -0.56, -0.34, -0.57, -0.55, -0.54, -0.54, -0.54, -0.53, -0.12, -0.12, -0.11, -0.1, -0.09, 0.2, 0.18, 0.16, 0.16, -0.13, -0.2, -0.37, -0.62, -0.4, -0.57, -0.55, -0.54, -0.54, -0.54, -0.54, -0.13, -0.12, -0.12, -0.11, -0.09, -0.06, 0.25, 0.26, 0.29, 0.33, -0.03, -0.24, -0.44, -0.46, -0.54, -0.54, -0.55, -0.55, -0.55, -0.54, 0.21, -0.13, -0.13, -0.12, -0.09, -0.06, 0.25, 0.33, 0.36, 0.44, 0.44, -0.01, -0.31, -0.32, -0.5, -0.53, -0.56, -0.57, -0.54, -0.52, 0.21, 0.19, 0.18, 0.15, 0.15, 0.14, 0.21, 0.31, 0.37, 0.47, 0.59, 0.13, 0.05, -0.22, -0.22, -0.32, -0.44, -0.49, -0.42, -0.38, 0.21, 0.19, 0.16, 0.13, 0.09, 0.11, 0.19, 0.25, 0.55, 0.42, 0.31, 0.14, 0.06, 0.09, -0.19, -0.28, -0.36, -0.4, -0.38, -0.36, 0.36, 0.33, 0.29, 0.09, 0.01, -0.05, 0.1, 0.27, 0.64, 0.65, 0.22, 0.13, 0.07, 0.1, -0.18, -0.25, -0.3, -0.33, -0.34, -0.33, 0.37, 0.34, 0.3, 0.23, 0.07, -0.4, 0.19, 0.49, 0.46, 0.71, 0.52, 0.15, 0.12, 0.12, -0.18, -0.23, -0.27, -0.29, -0.31, -0.31, 0.39, 0.37, 0.34, 0.29, 0.22, 0.18, 0.41, 0.66, 0.76, 0.73, 0.57, 0.26, 0.2, 0.15, -0.19, -0.22, -0.25, -0.26, -0.28, -0.28, 0.41, 0.4, 0.39, 0.39, 0.41, 0.51, 0.67, 0.72, 0.75, 0.68, 0.67, 0.31, 0.26, -0.05, -0.05, -0.2, -0.22, -0.24, -0.25, -0.26, 0.43, 0.43, 0.44, 0.46, 0.52, 0.65, 0.87, 0.73, 0.69, 0.66, 0.69, 0.33, 0.27, 0.22, -0.05, -0.19, -0.2, -0.22, -0.23, -0.24, 0.45, 0.46, 0.47, 0.5, 0.56, 0.64, 0.7, 0.87, 0.85, 0.84, 0.83, 0.46, 0.24, 0.19, 0.16, -0.17, -0.18, -0.2, -0.21, -0.22, 0.47, 0.48, 0.39, 0.42, 0.47, 0.84, 0.84, 0.82, 0.81, 0.8, 0.48, 0.41, 0.33, 0.07, 0.05, 0.41, 0.5, 0.59, 0.5, 0.54, 0.38, 0.39, 0.41, 0.43, 0.81, 0.8, 0.79, 0.77, 0.75, 0.76, 0.45, 0.37, 0.28, 0.17, 0.29, 0.16, 0.24, 0.31, 0.35, 0.37, 0.39, 0.4, 0.42, 0.44, 0.79, 0.77, 0.74, 0.7, 0.68, 0.51, 0.45, 0.36, 0.25, 0.29, -0.02, 0.14, 0.26, 0.33, 0.37, 0.39, 0.4, 0.41, 0.42, 0.78, 0.77, 0.75, 0.71, 0.64, 0.55, 0.51, 0.17, 0.08, 0.57, 0.43, 0.13, 0.22, 0.32, 0.38, 0.41, 0.42, 0.4, 0.41, 0.38, 0.39, 0.39, 0.4, 0.41, 0.45, 0.37, 0.25, 0.14, 0.06, 0.69, 0.66, 0.3, 0.35, 0.42, 0.46, 0.46, 0.46, 0.35, 0.35, 0.34, 0.34, 0.34, 0.34, 0.34, 0.35, 0.19, 0.14, 0.07, 0.02, 0.84, 0.4, 0.44, 0.5, 0.55, 0.55, 0.52, 0.49, 0.32, 0.31, 0.3, 0.29, 0.28, 0.27, 0.25, 0.02, 0.04, 0.01, -0.02, -0.03, 0.6, 0.49, 0.56, 0.65, 0.72, 0.67, 0.57, 0.5, 0.29, 0.28, 0.27, -0.06, -0.06, -0.07, -0.08, -0.1, -0.14, -0.16, -0.16, 0.58, 0.26, 0.54, 0.64, 0.81, 1.01, 0.79, 0.56, 0.49, -0.08, -0.09, -0.09, -0.1, -0.11, -0.13, -0.16, -0.21, -0.27, -0.3, -0.27, 0.27, 0.21, 0.38, 0.55, 0.83, 1.65, 0.55, 0.42, 0.43, -0.1, -0.1, -0.11, -0.12, -0.14, -0.17, -0.21, -0.27, -0.38, -0.46, -0.35, 0.17, 0.45, 0.32, 0.46, 0.54, 0.3, -0.18, 0.26, 0.37, -0.11, -0.12, -0.13, -0.15, -0.17, -0.2, -0.24, -0.3, -0.39, -0.45, -0.12, 0.12, 0.37, 0.27, 0.36, 0.42, 0.28, 0.17, 0.28, 0.35, -0.13, -0.13, -0.15, -0.16, -0.18, -0.21, -0.24, -0.29, -0.33, -0.34, -0.05, 0.1, 0.3, 0.3, 0.35, 0.35, 0.31, 0.28, 0.29, 0.32, -0.14, -0.15, -0.16, -0.17, -0.19, -0.22, -0.24, -0.27, -0.29, -0.09, -0.06, -0.51, -0.58, -0.65, 0.29, 0.31, 0.31, 0.3, 0.31, 0.33, -0.14, -0.15, -0.17, -0.18, -0.2, -0.22, -0.24, -0.25, -0.27, -0.12, -0.34, -0.45, -0.54, -0.62, 0.25, 0.28, 0.3, 0.3, 0.31, 0.32, -0.15, -0.16, -0.17, -0.18, -0.2, -0.21, -0.23, -0.24, -0.47, -0.41, -0.37, -0.45, -0.53, -0.6, 0.22, 0.26, 0.28, 0.3, 0.31, 0.32, -0.15, -0.16, -0.17, -0.18, -0.2, -0.21, -0.22, -0.23, -0.49, -0.46, -0.45, -0.49, -0.54, -0.6, 0.2, 0.24, 0.27, 0.29, 0.3, 0.31, -0.16, -0.16, -0.17, -0.18, -0.19, -0.21, -0.22, -0.53, -0.51, -0.5, -0.5, -0.52, -0.56, -0.6, 0.2, 0.23, 0.26, 0.28, 0.29, 0.3]}, {"header": {"refTime": "2023-09-25T05:00:00.000Z", "nx": 21, "ny": 33, "lo1": 113.509, "la1": 22.2235, "lo2": 113.5947, "la2": 22.1034, "dx": 0.0042850000000001385, "dy": 0.003753125000000024, "parameterCategory": 0, "parameterCategoryName": "Temperature", "parameterNumber": 0}, "data": [[28.43, 28.42, 28.42, 28.16, 28.17, 28.44, 28.44, 28.44, 28.45, 28.37, 28.37, 28.38, 28.58, 28.59, 28.59, 28.59, 28.61, 28.61, 28.6, 28.6], [28.43, 28.43, 28.42, 28.42, 28.17, 28.19, 28.43, 28.43, 28.44, 28.37, 28.38, 28.4, 28.6, 28.61, 28.6, 28.62, 28.61, 28.6, 28.6, 28.59], [28.43, 28.43, 28.42, 28.42, 28.17, 28.19, 28.22, 28.42, 28.41, 28.37, 28.39, 28.42, 28.62, 28.63, 28.64, 28.62, 28.61, 28.6, 28.59, 28.59], [28.44, 28.43, 28.43, 28.42, 28.41, 28.17, 28.2, 28.24, 28.28, 28.36, 28.39, 28.46, 28.66, 28.51, 28.64, 28.62, 28.6, 28.59, 28.58, 28.58], [28.44, 28.44, 28.43, 28.43, 28.41, 28.15, 28.17, 28.18, 28.17, 28.31, 28.36, 28.53, 28.69, 28.55, 28.64, 28.61, 28.59, 28.58, 28.57, 28.57], [28.45, 28.44, 28.44, 28.43, 28.42, 28.4, 28.14, 28.13, 28.11, 28.06, 28.3, 28.45, 28.58, 28.7, 28.62, 28.59, 28.57, 28.55, 28.56, 28.57], [28.48, 28.45, 28.45, 28.45, 28.43, 28.41, 28.2, 28.12, 28.09, 28.03, 28.0, 28.32, 28.63, 28.65, 28.6, 28.58, 28.54, 28.53, 28.56, 28.57], [28.49, 28.49, 28.49, 28.49, 28.48, 28.28, 28.23, 28.18, 28.16, 28.0, 27.83, 28.25, 28.26, 28.65, 28.5, 28.5, 28.5, 28.5, 28.5, 28.5], [28.41, 28.42, 28.51, 28.52, 28.52, 28.5, 28.44, 28.21, 28.04, 28.05, 28.01, 28.13, 28.18, 28.11, 28.5, 28.5, 28.5, 28.5, 28.5, 28.5], [28.7, 28.7, 28.7, 28.47, 28.5, 28.59, 28.53, 28.44, 27.92, 27.94, 28.19, 28.05, 28.1, 28.07, 28.5, 28.5, 28.5, 28.5, 28.5, 28.5], [28.7, 28.7, 28.7, 28.7, 28.7, 28.7, 28.7, 28.7, 28.52, 28.03, 27.7, 28.0, 28.04, 28.04, 28.5, 28.5, 28.5, 28.5, 28.5, 28.5], [28.7, 28.7, 28.7, 28.7, 28.7, 28.7, 28.7, 28.7, 28.7, -999.0, 27.7, 28.5, 28.5, 28.02, 28.5, 28.5, 28.5, 27.76, 27.78, 27.78], [28.7, 28.7, 28.7, 28.7, 28.7, 28.7, 28.7, 28.7, 28.7, 28.7, -999.0, 28.5, 28.5, 27.65, 28.02, 28.03, 28.04, 27.88, 27.9, 27.91], [28.7, 28.7, 28.7, 28.7, 28.7, 28.7, 28.7, 28.7, 28.7, 28.7, -999.0, 27.2, 27.2, 27.2, 27.91, 27.92, 27.94, 27.78, 27.81, 27.84], [28.7, 28.7, 28.7, 28.7, 28.7, 28.7, 28.7, 28.4, 28.4, 28.4, 28.4, 27.94, 27.2, 27.2, 27.2, 27.8, 27.83, 27.68, 27.73, 27.77], [28.7, 28.7, 28.51, 28.51, 28.5, 28.4, 28.4, 28.4, 28.4, 28.4, 27.64, 27.73, 27.61, 27.52, 27.63, 27.68, 27.75, 27.62, 27.89, 27.94], [28.51, 28.51, 28.59, 28.59, 28.4, 28.4, 28.4, 28.4, 28.4, 28.4, 27.88, 27.74, 27.58, 27.43, 27.49, 27.47, 27.57, 27.64, 27.7, 27.73], [28.59, 28.59, 28.58, 28.58, 28.4, 28.4, 28.4, 28.4, 28.4, 28.1, 27.93, 27.75, 27.57, 27.5, 27.24, 27.44, 27.58, 27.67, 27.72, 27.76], [28.59, 28.58, 28.58, 28.4, 28.4, 28.4, 28.4, 28.4, 28.29, 28.17, 28.05, 27.9, 27.76, 27.6, 27.42, 27.52, 27.64, 27.72, 27.76, 27.79], [28.58, 28.58, 28.4, 28.4, 28.4, 28.4, 28.4, 28.4, 28.29, 28.19, 28.08, 27.95, 27.85, 27.76, 27.61, 27.66, 27.74, 27.79, 27.82, 27.83], [28.4, 28.4, 28.4, 28.4, 28.4, 28.4, 28.4, 28.4, 28.21, 28.17, 28.09, 28.0, 27.93, 27.72, 27.75, 27.8, 27.85, 27.88, 27.88, 27.88], [28.4, 28.4, 28.4, 28.4, 28.4, 28.4, 28.4, 28.42, 28.19, 28.16, 28.11, 28.04, 28.01, 27.81, 27.86, 27.92, 27.97, 27.97, 27.94, 27.91], [28.4, 28.4, 28.4, 28.43, 28.42, 28.42, 28.42, 28.42, 28.42, 28.42, 28.42, 28.43, 28.23, 27.87, 27.93, 28.02, 28.1, 28.05, 27.98, 27.94], [28.43, 28.43, 28.43, 28.43, 28.43, 28.42, 28.42, 28.42, 28.42, 28.42, 28.42, 28.45, 28.23, 28.2, 28.19, 28.06, 28.29, 28.04, 27.98, 27.95], [28.43, 28.43, 28.43, 28.43, 28.43, 28.43, 28.43, 28.42, 28.42, 28.41, 28.42, 28.45, 28.46, 28.2, 28.17, 28.15, 27.99, 27.9, 27.95, 27.94], [28.43, 28.43, 28.43, 28.43, 28.43, 28.43, 28.43, 28.43, 28.42, 28.41, 28.44, 28.45, 28.46, 28.2, 28.17, 28.14, 28.09, 28.06, 27.94, 27.94], [28.43, 28.43, 28.43, 28.43, 28.43, 28.43, 28.43, 28.43, 28.43, 28.43, 28.45, 28.46, 28.46, 28.24, 28.2, 28.16, 28.13, 28.11, 28.12, 28.13], [28.43, 28.43, 28.43, 28.44, 28.44, 28.44, 28.44, 28.44, 28.45, 28.47, 28.47, 28.35, 28.3, 28.24, 28.22, 28.19, 28.16, 28.15, 28.14, 28.15], [28.44, 28.44, 28.44, 28.44, 28.44, 28.44, 28.44, 28.45, 28.46, 28.48, 28.46, 28.39, 28.32, 28.26, 28.24, 28.21, 28.19, 28.17, 28.16, 28.16], [28.44, 28.44, 28.44, 28.44, 28.44, 28.44, 28.45, 28.45, 28.38, 28.41, 28.44, 28.38, 28.33, 28.27, 28.26, 28.23, 28.21, 28.19, 28.18, 28.18], [28.44, 28.44, 28.44, 28.44, 28.44, 28.44, 28.45, 28.45, 28.36, 28.38, 28.38, 28.36, 28.32, 28.28, 28.26, 28.24, 28.22, 28.21, 28.2, 28.19], [28.44, 28.44, 28.44, 28.44, 28.44, 28.45, 28.45, 28.34, 28.35, 28.35, 28.35, 28.33, 28.3, 28.27, 28.27, 28.25, 28.23, 28.22, 28.21, 28.2]]}]