awsData/contour/wdir_2023092409.json
[{"header": {"refTime": "2023-09-24T09:00:00.000Z", "nx": 21, "ny": 33, "lo1": 113.509, "la1": 22.2235, "lo2": 113.5947, "la2": 22.1034, "dx": 0.0042850000000001385, "dy": 0.003753125000000024, "parameterCategory": 2, "parameterCategoryName": "Temperature", "parameterNumber": 2}, "data": [-2.68, -2.67, -2.67, -2.33, -2.33, -2.03, -2.02, -2.01, -1.98, -1.42, -1.26, -1.11, -1.19, -1.14, -1.83, -1.95, -1.94, -2.04, -2.12, -2.18, -2.68, -2.68, -2.67, -2.67, -2.34, -2.33, -2.07, -2.08, -2.08, -1.55, -1.28, -1.05, -1.1, -1.05, -1.77, -1.82, -1.99, -2.11, -2.2, -2.25, -2.68, -2.68, -2.68, -2.68, -2.35, -2.35, -2.33, -2.15, -2.26, -1.66, -1.23, -0.93, -0.94, -0.91, -1.58, -1.84, -2.07, -2.22, -2.32, -2.36, -2.69, -2.69, -2.69, -2.69, -2.69, -2.37, -2.36, -2.33, -2.31, -1.49, -1.07, -0.71, -0.66, -0.49, -1.54, -1.92, -2.21, -2.4, -2.48, -2.49, -2.69, -2.69, -2.7, -2.7, -2.71, -2.4, -2.4, -2.38, -2.33, -1.21, -0.9, -0.42, -0.06, -0.42, -1.57, -2.07, -2.46, -2.67, -2.7, -2.64, -2.69, -2.69, -2.7, -2.71, -2.74, -2.77, -2.47, -2.48, -2.39, -2.21, -0.82, -0.62, -0.37, -1.14, -1.74, -2.32, -2.86, -3.09, -2.98, -2.81, -3.4, -2.69, -2.69, -2.71, -2.74, -2.8, -2.56, -2.68, -2.62, -2.03, -1.72, -1.02, -1.63, -1.66, -1.96, -2.59, -3.41, -3.71, -3.54, -3.33, -3.39, -3.36, -3.33, -3.42, -3.41, -2.48, -2.59, -2.86, -3.11, -1.97, -1.32, -2.03, -2.21, -2.11, -3.34, -3.61, -3.93, -4.05, -3.87, -3.76, -3.39, -3.36, -3.31, -3.25, -3.3, -3.33, -3.45, -2.66, -3.14, -2.09, -2.0, -2.44, -3.0, -2.73, -3.37, -3.55, -3.73, -3.82, -3.78, -3.72, -3.89, -3.84, -3.75, -3.2, -3.06, -3.06, -3.35, -3.66, -3.4, -3.13, -2.31, -2.72, -3.21, -2.85, -3.4, -3.5, -3.61, -3.67, -3.68, -3.66, -3.91, -3.86, -3.77, -3.62, -3.31, -2.39, -3.57, -4.21, -4.15, -3.61, -3.51, -2.62, -2.78, -2.73, -3.41, -3.47, -3.54, -3.59, -3.61, -3.6, -3.94, -3.9, -3.84, -3.75, -3.59, -3.52, -4.0, -4.61, -4.87, -4.9, -3.76, -3.77, -3.66, -2.61, -3.4, -3.45, -3.49, -3.51, -3.51, -3.51, -3.98, -3.96, -3.93, -3.92, -3.95, -4.13, -4.44, -4.66, -4.8, -4.61, -4.79, -3.87, -3.75, -2.7, -2.65, -3.34, -3.35, -3.37, -3.39, -3.4, -4.02, -4.02, -4.03, -4.06, -4.16, -4.37, -4.71, -4.58, -4.59, -4.54, -4.8, -3.83, -3.64, -3.49, -2.53, -3.14, -3.17, -3.22, -3.26, -3.29, -4.06, -4.07, -4.09, -4.14, -4.23, -4.37, -4.49, -3.82, -3.6, -3.41, -3.24, -2.16, -3.43, -3.25, -3.14, -2.92, -2.98, -3.06, -3.13, -3.19, -4.09, -4.11, -2.34, -2.41, -2.5, -3.33, -3.28, -3.11, -2.92, -2.81, -1.85, -1.86, -1.86, -1.6, -1.67, -2.27, -2.31, -2.36, -2.51, -2.56, -2.15, -2.16, -2.17, -2.16, -2.91, -2.77, -2.53, -2.21, -2.01, -2.06, -1.43, -1.59, -1.71, -1.77, -1.46, -1.93, -1.97, -2.01, -2.03, -2.05, -2.05, -2.03, -1.99, -1.92, -2.53, -2.25, -1.79, -1.16, -0.84, -0.6, -0.98, -1.38, -1.59, -1.43, -1.76, -1.91, -1.97, -2.01, -2.04, -2.06, -1.96, -1.91, -1.84, -2.48, -2.24, -1.86, -1.25, -0.23, 0.78, -0.15, -0.44, -0.85, -1.01, -1.33, -1.9, -1.95, -2.0, -2.04, -2.06, -2.07, -1.87, -1.81, -1.92, -1.79, -1.58, -1.28, -0.82, -0.18, 0.47, -0.03, -0.53, -0.89, -0.94, -1.19, -1.98, -2.01, -2.04, -2.07, -2.08, -2.09, -2.03, -1.97, -1.88, -1.76, -1.59, -1.36, -1.07, -0.76, -0.24, -0.48, -0.77, -1.01, -0.91, -2.03, -2.04, -2.06, -2.08, -2.1, -2.11, -2.11, -2.01, -1.95, -1.88, -1.78, -1.66, -1.52, -1.38, -0.57, -0.83, -0.96, -1.1, -1.2, -2.27, -2.07, -2.08, -2.1, -2.12, -2.13, -2.14, -2.14, -2.01, -1.96, -1.9, -0.8, -0.81, -0.85, -0.91, -1.02, -1.16, -1.25, -1.24, -1.51, -2.52, -2.1, -2.11, -2.13, -2.13, -2.15, -2.17, -2.16, -0.83, -0.85, -0.87, -0.9, -0.96, -1.04, -1.18, -1.4, -1.67, -1.8, -1.64, -2.18, -2.54, -2.45, -2.36, -2.15, -2.09, -2.21, -2.2, -2.18, -0.88, -0.9, -0.94, -0.99, -1.06, -1.18, -1.36, -1.65, -2.12, -2.51, -1.97, -2.17, -2.04, -2.46, -2.38, -2.32, -2.24, -2.31, -2.23, -2.19, -0.92, -0.95, -0.99, -1.05, -1.13, -1.25, -1.42, -1.69, -2.11, -2.44, -2.31, -2.07, -1.96, -2.48, -2.41, -2.0, -2.1, -2.13, -2.22, -2.19, -0.95, -0.98, -1.02, -1.08, -1.16, -1.26, -1.39, -1.55, -1.72, -1.76, -1.95, -1.85, -1.83, -1.67, -1.8, -1.92, -1.99, -2.03, -2.02, -2.0, -0.97, -1.0, -1.04, -1.09, -1.16, -1.23, -1.31, -1.37, -1.38, -1.61, -1.48, -1.62, -1.76, -1.88, -1.72, -1.83, -1.9, -1.94, -1.96, -1.95, -0.98, -1.01, -1.05, -1.09, -1.14, -1.19, -1.22, -1.23, -1.17, -1.21, -0.92, -1.35, -1.62, -1.79, -1.64, -1.75, -1.83, -1.87, -1.89, -1.9, -0.99, -1.02, -1.05, -1.08, -1.12, -1.15, -1.16, -1.15, -1.51, -1.23, -1.06, -1.33, -1.57, -1.73, -1.59, -1.69, -1.76, -1.81, -1.84, -1.86, -0.99, -1.02, -1.04, -1.07, -1.09, -1.11, -1.12, -1.1, -1.54, -1.4, -1.35, -1.45, -1.59, -1.72, -1.55, -1.65, -1.71, -1.76, -1.8, -1.82, -0.99, -1.01, -1.04, -1.06, -1.07, -1.09, -1.09, -1.69, -1.61, -1.54, -1.51, -1.56, -1.64, -1.73, -1.54, -1.62, -1.68, -1.73, -1.76, -1.78]}, {"header": {"refTime": "2023-09-24T09:00:00.000Z", "nx": 21, "ny": 33, "lo1": 113.509, "la1": 22.2235, "lo2": 113.5947, "la2": 22.1034, "dx": 0.0042850000000001385, "dy": 0.003753125000000024, "parameterCategory": 2, "parameterCategoryName": "Temperature", "parameterNumber": 3}, "data": [-1.37, -1.36, -1.35, -1.24, -1.24, -1.19, -1.19, -1.19, -1.2, -1.36, -1.39, -1.41, -1.76, -1.79, -2.55, -2.7, -3.35, -3.44, -3.51, -3.56, -1.38, -1.36, -1.35, -1.33, -1.24, -1.24, -1.18, -1.19, -1.19, -1.33, -1.38, -1.41, -1.76, -1.8, -2.56, -3.24, -3.39, -3.5, -3.58, -3.63, -1.39, -1.37, -1.36, -1.34, -1.24, -1.23, -1.23, -1.18, -1.18, -1.31, -1.39, -1.43, -1.76, -1.8, -3.03, -3.26, -3.46, -3.6, -3.69, -3.72, -1.4, -1.39, -1.37, -1.35, -1.33, -1.23, -1.23, -1.22, -1.22, -1.35, -1.42, -1.45, -1.74, -1.89, -3.0, -3.33, -3.59, -3.76, -3.83, -3.84, -1.41, -1.41, -1.39, -1.37, -1.35, -1.23, -1.22, -1.23, -1.24, -1.42, -1.46, -1.84, -1.65, -1.86, -3.02, -3.47, -3.82, -4.01, -4.03, -3.98, -1.43, -1.43, -1.42, -1.4, -1.37, -1.33, -1.21, -1.21, -1.24, -1.31, -2.01, -1.95, -1.83, -2.48, -3.16, -3.69, -4.19, -4.39, -4.29, -4.13, -1.67, -1.45, -1.45, -1.44, -1.41, -1.36, -1.42, -1.16, -1.19, -1.71, -1.91, -2.2, -2.84, -2.85, -3.35, -3.93, -4.68, -4.96, -4.71, -4.49, -1.69, -1.69, -1.69, -1.78, -1.75, -1.54, -1.43, -1.24, -1.15, -1.68, -1.81, -2.98, -3.18, -3.18, -4.3, -4.63, -5.03, -5.18, -4.96, -4.82, -1.71, -1.72, -1.72, -1.73, -1.82, -1.78, -1.68, -1.38, -1.38, -1.73, -2.78, -3.24, -3.7, -3.48, -4.28, -4.53, -4.77, -4.88, -4.84, -4.76, -2.11, -2.11, -2.11, -1.78, -1.82, -1.91, -1.84, -1.76, -1.62, -1.64, -3.07, -3.43, -3.83, -3.55, -4.28, -4.44, -4.6, -4.69, -4.71, -4.68, -2.11, -2.11, -2.11, -2.1, -2.1, -2.08, -2.12, -2.17, -1.94, -1.79, -2.92, -3.35, -3.48, -3.45, -4.29, -4.4, -4.5, -4.57, -4.61, -4.61, -2.11, -2.11, -2.1, -2.1, -2.1, -2.1, -2.12, -2.22, -2.27, -2.69, -2.86, -3.39, -3.5, -3.35, -4.29, -4.37, -4.44, -4.47, -4.49, -4.49, -2.11, -2.11, -2.1, -2.1, -2.09, -2.08, -2.07, -2.17, -2.23, -2.2, -2.83, -3.29, -3.39, -3.59, -3.56, -4.26, -4.3, -4.33, -4.36, -4.38, -2.11, -2.1, -2.1, -2.09, -2.08, -2.06, -1.99, -2.1, -2.16, -2.17, -2.76, -3.2, -3.27, -3.3, -3.48, -4.1, -4.14, -4.19, -4.24, -4.28, -2.11, -2.1, -2.1, -2.09, -2.09, -2.07, -2.07, -1.45, -1.35, -1.24, -1.16, -1.53, -3.2, -3.22, -3.23, -3.92, -3.98, -4.06, -4.12, -4.18, -2.11, -2.11, -1.09, -1.1, -1.1, -1.18, -1.16, -1.07, -0.97, -0.91, -1.23, -1.46, -1.72, -2.37, -2.49, -3.36, -3.4, -3.44, -3.78, -3.84, -0.99, -0.98, -0.97, -0.93, -0.95, -0.88, -0.75, -0.58, -0.47, -0.5, -1.01, -1.38, -1.78, -2.18, -2.54, -3.09, -3.13, -3.15, -3.17, -3.18, -0.92, -0.89, -0.85, -0.78, -0.75, -0.6, -0.34, 0.0, 0.18, -0.21, -0.7, -1.28, -1.79, -2.48, -2.94, -3.08, -3.13, -3.16, -3.18, -3.19, -0.85, -0.81, -0.74, -0.72, -0.59, -0.38, -0.04, 0.51, 0.96, 0.13, -0.46, -1.02, -1.9, -2.35, -3.08, -3.11, -3.15, -3.18, -3.19, -3.2, -0.79, -0.74, -0.54, -0.46, -0.34, -0.17, 0.1, 0.48, 0.59, 0.08, -0.48, -0.96, -1.82, -2.17, -3.14, -3.16, -3.18, -3.2, -3.21, -3.22, -0.61, -0.58, -0.53, -0.46, -0.37, -0.24, -0.07, 0.11, -0.03, -0.28, -0.62, -0.95, -1.79, -3.18, -3.19, -3.21, -3.22, -3.23, -3.23, -3.23, -0.61, -0.58, -0.54, -0.49, -0.43, -0.36, -0.28, -0.1, -0.46, -0.61, -0.8, -1.0, -2.67, -3.21, -3.23, -3.25, -3.26, -3.26, -3.25, -3.24, -0.62, -0.6, -0.57, -0.34, -0.34, -0.35, -0.37, -0.43, -0.51, -0.57, -0.59, -1.21, -2.66, -3.23, -3.25, -3.28, -3.31, -3.29, -3.27, -3.25, -0.41, -0.41, -0.42, -0.43, -0.46, -0.5, -0.58, -0.7, -0.84, -0.92, -0.86, -1.91, -2.62, -2.82, -2.99, -3.3, -3.38, -3.29, -3.26, -3.26, -0.45, -0.47, -0.49, -0.51, -0.56, -0.62, -0.72, -0.88, -1.12, -1.3, -1.06, -1.84, -2.0, -2.79, -2.96, -3.11, -3.27, -3.23, -3.25, -3.25, -0.49, -0.51, -0.54, -0.58, -0.63, -0.7, -0.8, -0.95, -1.15, -1.3, -1.67, -1.78, -1.93, -2.76, -2.92, -2.97, -3.06, -3.07, -3.25, -3.25, -0.53, -0.55, -0.59, -0.63, -0.68, -0.75, -0.84, -0.94, -1.05, -1.09, -1.62, -1.7, -1.84, -2.53, -2.71, -2.85, -2.94, -2.97, -2.97, -2.95, -0.56, -0.59, -0.62, -0.66, -0.71, -0.78, -0.85, -0.92, -0.99, -1.51, -1.49, -1.55, -1.69, -1.84, -2.59, -2.73, -2.82, -2.87, -2.89, -2.89, -0.58, -0.61, -0.64, -0.68, -0.73, -0.79, -0.85, -0.91, -0.97, -1.38, -1.24, -1.45, -1.63, -1.78, -2.48, -2.63, -2.72, -2.78, -2.81, -2.83, -0.6, -0.63, -0.66, -0.7, -0.74, -0.79, -0.84, -0.9, -1.48, -1.37, -1.31, -1.45, -1.61, -1.75, -2.41, -2.54, -2.64, -2.71, -2.75, -2.77, -0.61, -0.64, -0.67, -0.7, -0.74, -0.79, -0.83, -0.88, -1.52, -1.46, -1.46, -1.52, -1.63, -1.74, -2.36, -2.49, -2.58, -2.65, -2.69, -2.72, -0.62, -0.65, -0.68, -0.71, -0.74, -0.78, -0.81, -1.59, -1.56, -1.54, -1.55, -1.59, -1.66, -1.74, -2.35, -2.45, -2.53, -2.6, -2.64, -2.68]}, {"header": {"refTime": "2023-09-24T09:00:00.000Z", "nx": 21, "ny": 33, "lo1": 113.509, "la1": 22.2235, "lo2": 113.5947, "la2": 22.1034, "dx": 0.0042850000000001385, "dy": 0.003753125000000024, "parameterCategory": 0, "parameterCategoryName": "Temperature", "parameterNumber": 0}, "data": [[29.24, 29.24, 29.24, 29.11, 29.12, 29.46, 29.45, 29.45, 29.46, 29.43, 29.47, 29.51, 29.73, 29.75, 29.82, 29.82, 29.9, 29.89, 29.88, 29.88], [29.24, 29.24, 29.24, 29.24, 29.12, 29.14, 29.43, 29.42, 29.41, 29.41, 29.47, 29.53, 29.76, 29.78, 29.84, 29.91, 29.9, 29.89, 29.88, 29.87], [29.24, 29.24, 29.24, 29.24, 29.12, 29.13, 29.16, 29.39, 29.33, 29.39, 29.49, 29.58, 29.82, 29.83, 29.93, 29.91, 29.89, 29.88, 29.87, 29.87], [29.24, 29.24, 29.24, 29.23, 29.24, 29.12, 29.14, 29.17, 29.2, 29.41, 29.52, 29.67, 29.91, 29.79, 29.94, 29.91, 29.89, 29.87, 29.87, 29.86], [29.24, 29.23, 29.23, 29.23, 29.23, 29.1, 29.11, 29.12, 29.12, 29.41, 29.52, 29.81, 30.03, 29.84, 29.94, 29.9, 29.87, 29.86, 29.86, 29.86], [29.24, 29.23, 29.23, 29.23, 29.23, 29.22, 29.09, 29.08, 29.07, 29.04, 29.5, 29.69, 29.88, 30.0, 29.91, 29.87, 29.85, 29.84, 29.84, 29.85], [29.21, 29.24, 29.23, 29.23, 29.23, 29.22, 29.07, 29.07, 29.05, 29.06, 29.06, 29.5, 29.86, 29.89, 29.87, 29.85, 29.83, 29.82, 29.87, 29.9], [29.21, 29.22, 29.22, 29.21, 29.21, 29.11, 29.09, 29.07, 29.1, 29.03, 28.92, 29.35, 29.36, 29.9, 29.73, 29.7, 29.75, 29.76, 29.74, 29.72], [29.19, 29.19, 29.22, 29.23, 29.23, 29.22, 29.2, 29.08, 29.0, 29.08, 29.11, 29.23, 29.28, 29.21, 29.72, 29.7, 29.72, 29.73, 29.73, 29.72], [29.3, 29.3, 29.3, 29.21, 29.22, 29.25, 29.23, 29.2, 28.93, 28.95, 29.29, 29.15, 29.2, 29.17, 29.72, 29.69, 29.7, 29.71, 29.71, 29.71], [29.3, 29.3, 29.3, 29.3, 29.3, 29.3, 29.3, 29.3, 29.23, 29.0, 28.8, 29.1, 29.14, 29.14, 29.72, 29.68, 29.69, 29.7, 29.7, 29.7], [29.3, 29.3, 29.3, 29.3, 29.3, 29.3, 29.3, 29.3, 29.3, -999.0, 28.8, 29.6, 29.6, 29.12, 29.72, 29.67, 29.68, 29.69, 29.69, 29.69], [29.3, 29.3, 29.3, 29.3, 29.3, 29.3, 29.3, 29.3, 29.3, 29.3, -999.0, 29.6, 29.6, 29.6, 29.6, 29.73, 29.73, 29.7, 29.71, 29.71], [29.3, 29.3, 29.3, 29.3, 29.3, 29.3, 29.3, 29.3, 29.3, 29.3, -999.0, 29.6, 29.6, 29.6, 29.6, 29.71, 29.71, 29.69, 29.69, 29.7], [29.3, 29.3, 29.3, 29.3, 29.3, 29.3, 29.3, 29.3, 29.3, 29.3, 29.3, 29.42, 29.6, 29.6, 29.6, 29.69, 29.7, 29.67, 29.68, 29.69], [29.3, 29.3, 29.3, 29.3, 29.3, 29.3, 29.3, 29.3, 29.3, 29.3, 29.49, 29.47, 29.5, 29.52, 29.49, 29.27, 29.22, 29.31, 29.41, 29.39], [29.3, 29.3, 29.3, 29.3, 29.3, 29.3, 29.3, 29.3, 29.3, 29.3, 29.43, 29.47, 29.51, 29.54, 29.46, 29.31, 29.2, 29.12, 29.06, 29.02], [29.3, 29.3, 29.3, 29.3, 29.3, 29.3, 29.3, 29.3, 29.3, 29.38, 29.42, 29.46, 29.51, 29.46, 29.58, 29.34, 29.19, 29.09, 29.03, 28.99], [29.3, 29.3, 29.3, 29.3, 29.3, 29.3, 29.3, 29.3, 29.33, 29.36, 29.46, 29.5, 29.36, 29.41, 29.36, 29.25, 29.13, 29.04, 28.99, 28.96], [29.3, 29.3, 29.53, 29.52, 29.5, 29.48, 29.45, 29.37, 29.37, 29.42, 29.47, 29.5, 29.31, 29.33, 29.17, 29.11, 29.03, 28.97, 28.93, 28.91], [29.54, 29.54, 29.53, 29.47, 29.46, 29.45, 29.43, 29.41, 29.44, 29.46, 29.49, 29.52, 29.26, 29.05, 29.02, 28.97, 28.92, 28.88, 28.87, 28.86], [29.49, 29.48, 29.48, 29.48, 29.48, 29.47, 29.47, 29.4, 29.5, 29.51, 29.52, 29.53, 29.35, 28.95, 28.91, 28.86, 28.82, 28.8, 28.8, 28.81], [29.49, 29.49, 29.49, 29.39, 29.4, 29.41, 29.42, 29.44, 29.45, 29.46, 29.45, 29.32, 29.01, 28.88, 28.83, 28.78, 28.73, 28.72, 28.74, 28.77], [29.38, 29.39, 29.39, 29.4, 29.41, 29.42, 29.44, 29.47, 29.5, 29.52, 29.49, 29.3, 29.04, 28.92, 28.81, 28.73, 28.69, 28.65, 28.7, 28.74], [29.38, 29.39, 29.39, 29.4, 29.41, 29.42, 29.45, 29.49, 29.56, 29.62, 29.53, 29.33, 29.23, 28.93, 28.82, 28.73, 28.64, 28.61, 28.68, 28.73], [29.38, 29.39, 29.39, 29.4, 29.41, 29.42, 29.44, 29.48, 29.54, 29.6, 29.43, 29.32, 29.23, 28.95, 28.84, 28.67, 28.64, 28.63, 28.7, 28.73], [29.38, 29.38, 29.39, 29.39, 29.4, 29.41, 29.42, 29.44, 29.46, 29.45, 29.33, 29.27, 29.22, 28.78, 28.73, 28.7, 28.67, 28.66, 28.66, 28.67], [29.38, 29.38, 29.38, 29.38, 29.39, 29.39, 29.39, 29.39, 29.37, 29.27, 29.23, 29.19, 29.15, 29.1, 28.76, 28.73, 28.7, 28.69, 28.69, 28.69], [29.38, 29.38, 29.38, 29.38, 29.38, 29.37, 29.37, 29.35, 29.31, 29.19, 29.13, 29.15, 29.14, 29.1, 28.79, 28.75, 28.73, 28.71, 28.7, 28.7], [29.37, 29.37, 29.37, 29.37, 29.37, 29.36, 29.35, 29.33, 29.19, 29.16, 29.13, 29.14, 29.13, 29.11, 28.8, 28.77, 28.75, 28.73, 28.72, 28.72], [29.37, 29.37, 29.37, 29.36, 29.36, 29.35, 29.34, 29.32, 29.18, 29.16, 29.15, 29.14, 29.13, 29.11, 28.81, 28.78, 28.76, 28.75, 28.74, 28.73], [29.37, 29.36, 29.36, 29.36, 29.35, 29.35, 29.33, 29.18, 29.17, 29.16, 29.15, 29.14, 29.13, 29.11, 28.82, 28.79, 28.77, 28.76, 28.75, 28.74]]}]