awsData/contour/wdir_2023092504.json
[{"header": {"refTime": "2023-09-25T04:00:00.000Z", "nx": 21, "ny": 33, "lo1": 113.509, "la1": 22.2235, "lo2": 113.5947, "la2": 22.1034, "dx": 0.0042850000000001385, "dy": 0.003753125000000024, "parameterCategory": 2, "parameterCategoryName": "Temperature", "parameterNumber": 2}, "data": [-2.37, -2.38, -2.39, -2.48, -2.48, -2.96, -2.93, -2.9, -2.9, -2.71, -2.77, -2.84, -3.08, -3.11, -4.45, -4.6, -4.77, -4.86, -4.92, -4.96, -2.36, -2.37, -2.39, -2.4, -2.48, -2.48, -2.89, -2.82, -2.78, -2.67, -2.78, -2.88, -3.14, -3.16, -4.49, -4.7, -4.83, -4.93, -5.0, -5.04, -2.35, -2.36, -2.38, -2.4, -2.49, -2.49, -2.48, -2.76, -2.54, -2.64, -2.8, -2.96, -3.23, -3.24, -4.54, -4.74, -4.92, -5.05, -5.12, -5.15, -2.34, -2.35, -2.37, -2.39, -2.42, -2.5, -2.49, -2.48, -2.46, -2.67, -2.85, -3.09, -3.39, -3.21, -4.53, -4.81, -5.06, -5.22, -5.29, -5.28, -2.32, -2.33, -2.35, -2.37, -2.41, -2.52, -2.52, -2.5, -2.48, -2.69, -2.87, -3.26, -3.64, -3.29, -4.54, -4.94, -5.3, -5.5, -5.51, -5.44, -2.3, -2.31, -2.32, -2.35, -2.38, -2.44, -2.56, -2.56, -2.52, -2.42, -2.76, -3.06, -3.36, -4.19, -4.58, -5.14, -5.7, -5.94, -5.8, -5.61, -3.75, -2.28, -2.29, -2.3, -2.34, -2.41, -2.36, -2.66, -2.63, -2.41, -2.27, -2.7, -4.06, -4.28, -4.62, -5.34, -6.27, -6.62, -6.74, -6.58, -3.76, -3.69, -3.61, -3.48, -3.45, -2.19, -2.35, -2.62, -2.91, -2.37, -2.01, -3.23, -3.52, -4.5, -5.63, -6.09, -6.65, -6.85, -6.55, -6.35, -3.78, -3.7, -3.59, -3.45, -3.29, -3.31, -3.49, -2.43, -3.51, -2.45, -3.38, -4.09, -5.18, -4.66, -5.7, -6.0, -6.31, -6.45, -6.38, -6.27, -5.02, -4.9, -4.71, -3.4, -3.08, -2.87, -3.39, -3.94, -4.19, -3.93, -3.92, -4.68, -5.62, -4.91, -5.78, -5.92, -6.1, -6.21, -6.22, -6.18, -5.06, -4.95, -4.76, -4.43, -3.73, -1.68, -4.26, -5.58, -5.0, -4.71, -5.64, -4.5, -4.79, -4.69, -5.79, -5.88, -5.98, -6.06, -6.09, -6.09, -5.14, -5.05, -4.93, -4.72, -4.39, -4.22, -5.23, -6.37, -6.8, -7.45, -5.91, -5.95, -5.87, -4.47, -5.78, -5.84, -5.91, -6.52, -6.52, -6.51, -5.23, -5.19, -5.15, -5.13, -5.22, -5.68, -6.4, -6.6, -6.75, -6.42, -7.42, -6.03, -5.92, -5.06, -5.02, -6.35, -6.35, -6.37, -6.39, -6.4, -5.33, -5.33, -5.36, -5.46, -5.71, -6.3, -7.25, -6.64, -6.48, -6.34, -7.44, -6.54, -6.4, -6.28, -4.95, -6.14, -6.17, -6.21, -6.25, -6.29, -5.42, -5.45, -5.52, -5.65, -5.88, -6.24, -6.52, -6.13, -5.8, -5.53, -5.32, -4.29, -6.19, -6.04, -5.94, -5.89, -5.96, -6.04, -6.11, -6.17, -5.49, -5.53, -3.51, -3.66, -3.86, -5.54, -5.47, -5.23, -4.97, -4.81, -3.87, -3.99, -4.12, -4.16, -4.28, -5.01, -5.02, -5.03, -5.12, -5.15, -3.26, -3.3, -3.35, -3.41, -4.99, -4.83, -4.52, -4.12, -3.86, -3.91, -3.38, -3.71, -4.01, -4.26, -4.01, -4.33, -4.21, -4.11, -4.04, -3.99, -3.17, -3.18, -3.18, -3.15, -4.52, -4.17, -3.6, -2.82, -2.42, -2.41, -2.99, -3.47, -3.91, -3.96, -4.59, -4.38, -4.2, -4.08, -4.01, -3.96, -3.09, -3.06, -3.02, -4.44, -4.15, -3.68, -2.92, -1.67, -0.49, -1.79, -2.0, -2.64, -3.21, -3.75, -4.4, -4.27, -4.12, -4.02, -3.95, -3.91, -3.0, -2.96, -3.52, -3.36, -3.12, -2.75, -2.22, -1.47, -0.77, -1.4, -2.06, -2.6, -3.05, -3.44, -4.17, -4.1, -4.01, -3.93, -3.89, -3.86, -3.62, -3.54, -3.43, -3.28, -3.07, -2.79, -2.44, -2.08, -1.56, -1.86, -2.26, -2.64, -2.94, -4.03, -4.0, -3.94, -3.88, -3.83, -3.81, -3.8, -3.56, -3.49, -3.38, -3.26, -3.1, -2.91, -2.72, -1.53, -2.15, -2.32, -2.53, -2.75, -4.13, -3.91, -3.87, -3.81, -3.76, -3.73, -3.73, -3.74, -3.53, -3.46, -3.37, -1.71, -1.73, -1.77, -1.83, -1.94, -2.07, -2.15, -2.14, -2.67, -3.63, -3.83, -3.78, -3.72, -3.68, -3.65, -3.65, -3.68, -1.74, -1.75, -1.78, -1.81, -1.86, -1.95, -2.08, -2.29, -2.55, -2.68, -2.52, -3.23, -3.64, -3.6, -3.57, -3.66, -3.68, -3.54, -3.58, -3.64, -1.78, -1.8, -1.84, -1.89, -1.96, -2.07, -2.24, -2.52, -2.98, -3.36, -2.82, -3.19, -3.14, -3.6, -3.57, -3.53, -3.5, -3.41, -3.55, -3.62, -1.81, -1.84, -1.88, -1.94, -2.01, -2.13, -2.29, -2.55, -2.96, -3.29, -3.24, -3.06, -3.03, -3.6, -3.56, -3.15, -3.22, -3.22, -3.57, -3.62, -1.84, -1.87, -1.91, -1.96, -2.03, -2.13, -2.25, -2.4, -2.57, -2.59, -2.88, -2.82, -2.86, -2.73, -2.91, -3.03, -3.11, -3.14, -3.14, -3.12, -1.85, -1.88, -1.92, -1.97, -2.03, -2.09, -2.16, -2.22, -2.22, -2.49, -2.36, -2.39, -2.53, -2.65, -2.79, -2.92, -3.01, -3.05, -3.07, -3.07, -1.86, -1.89, -1.93, -1.96, -2.0, -2.04, -2.07, -2.07, -1.99, -2.05, -1.68, -2.12, -2.39, -2.55, -2.69, -2.82, -2.91, -2.97, -3.0, -3.01, -1.87, -1.89, -1.92, -1.95, -1.98, -2.0, -2.01, -1.98, -2.28, -1.99, -1.82, -2.09, -2.33, -2.5, -2.62, -2.75, -2.84, -2.9, -2.94, -2.96, -1.87, -1.89, -1.91, -1.94, -1.95, -1.96, -1.96, -1.93, -2.31, -2.17, -2.11, -2.21, -2.36, -2.48, -2.58, -2.69, -2.78, -2.84, -2.88, -2.91, -1.87, -1.89, -1.9, -1.92, -1.93, -1.94, -1.93, -2.46, -2.38, -2.3, -2.28, -2.33, -2.41, -2.5, -2.56, -2.66, -2.74, -2.8, -2.84, -2.87]}, {"header": {"refTime": "2023-09-25T04:00:00.000Z", "nx": 21, "ny": 33, "lo1": 113.509, "la1": 22.2235, "lo2": 113.5947, "la2": 22.1034, "dx": 0.0042850000000001385, "dy": 0.003753125000000024, "parameterCategory": 2, "parameterCategoryName": "Temperature", "parameterNumber": 3}, "data": [-0.1, -0.1, -0.11, 0.12, 0.09, -0.49, -0.49, -0.51, -0.53, -0.46, -0.49, -0.53, -0.52, -0.52, -0.79, -0.76, -0.35, -0.33, -0.31, -0.29, -0.09, -0.1, -0.11, -0.12, 0.09, 0.05, -0.48, -0.49, -0.5, -0.45, -0.5, -0.56, -0.57, -0.57, -0.82, -0.4, -0.35, -0.32, -0.3, -0.28, -0.09, -0.09, -0.1, -0.11, 0.11, 0.06, -0.01, -0.46, -0.45, -0.45, -0.52, -0.62, -0.65, -0.63, -0.48, -0.41, -0.35, -0.31, -0.28, -0.27, -0.08, -0.08, -0.09, -0.09, -0.11, 0.1, 0.04, -0.06, -0.15, -0.43, -0.54, -0.73, -0.82, -0.48, -0.51, -0.4, -0.33, -0.29, -0.26, -0.25, -0.07, -0.07, -0.07, -0.08, -0.08, 0.15, 0.13, 0.1, 0.1, -0.37, -0.5, -0.57, -1.09, -0.59, -0.49, -0.36, -0.29, -0.25, -0.24, -0.23, -0.07, -0.07, -0.06, -0.06, -0.05, -0.04, 0.21, 0.23, 0.26, 0.32, 0.07, -0.28, -0.67, -0.48, -0.39, -0.29, -0.23, -0.2, -0.21, -0.21, 0.33, -0.06, -0.05, -0.05, -0.03, -0.01, 0.35, 0.31, 0.35, 0.69, 0.77, 0.26, 0.0, -0.08, -0.24, -0.21, -0.17, -0.16, -0.27, -0.31, 0.33, 0.32, 0.3, 0.35, 0.35, 0.28, 0.32, 0.36, 0.42, 0.69, 0.82, 0.82, 0.81, 0.19, 0.41, 0.27, 0.09, 0.02, 0.12, 0.18, 0.33, 0.31, 0.3, 0.27, 0.31, 0.31, 0.36, 0.34, 0.61, 0.68, 0.76, 0.71, 0.6, 0.65, 0.42, 0.31, 0.2, 0.15, 0.18, 0.21, 0.57, 0.54, 0.51, 0.26, 0.2, 0.21, 0.33, 0.45, 0.75, 0.77, 0.71, 0.64, 0.54, 0.62, 0.42, 0.35, 0.28, 0.24, 0.23, 0.24, 0.57, 0.55, 0.52, 0.45, 0.32, -0.07, 0.43, 0.71, 0.67, 0.86, 0.78, 0.66, 0.63, 0.64, 0.42, 0.37, 0.32, 0.29, 0.28, 0.28, 0.59, 0.57, 0.54, 0.5, 0.44, 0.41, 0.61, 0.88, 1.0, 0.96, 0.83, 0.79, 0.75, 0.66, 0.42, 0.38, 0.35, -0.02, -0.03, -0.04, 0.6, 0.59, 0.58, 0.58, 0.59, 0.67, 0.79, 0.9, 0.96, 0.88, 0.89, 0.83, 0.79, 0.34, 0.32, -0.01, -0.03, -0.04, -0.05, -0.05, 0.62, 0.62, 0.62, 0.64, 0.68, 0.76, 0.89, 0.86, 0.87, 0.85, 0.9, 0.48, 0.39, 0.32, 0.24, -0.05, -0.06, -0.06, -0.06, -0.06, 0.64, 0.64, 0.65, 0.67, 0.71, 0.76, 0.81, 1.29, 1.37, 1.42, 1.46, 0.99, 0.31, 0.24, 0.19, -0.1, -0.09, -0.09, -0.08, -0.07, 0.65, 0.66, 1.0, 1.02, 1.04, 1.39, 1.4, 1.45, 1.51, 1.54, 1.15, 0.97, 0.75, 0.39, 0.29, 0.41, 0.53, 0.65, 0.62, 0.68, 1.04, 1.06, 1.08, 1.11, 1.49, 1.52, 1.58, 1.65, 1.7, 1.7, 1.22, 0.96, 0.66, 0.34, 0.36, 0.02, 0.14, 0.23, 0.3, 0.33, 1.09, 1.11, 1.15, 1.2, 1.58, 1.64, 1.74, 1.88, 1.95, 1.55, 1.25, 0.98, 0.62, 0.38, -0.23, -0.01, 0.16, 0.27, 0.33, 0.37, 1.13, 1.16, 1.21, 1.6, 1.65, 1.73, 1.86, 2.08, 2.2, 1.73, 1.08, 0.72, 1.01, 0.62, -0.04, 0.1, 0.25, 0.34, 0.39, 0.41, 1.17, 1.2, 1.14, 1.18, 1.25, 1.36, 1.54, 1.79, 1.82, 1.43, 1.03, 0.71, 1.22, 1.01, 0.21, 0.29, 0.39, 0.45, 0.46, 0.46, 1.05, 1.07, 1.1, 1.13, 1.18, 1.26, 1.36, 1.47, 1.3, 1.11, 0.87, 0.66, 1.42, 0.36, 0.42, 0.5, 0.57, 0.58, 0.55, 0.51, 1.02, 1.03, 1.04, 1.06, 1.08, 1.11, 1.14, 0.98, 0.89, 0.78, 0.66, 0.55, 0.67, 0.49, 0.58, 0.71, 0.79, 0.74, 0.62, 0.54, 0.99, 0.99, 0.99, 0.75, 0.75, 0.74, 0.71, 0.66, 0.57, 0.51, 0.5, 1.27, 0.37, 0.57, 0.7, 0.91, 1.16, 0.91, 0.63, 0.53, 0.68, 0.68, 0.67, 0.65, 0.63, 0.58, 0.51, 0.39, 0.24, 0.16, 0.23, 0.49, 0.33, 0.5, 0.68, 0.95, 1.92, 0.63, 0.47, 0.47, 0.64, 0.62, 0.6, 0.57, 0.53, 0.46, 0.36, 0.21, -0.04, -0.23, 0.02, 0.38, 0.7, 0.44, 0.57, 0.66, 0.34, -0.21, 0.29, 0.4, 0.6, 0.58, 0.55, 0.51, 0.46, 0.39, 0.28, 0.14, -0.07, -0.23, 0.06, 0.34, 0.61, 0.38, 0.46, 0.54, 0.37, 0.24, 0.3, 0.38, 0.56, 0.54, 0.51, 0.46, 0.41, 0.34, 0.25, 0.15, 0.04, -0.0, 0.15, 0.33, 0.55, 0.46, 0.5, 0.48, 0.42, 0.38, 0.39, 0.43, 0.53, 0.51, 0.47, 0.43, 0.38, 0.32, 0.24, 0.17, 0.11, 0.14, 0.17, -0.36, -0.46, -0.57, 0.44, 0.45, 0.44, 0.42, 0.43, 0.45, 0.51, 0.48, 0.45, 0.41, 0.36, 0.31, 0.25, 0.19, 0.13, 0.13, -0.1, -0.27, -0.41, -0.52, 0.41, 0.43, 0.44, 0.44, 0.44, 0.45, 0.49, 0.47, 0.43, 0.4, 0.35, 0.31, 0.25, 0.2, -0.3, -0.21, -0.15, -0.27, -0.39, -0.5, 0.39, 0.42, 0.43, 0.44, 0.45, 0.45, 0.48, 0.45, 0.42, 0.39, 0.35, 0.31, 0.27, 0.22, -0.33, -0.29, -0.28, -0.33, -0.41, -0.49, 0.38, 0.41, 0.42, 0.44, 0.44, 0.45, 0.47, 0.45, 0.42, 0.39, 0.35, 0.32, 0.28, -0.39, -0.37, -0.35, -0.35, -0.38, -0.44, -0.5, 0.38, 0.4, 0.42, 0.43, 0.44, 0.45]}, {"header": {"refTime": "2023-09-25T04:00:00.000Z", "nx": 21, "ny": 33, "lo1": 113.509, "la1": 22.2235, "lo2": 113.5947, "la2": 22.1034, "dx": 0.0042850000000001385, "dy": 0.003753125000000024, "parameterCategory": 0, "parameterCategoryName": "Temperature", "parameterNumber": 0}, "data": [[28.6, 28.59, 28.59, 28.36, 28.37, 28.62, 28.62, 28.62, 28.63, 28.54, 28.54, 28.55, 28.74, 28.75, 28.75, 28.75, 28.78, 28.77, 28.77, 28.77], [28.6, 28.6, 28.59, 28.59, 28.37, 28.39, 28.61, 28.62, 28.62, 28.55, 28.55, 28.56, 28.75, 28.76, 28.76, 28.78, 28.77, 28.77, 28.77, 28.76], [28.6, 28.6, 28.59, 28.59, 28.37, 28.39, 28.42, 28.61, 28.6, 28.55, 28.55, 28.58, 28.77, 28.78, 28.79, 28.78, 28.77, 28.77, 28.76, 28.76], [28.6, 28.6, 28.6, 28.59, 28.59, 28.37, 28.4, 28.44, 28.48, 28.53, 28.55, 28.61, 28.8, 28.66, 28.79, 28.78, 28.77, 28.76, 28.76, 28.75], [28.61, 28.6, 28.6, 28.59, 28.59, 28.35, 28.37, 28.38, 28.37, 28.48, 28.52, 28.67, 28.8, 28.69, 28.79, 28.77, 28.76, 28.75, 28.75, 28.75], [28.61, 28.61, 28.6, 28.6, 28.59, 28.58, 28.34, 28.33, 28.31, 28.26, 28.46, 28.6, 28.71, 28.83, 28.78, 28.76, 28.74, 28.74, 28.74, 28.74], [28.62, 28.61, 28.61, 28.61, 28.6, 28.58, 28.37, 28.32, 28.29, 28.23, 28.2, 28.49, 28.79, 28.8, 28.77, 28.75, 28.73, 28.72, 28.74, 28.75], [28.63, 28.63, 28.63, 28.63, 28.62, 28.44, 28.4, 28.37, 28.36, 28.2, 28.03, 28.45, 28.46, 28.8, 28.7, 28.7, 28.7, 28.7, 28.7, 28.7], [28.57, 28.58, 28.65, 28.65, 28.66, 28.64, 28.59, 28.39, 28.24, 28.25, 28.21, 28.33, 28.38, 28.31, 28.7, 28.7, 28.7, 28.7, 28.7, 28.7], [28.8, 28.8, 28.8, 28.61, 28.64, 28.71, 28.66, 28.59, 28.12, 28.14, 28.39, 28.25, 28.3, 28.27, 28.7, 28.7, 28.7, 28.7, 28.7, 28.7], [28.8, 28.8, 28.8, 28.8, 28.8, 28.8, 28.8, 28.8, 28.66, 28.23, 27.9, 28.2, 28.24, 28.24, 28.7, 28.7, 28.7, 28.7, 28.7, 28.7], [28.8, 28.8, 28.8, 28.8, 28.8, 28.8, 28.8, 28.8, 28.8, -999.0, 27.9, 28.7, 28.7, 28.22, 28.7, 28.7, 28.7, 27.9, 27.92, 27.93], [28.8, 28.8, 28.8, 28.8, 28.8, 28.8, 28.8, 28.8, 28.8, 28.8, -999.0, 28.7, 28.7, 27.79, 28.19, 28.19, 28.2, 28.03, 28.05, 28.07], [28.8, 28.8, 28.8, 28.8, 28.8, 28.8, 28.8, 28.8, 28.8, 28.8, -999.0, 27.3, 27.3, 27.3, 28.07, 28.07, 28.1, 27.92, 27.96, 27.99], [28.8, 28.8, 28.8, 28.8, 28.8, 28.8, 28.8, 28.6, 28.6, 28.6, 28.6, 28.1, 27.3, 27.3, 27.3, 27.94, 27.98, 27.82, 27.87, 27.91], [28.8, 28.8, 28.67, 28.67, 28.67, 28.6, 28.6, 28.6, 28.6, 28.6, 27.78, 27.87, 27.75, 27.64, 27.76, 27.74, 27.81, 27.69, 27.99, 28.04], [28.67, 28.67, 28.73, 28.73, 28.6, 28.6, 28.6, 28.6, 28.6, 28.6, 28.04, 27.88, 27.71, 27.55, 27.59, 27.56, 27.65, 27.72, 27.77, 27.8], [28.73, 28.73, 28.72, 28.72, 28.6, 28.6, 28.6, 28.6, 28.6, 28.27, 28.1, 27.9, 27.7, 27.6, 27.34, 27.53, 27.66, 27.74, 27.79, 27.83], [28.72, 28.72, 28.72, 28.6, 28.6, 28.6, 28.6, 28.6, 28.48, 28.35, 28.19, 28.02, 27.87, 27.7, 27.51, 27.61, 27.71, 27.79, 27.83, 27.86], [28.72, 28.72, 28.49, 28.49, 28.5, 28.51, 28.53, 28.57, 28.46, 28.34, 28.2, 28.07, 27.96, 27.86, 27.68, 27.74, 27.81, 27.86, 27.88, 27.9], [28.48, 28.48, 28.48, 28.52, 28.52, 28.53, 28.53, 28.54, 28.35, 28.29, 28.21, 28.11, 28.03, 27.79, 27.82, 27.86, 27.91, 27.94, 27.94, 27.94], [28.51, 28.51, 28.51, 28.51, 28.51, 28.51, 28.52, 28.57, 28.3, 28.27, 28.21, 28.14, 28.04, 27.87, 27.92, 27.98, 28.02, 28.02, 28.0, 27.97], [28.5, 28.5, 28.5, 28.58, 28.57, 28.57, 28.56, 28.55, 28.54, 28.54, 28.55, 28.49, 28.26, 27.93, 27.99, 28.07, 28.14, 28.1, 28.04, 28.0], [28.59, 28.58, 28.58, 28.58, 28.57, 28.57, 28.55, 28.54, 28.52, 28.51, 28.53, 28.52, 28.26, 28.24, 28.22, 28.11, 28.32, 28.1, 28.04, 28.01], [28.59, 28.59, 28.58, 28.58, 28.57, 28.57, 28.55, 28.53, 28.49, 28.45, 28.51, 28.53, 28.54, 28.23, 28.21, 28.19, 28.05, 27.97, 28.01, 28.0], [28.59, 28.59, 28.59, 28.58, 28.58, 28.57, 28.56, 28.54, 28.5, 28.46, 28.51, 28.55, 28.56, 28.23, 28.2, 28.23, 28.17, 28.14, 28.0, 28.0], [28.59, 28.59, 28.59, 28.59, 28.58, 28.58, 28.57, 28.57, 28.55, 28.56, 28.57, 28.59, 28.58, 28.38, 28.32, 28.27, 28.22, 28.2, 28.21, 28.22], [28.59, 28.59, 28.59, 28.59, 28.59, 28.59, 28.59, 28.6, 28.61, 28.63, 28.65, 28.53, 28.46, 28.39, 28.36, 28.31, 28.27, 28.25, 28.24, 28.25], [28.6, 28.6, 28.6, 28.6, 28.6, 28.6, 28.61, 28.62, 28.65, 28.7, 28.73, 28.6, 28.5, 28.42, 28.39, 28.34, 28.3, 28.28, 28.27, 28.27], [28.6, 28.6, 28.6, 28.6, 28.61, 28.61, 28.62, 28.64, 28.57, 28.64, 28.69, 28.6, 28.51, 28.44, 28.41, 28.37, 28.33, 28.31, 28.3, 28.29], [28.6, 28.6, 28.61, 28.61, 28.61, 28.62, 28.63, 28.64, 28.56, 28.59, 28.6, 28.56, 28.5, 28.45, 28.42, 28.38, 28.35, 28.33, 28.32, 28.31], [28.6, 28.61, 28.61, 28.61, 28.62, 28.62, 28.63, 28.51, 28.53, 28.54, 28.54, 28.52, 28.49, 28.44, 28.43, 28.4, 28.37, 28.35, 28.33, 28.33]]}]