awsData/contour/wdir_2023092501.json
[{"header": {"refTime": "2023-09-25T01:00:00.000Z", "nx": 21, "ny": 33, "lo1": 113.509, "la1": 22.2235, "lo2": 113.5947, "la2": 22.1034, "dx": 0.0042850000000001385, "dy": 0.003753125000000024, "parameterCategory": 2, "parameterCategoryName": "Temperature", "parameterNumber": 2}, "data": [-2.26, -2.26, -2.27, -2.4, -2.39, -2.61, -2.57, -2.54, -2.53, -2.44, -2.5, -2.57, -2.74, -2.77, -3.83, -3.97, -4.25, -4.33, -4.39, -4.42, -2.26, -2.26, -2.27, -2.27, -2.39, -2.37, -2.54, -2.46, -2.42, -2.39, -2.5, -2.6, -2.78, -2.81, -3.86, -4.18, -4.3, -4.39, -4.46, -4.49, -2.26, -2.26, -2.27, -2.27, -2.4, -2.38, -2.34, -2.41, -2.19, -2.35, -2.52, -2.66, -2.85, -2.87, -4.03, -4.21, -4.37, -4.49, -4.56, -4.58, -2.25, -2.26, -2.27, -2.28, -2.28, -2.41, -2.37, -2.31, -2.26, -2.41, -2.58, -2.76, -2.96, -2.96, -4.02, -4.27, -4.5, -4.64, -4.7, -4.69, -2.25, -2.25, -2.26, -2.28, -2.29, -2.45, -2.43, -2.41, -2.39, -2.49, -2.64, -2.98, -3.16, -3.0, -4.03, -4.39, -4.7, -4.88, -4.89, -4.83, -2.24, -2.24, -2.25, -2.27, -2.3, -2.34, -2.51, -2.52, -2.5, -2.45, -2.74, -2.89, -3.03, -3.66, -4.09, -4.57, -5.05, -5.25, -5.14, -4.98, -3.67, -2.23, -2.23, -2.25, -2.28, -2.34, -2.47, -2.64, -2.64, -2.59, -2.51, -2.73, -3.64, -3.79, -4.15, -4.76, -5.54, -5.83, -5.84, -5.68, -3.68, -3.62, -3.54, -3.29, -3.27, -2.32, -2.45, -2.65, -2.88, -2.57, -2.36, -3.2, -3.39, -3.99, -4.98, -5.37, -5.84, -6.01, -5.76, -5.59, -3.71, -3.63, -3.54, -3.41, -3.14, -3.15, -3.29, -2.51, -3.39, -2.61, -3.31, -3.8, -4.56, -4.2, -5.02, -5.28, -5.55, -5.67, -5.62, -5.53, -4.71, -4.6, -4.44, -3.37, -3.09, -2.8, -3.21, -3.66, -3.94, -3.76, -3.69, -4.21, -4.87, -4.37, -5.07, -5.21, -5.37, -5.46, -5.47, -5.44, -4.75, -4.65, -4.49, -4.21, -3.61, -1.86, -4.03, -5.11, -4.51, -4.36, -5.0, -4.09, -4.29, -4.22, -5.08, -5.16, -5.26, -5.34, -5.36, -5.36, -4.81, -4.74, -4.63, -4.46, -4.18, -4.04, -4.87, -5.73, -6.03, -6.55, -5.22, -5.2, -5.12, -4.07, -5.07, -5.13, -5.2, -5.67, -5.67, -5.67, -4.89, -4.86, -4.83, -4.82, -4.91, -5.33, -5.96, -6.0, -6.03, -5.8, -6.53, -5.27, -5.17, -4.49, -4.47, -5.51, -5.53, -5.55, -5.57, -5.58, -4.98, -4.99, -5.02, -5.11, -5.35, -5.89, -6.81, -6.13, -5.91, -5.77, -6.57, -5.66, -5.55, -5.45, -4.43, -5.36, -5.39, -5.42, -5.46, -5.49, -5.06, -5.09, -5.15, -5.27, -5.49, -5.82, -6.07, -5.39, -4.99, -4.68, -4.45, -3.46, -5.4, -5.28, -5.21, -5.18, -5.23, -5.3, -5.35, -5.4, -5.12, -5.16, -3.08, -3.21, -3.39, -4.76, -4.69, -4.42, -4.11, -3.93, -2.99, -3.17, -3.37, -3.44, -3.59, -4.41, -4.4, -4.39, -4.53, -4.55, -2.8, -2.84, -2.88, -2.91, -4.16, -3.98, -3.66, -3.22, -2.93, -2.97, -2.5, -2.91, -3.29, -3.65, -3.5, -3.96, -3.85, -3.75, -3.69, -3.64, -2.69, -2.69, -2.66, -2.6, -3.65, -3.27, -2.66, -1.82, -1.39, -1.53, -2.2, -2.66, -3.21, -3.44, -4.18, -4.0, -3.83, -3.73, -3.66, -3.61, -2.58, -2.54, -2.47, -3.56, -3.25, -2.75, -1.93, -0.6, 0.63, -0.84, -1.36, -2.1, -2.55, -3.19, -4.02, -3.9, -3.76, -3.67, -3.61, -3.57, -2.48, -2.41, -3.04, -2.85, -2.57, -2.15, -1.52, -0.62, 0.16, -0.64, -1.46, -2.1, -2.36, -2.82, -3.81, -3.74, -3.65, -3.58, -3.54, -3.52, -3.19, -3.1, -2.98, -2.81, -2.57, -2.25, -1.84, -1.42, -0.89, -1.27, -1.77, -2.2, -2.24, -3.67, -3.64, -3.58, -3.52, -3.48, -3.47, -3.47, -3.16, -3.07, -2.97, -2.83, -2.66, -2.46, -2.26, -1.01, -1.71, -1.92, -2.18, -2.41, -3.96, -3.56, -3.51, -3.45, -3.4, -3.39, -3.4, -3.41, -3.14, -3.08, -2.99, -1.27, -1.29, -1.35, -1.44, -1.59, -1.78, -1.9, -1.88, -2.39, -3.63, -3.48, -3.43, -3.35, -3.29, -3.3, -3.33, -3.37, -1.3, -1.32, -1.35, -1.4, -1.48, -1.6, -1.79, -2.09, -2.47, -2.66, -2.42, -3.16, -3.65, -3.52, -3.4, -3.3, -3.2, -3.24, -3.29, -3.34, -1.35, -1.39, -1.43, -1.5, -1.61, -1.77, -2.02, -2.43, -3.09, -3.65, -2.86, -3.14, -2.97, -3.54, -3.42, -3.32, -3.24, -3.24, -3.29, -3.33, -1.4, -1.44, -1.49, -1.57, -1.68, -1.85, -2.09, -2.46, -3.06, -3.54, -3.32, -2.97, -2.83, -3.56, -3.45, -2.8, -2.92, -2.95, -3.31, -3.34, -1.43, -1.47, -1.53, -1.61, -1.71, -1.84, -2.01, -2.24, -2.47, -2.51, -2.76, -2.62, -2.61, -2.29, -2.5, -2.66, -2.77, -2.82, -2.81, -2.78, -1.45, -1.49, -1.55, -1.61, -1.69, -1.78, -1.88, -1.96, -1.94, -2.22, -2.01, -2.15, -2.35, -2.51, -2.36, -2.53, -2.64, -2.7, -2.71, -2.71, -1.46, -1.5, -1.55, -1.6, -1.66, -1.71, -1.75, -1.73, -1.6, -1.58, -1.1, -1.74, -2.14, -2.37, -2.24, -2.41, -2.52, -2.59, -2.62, -2.64, -1.47, -1.5, -1.54, -1.58, -1.62, -1.64, -1.64, -1.59, -1.99, -1.56, -1.3, -1.7, -2.06, -2.29, -2.15, -2.31, -2.42, -2.5, -2.55, -2.57, -1.47, -1.5, -1.53, -1.55, -1.58, -1.59, -1.58, -1.53, -2.03, -1.82, -1.74, -1.88, -2.09, -2.28, -2.1, -2.24, -2.35, -2.43, -2.48, -2.51, -1.47, -1.49, -1.51, -1.53, -1.55, -1.55, -1.54, -2.25, -2.13, -2.02, -1.98, -2.05, -2.17, -2.3, -2.08, -2.2, -2.3, -2.37, -2.42, -2.46]}, {"header": {"refTime": "2023-09-25T01:00:00.000Z", "nx": 21, "ny": 33, "lo1": 113.509, "la1": 22.2235, "lo2": 113.5947, "la2": 22.1034, "dx": 0.0042850000000001385, "dy": 0.003753125000000024, "parameterCategory": 2, "parameterCategoryName": "Temperature", "parameterNumber": 3}, "data": [-0.09, -0.1, -0.11, 0.07, 0.04, -0.24, -0.27, -0.31, -0.32, -0.21, -0.16, -0.12, -0.17, -0.15, -0.22, -0.2, 0.11, 0.11, 0.11, 0.12, -0.08, -0.09, -0.1, -0.12, 0.04, -0.01, -0.29, -0.35, -0.4, -0.27, -0.18, -0.12, -0.16, -0.14, -0.21, 0.1, 0.1, 0.11, 0.12, 0.12, -0.07, -0.08, -0.09, -0.11, 0.06, 0.01, -0.09, -0.39, -0.55, -0.32, -0.17, -0.1, -0.14, -0.12, 0.08, 0.09, 0.1, 0.11, 0.12, 0.12, -0.06, -0.06, -0.07, -0.08, -0.11, 0.05, -0.02, -0.15, -0.26, -0.23, -0.11, -0.07, -0.13, 0.18, 0.07, 0.09, 0.11, 0.11, 0.12, 0.12, -0.04, -0.04, -0.05, -0.05, -0.07, 0.12, 0.09, 0.05, 0.04, -0.05, -0.01, 0.16, -0.03, 0.14, 0.07, 0.1, 0.11, 0.12, 0.12, 0.12, -0.03, -0.03, -0.03, -0.02, -0.02, -0.02, 0.2, 0.22, 0.25, 0.31, 0.4, 0.26, 0.11, 0.06, 0.1, 0.11, 0.12, 0.12, 0.12, 0.12, 0.48, -0.01, -0.01, 0.0, 0.01, 0.04, 0.44, 0.33, 0.38, 0.64, 0.68, 0.43, 0.18, 0.15, 0.14, 0.13, 0.12, 0.12, 0.07, 0.05, 0.48, 0.47, 0.46, 0.41, 0.41, 0.38, 0.42, 0.45, 0.47, 0.65, 0.78, 0.51, 0.45, 0.2, 0.24, 0.2, 0.16, 0.15, 0.17, 0.18, 0.48, 0.47, 0.45, 0.42, 0.38, 0.38, 0.42, 0.43, 0.64, 0.62, 0.56, 0.43, 0.3, 0.36, 0.23, 0.21, 0.19, 0.17, 0.18, 0.19, 0.66, 0.64, 0.6, 0.41, 0.35, 0.3, 0.39, 0.49, 0.74, 0.76, 0.48, 0.38, 0.26, 0.34, 0.22, 0.21, 0.2, 0.19, 0.19, 0.2, 0.66, 0.65, 0.61, 0.56, 0.44, 0.09, 0.52, 0.74, 0.65, 0.82, 0.63, 0.4, 0.36, 0.37, 0.22, 0.22, 0.21, 0.2, 0.2, 0.2, 0.68, 0.66, 0.64, 0.61, 0.55, 0.52, 0.69, 0.87, 0.93, 0.86, 0.68, 0.5, 0.45, 0.4, 0.22, 0.22, 0.21, 0.02, 0.02, 0.02, 0.69, 0.69, 0.68, 0.68, 0.7, 0.78, 0.9, 0.92, 0.93, 0.88, 0.8, 0.55, 0.5, 0.12, 0.11, -0.0, -0.0, -0.0, -0.0, 0.0, 0.71, 0.71, 0.72, 0.74, 0.78, 0.89, 1.07, 0.94, 0.9, 0.87, 0.82, 0.36, 0.28, 0.23, 0.07, -0.03, -0.03, -0.02, -0.02, -0.01, 0.73, 0.73, 0.74, 0.77, 0.81, 0.88, 0.92, 0.69, 0.59, 0.51, 0.45, -0.03, 0.24, 0.17, 0.14, -0.06, -0.06, -0.05, -0.04, -0.03, 0.74, 0.75, 0.18, 0.21, 0.25, 0.52, 0.51, 0.44, 0.36, 0.31, -0.12, -0.13, -0.14, -0.34, -0.31, 0.3, 0.39, 0.48, 0.55, 0.6, 0.11, 0.12, 0.12, 0.12, 0.37, 0.32, 0.24, 0.12, 0.05, 0.06, -0.26, -0.22, -0.2, -0.2, -0.04, -0.0, 0.07, 0.13, 0.17, 0.19, 0.08, 0.07, 0.06, 0.04, 0.24, 0.14, -0.02, -0.24, -0.36, -0.46, -0.34, -0.29, -0.24, -0.07, -0.2, -0.02, 0.09, 0.16, 0.19, 0.21, 0.05, 0.03, 0.01, 0.21, 0.13, 0.0, -0.21, -0.57, -0.92, -0.61, -0.67, -0.56, -0.0, 0.01, -0.04, 0.05, 0.15, 0.2, 0.23, 0.24, 0.02, -0.01, -0.11, -0.16, -0.22, -0.32, -0.46, -0.66, -0.9, -0.78, -0.66, -0.56, 0.08, 0.17, 0.13, 0.18, 0.24, 0.28, 0.28, 0.27, -0.09, -0.12, -0.15, -0.19, -0.25, -0.32, -0.42, -0.51, -0.74, -0.69, -0.61, -0.55, 0.2, 0.22, 0.26, 0.32, 0.37, 0.37, 0.34, 0.3, -0.12, -0.14, -0.17, -0.21, -0.25, -0.31, -0.36, -0.62, -0.62, -0.59, -0.55, -0.52, 0.58, 0.31, 0.37, 0.47, 0.53, 0.48, 0.38, 0.32, -0.13, -0.15, -0.18, -0.53, -0.53, -0.53, -0.53, -0.52, -0.49, -0.47, -0.47, 0.19, 0.26, 0.36, 0.45, 0.62, 0.81, 0.6, 0.38, 0.3, -0.5, -0.5, -0.5, -0.5, -0.49, -0.48, -0.47, -0.44, -0.4, -0.38, -0.39, 0.41, 0.23, 0.33, 0.45, 0.64, 1.43, 0.36, 0.24, 0.24, -0.49, -0.48, -0.48, -0.47, -0.46, -0.44, -0.42, -0.38, -0.32, -0.28, -0.33, 0.33, 0.56, 0.29, 0.37, 0.41, 0.11, -0.35, 0.08, 0.18, -0.47, -0.47, -0.46, -0.45, -0.43, -0.41, -0.39, -0.35, -0.31, -0.27, 0.09, 0.28, 0.48, 0.24, 0.28, 0.27, 0.13, 0.02, 0.09, 0.17, -0.46, -0.45, -0.44, -0.43, -0.41, -0.39, -0.37, -0.34, -0.31, -0.29, 0.13, 0.25, 0.41, 0.22, 0.24, 0.23, 0.17, 0.14, 0.15, 0.19, -0.45, -0.44, -0.43, -0.42, -0.4, -0.38, -0.35, -0.33, -0.3, 0.07, 0.08, -0.36, -0.45, -0.54, 0.2, 0.2, 0.19, 0.18, 0.18, 0.2, -0.44, -0.43, -0.42, -0.41, -0.39, -0.37, -0.34, -0.31, -0.28, 0.02, -0.2, -0.31, -0.41, -0.51, 0.17, 0.19, 0.19, 0.19, 0.19, 0.2, -0.43, -0.42, -0.41, -0.4, -0.38, -0.36, -0.34, -0.31, -0.32, -0.27, -0.24, -0.32, -0.41, -0.49, 0.16, 0.18, 0.19, 0.19, 0.2, 0.21, -0.43, -0.42, -0.41, -0.39, -0.38, -0.36, -0.34, -0.32, -0.34, -0.32, -0.32, -0.36, -0.42, -0.48, 0.15, 0.17, 0.18, 0.19, 0.2, 0.21, -0.42, -0.41, -0.4, -0.39, -0.38, -0.36, -0.34, -0.39, -0.37, -0.36, -0.37, -0.4, -0.44, -0.49, 0.15, 0.17, 0.18, 0.19, 0.2, 0.21]}, {"header": {"refTime": "2023-09-25T01:00:00.000Z", "nx": 21, "ny": 33, "lo1": 113.509, "la1": 22.2235, "lo2": 113.5947, "la2": 22.1034, "dx": 0.0042850000000001385, "dy": 0.003753125000000024, "parameterCategory": 0, "parameterCategoryName": "Temperature", "parameterNumber": 0}, "data": [[28.77, 28.77, 28.77, 28.54, 28.55, 28.84, 28.84, 28.84, 28.85, 28.75, 28.75, 28.76, 28.96, 28.97, 28.97, 28.96, 28.95, 28.94, 28.94, 28.93], [28.77, 28.77, 28.77, 28.76, 28.55, 28.57, 28.83, 28.83, 28.84, 28.75, 28.76, 28.78, 28.97, 28.98, 28.98, 28.96, 28.95, 28.94, 28.93, 28.93], [28.77, 28.77, 28.77, 28.76, 28.54, 28.56, 28.6, 28.82, 28.81, 28.76, 28.77, 28.8, 29.0, 29.0, 28.98, 28.96, 28.94, 28.93, 28.92, 28.92], [28.77, 28.77, 28.77, 28.76, 28.76, 28.55, 28.58, 28.62, 28.66, 28.74, 28.76, 28.84, 29.04, 28.87, 28.99, 28.96, 28.93, 28.92, 28.91, 28.91], [28.77, 28.77, 28.77, 28.76, 28.76, 28.53, 28.54, 28.55, 28.55, 28.68, 28.73, 28.89, 29.07, 28.91, 28.99, 28.94, 28.92, 28.9, 28.9, 28.9], [28.77, 28.77, 28.77, 28.76, 28.76, 28.75, 28.51, 28.5, 28.48, 28.42, 28.63, 28.8, 28.94, 29.07, 28.97, 28.92, 28.89, 28.87, 28.88, 28.89], [28.77, 28.78, 28.77, 28.77, 28.76, 28.75, 28.52, 28.49, 28.46, 28.36, 28.32, 28.64, 28.97, 29.0, 28.94, 28.9, 28.85, 28.83, 28.87, 28.9], [28.77, 28.77, 28.77, 28.77, 28.77, 28.58, 28.55, 28.54, 28.54, 28.33, 28.14, 28.55, 28.56, 29.0, 28.8, 28.8, 28.8, 28.8, 28.8, 28.8], [28.73, 28.73, 28.79, 28.79, 28.79, 28.78, 28.74, 28.54, 28.41, 28.39, 28.31, 28.43, 28.48, 28.41, 28.8, 28.8, 28.8, 28.8, 28.8, 28.8], [28.9, 28.9, 28.9, 28.76, 28.78, 28.83, 28.8, 28.74, 28.26, 28.29, 28.49, 28.35, 28.4, 28.37, 28.8, 28.8, 28.8, 28.8, 28.8, 28.8], [28.9, 28.9, 28.9, 28.9, 28.9, 28.9, 28.9, 28.9, 28.79, 28.39, 28.0, 28.3, 28.34, 28.34, 28.8, 28.8, 28.8, 28.8, 28.8, 28.8], [28.9, 28.9, 28.9, 28.9, 28.9, 28.9, 28.9, 28.9, 28.9, -999.0, 28.0, 28.8, 28.8, 28.32, 28.8, 28.8, 28.8, 28.06, 28.08, 28.08], [28.9, 28.9, 28.9, 28.9, 28.9, 28.9, 28.9, 28.9, 28.9, 28.9, -999.0, 28.8, 28.8, 27.95, 28.32, 28.33, 28.34, 28.18, 28.2, 28.21], [28.9, 28.9, 28.9, 28.9, 28.9, 28.9, 28.9, 28.9, 28.9, 28.9, -999.0, 27.5, 27.5, 27.5, 28.21, 28.22, 28.24, 28.08, 28.11, 28.14], [28.9, 28.9, 28.9, 28.9, 28.9, 28.9, 28.9, 28.7, 28.7, 28.7, 28.7, 28.24, 27.5, 27.5, 27.5, 28.1, 28.13, 27.98, 28.03, 28.07], [28.9, 28.9, 28.77, 28.77, 28.77, 28.7, 28.7, 28.7, 28.7, 28.7, 27.94, 28.03, 27.91, 27.82, 27.93, 27.94, 28.01, 27.89, 28.16, 28.21], [28.77, 28.77, 28.83, 28.83, 28.7, 28.7, 28.7, 28.7, 28.7, 28.7, 28.18, 28.04, 27.88, 27.73, 27.78, 27.71, 27.79, 27.85, 27.89, 27.92], [28.83, 28.83, 28.82, 28.82, 28.7, 28.7, 28.7, 28.7, 28.7, 28.4, 28.23, 28.05, 27.87, 27.79, 27.54, 27.69, 27.8, 27.87, 27.91, 27.94], [28.82, 28.82, 28.82, 28.7, 28.7, 28.7, 28.7, 28.7, 28.59, 28.47, 28.34, 28.19, 28.05, 27.88, 27.68, 27.76, 27.85, 27.91, 27.94, 27.96], [28.82, 28.82, 28.64, 28.65, 28.65, 28.65, 28.66, 28.68, 28.58, 28.48, 28.35, 28.23, 28.13, 28.03, 27.82, 27.87, 27.93, 27.97, 27.99, 28.0], [28.64, 28.64, 28.64, 28.66, 28.66, 28.66, 28.67, 28.67, 28.49, 28.44, 28.36, 28.27, 28.2, 27.91, 27.94, 27.98, 28.02, 28.04, 28.04, 28.03], [28.65, 28.65, 28.65, 28.66, 28.66, 28.66, 28.66, 28.7, 28.46, 28.42, 28.37, 28.31, 28.24, 27.98, 28.03, 28.08, 28.12, 28.11, 28.08, 28.06], [28.65, 28.65, 28.65, 28.71, 28.71, 28.71, 28.7, 28.7, 28.69, 28.69, 28.69, 28.66, 28.37, 28.03, 28.09, 28.16, 28.25, 28.19, 28.11, 28.07], [28.72, 28.72, 28.72, 28.72, 28.71, 28.71, 28.7, 28.69, 28.68, 28.67, 28.68, 28.7, 28.37, 28.34, 28.31, 28.2, 28.45, 28.15, 28.09, 28.07], [28.72, 28.72, 28.72, 28.72, 28.72, 28.71, 28.7, 28.69, 28.66, 28.64, 28.67, 28.7, 28.72, 28.33, 28.3, 28.26, 28.08, 27.96, 28.05, 28.06], [28.73, 28.73, 28.72, 28.72, 28.72, 28.72, 28.71, 28.69, 28.67, 28.65, 28.69, 28.72, 28.73, 28.33, 28.29, 28.29, 28.21, 28.17, 28.05, 28.05], [28.73, 28.73, 28.73, 28.73, 28.73, 28.72, 28.72, 28.72, 28.71, 28.71, 28.73, 28.74, 28.74, 28.45, 28.38, 28.32, 28.27, 28.24, 28.25, 28.27], [28.73, 28.73, 28.73, 28.73, 28.73, 28.73, 28.74, 28.74, 28.75, 28.78, 28.79, 28.63, 28.55, 28.46, 28.42, 28.36, 28.32, 28.3, 28.29, 28.3], [28.73, 28.73, 28.74, 28.74, 28.74, 28.74, 28.75, 28.76, 28.78, 28.83, 28.83, 28.7, 28.59, 28.5, 28.45, 28.4, 28.36, 28.34, 28.33, 28.32], [28.74, 28.74, 28.74, 28.74, 28.74, 28.75, 28.76, 28.77, 28.68, 28.74, 28.79, 28.7, 28.6, 28.52, 28.48, 28.43, 28.39, 28.37, 28.35, 28.35], [28.74, 28.74, 28.74, 28.74, 28.75, 28.75, 28.76, 28.78, 28.65, 28.69, 28.69, 28.65, 28.59, 28.52, 28.49, 28.45, 28.42, 28.39, 28.38, 28.37], [28.74, 28.74, 28.74, 28.75, 28.75, 28.76, 28.76, 28.61, 28.63, 28.64, 28.64, 28.61, 28.57, 28.52, 28.5, 28.46, 28.43, 28.41, 28.4, 28.38]]}]