awsData/contour/wdir_2023092502.json
[{"header": {"refTime": "2023-09-25T02:00:00.000Z", "nx": 21, "ny": 33, "lo1": 113.509, "la1": 22.2235, "lo2": 113.5947, "la2": 22.1034, "dx": 0.0042850000000001385, "dy": 0.003753125000000024, "parameterCategory": 2, "parameterCategoryName": "Temperature", "parameterNumber": 2}, "data": [-2.61, -2.62, -2.63, -2.92, -2.9, -3.06, -3.02, -2.99, -2.98, -2.84, -2.89, -2.93, -3.05, -3.08, -4.15, -4.28, -4.52, -4.6, -4.65, -4.69, -2.6, -2.61, -2.62, -2.64, -2.91, -2.88, -3.0, -2.92, -2.88, -2.8, -2.89, -2.96, -3.08, -3.11, -4.17, -4.44, -4.56, -4.66, -4.73, -4.76, -2.59, -2.6, -2.62, -2.64, -2.92, -2.89, -2.85, -2.87, -2.67, -2.77, -2.9, -3.0, -3.14, -3.15, -4.28, -4.47, -4.64, -4.76, -4.83, -4.86, -2.58, -2.59, -2.61, -2.63, -2.66, -2.92, -2.88, -2.82, -2.76, -2.82, -2.95, -3.08, -3.22, -3.22, -4.27, -4.53, -4.77, -4.92, -4.98, -4.97, -2.56, -2.57, -2.59, -2.62, -2.66, -2.97, -2.95, -2.93, -2.9, -2.88, -2.99, -3.24, -3.37, -3.25, -4.28, -4.65, -4.98, -5.16, -5.18, -5.12, -2.54, -2.55, -2.56, -2.59, -2.64, -2.71, -3.04, -3.05, -3.03, -2.97, -3.06, -3.17, -3.27, -3.76, -4.34, -4.85, -5.34, -5.55, -5.44, -5.27, -3.91, -2.51, -2.52, -2.55, -2.6, -2.69, -2.86, -3.19, -3.19, -3.07, -2.95, -3.04, -3.74, -3.86, -4.42, -5.04, -5.85, -6.14, -6.04, -5.85, -3.91, -3.85, -3.77, -3.67, -3.65, -2.62, -2.82, -3.13, -3.46, -3.04, -2.8, -3.4, -3.55, -4.02, -5.06, -5.52, -6.07, -6.28, -5.97, -5.77, -3.93, -3.85, -3.74, -3.6, -3.47, -3.5, -3.71, -2.91, -4.02, -3.09, -3.5, -3.88, -4.48, -4.19, -5.06, -5.39, -5.72, -5.87, -5.8, -5.69, -5.02, -4.89, -4.71, -3.53, -3.21, -3.02, -3.55, -4.14, -4.62, -4.42, -3.8, -4.21, -4.72, -4.33, -5.08, -5.28, -5.49, -5.61, -5.63, -5.59, -5.06, -4.94, -4.76, -4.44, -3.76, -1.76, -4.28, -5.57, -5.14, -5.09, -5.32, -4.11, -4.27, -4.21, -5.09, -5.22, -5.36, -5.45, -5.49, -5.49, -5.13, -5.04, -4.92, -4.72, -4.4, -4.23, -5.22, -6.35, -6.77, -7.08, -5.61, -5.42, -5.28, -4.09, -5.09, -5.18, -5.28, -5.8, -5.82, -5.82, -5.22, -5.18, -5.14, -5.12, -5.21, -5.65, -6.35, -6.57, -6.72, -6.39, -6.94, -5.57, -5.4, -4.54, -4.53, -5.61, -5.65, -5.68, -5.71, -5.73, -5.31, -5.32, -5.34, -5.44, -5.68, -6.24, -7.16, -6.59, -6.45, -6.31, -6.99, -6.03, -5.86, -5.74, -4.54, -5.49, -5.53, -5.58, -5.62, -5.65, -5.4, -5.43, -5.49, -5.62, -5.85, -6.19, -6.47, -5.86, -5.5, -5.2, -4.97, -3.98, -5.75, -5.61, -5.52, -5.36, -5.41, -5.47, -5.53, -5.57, -5.47, -5.51, -3.2, -3.34, -3.54, -5.19, -5.12, -4.85, -4.56, -4.39, -3.47, -3.64, -3.83, -3.62, -3.79, -4.62, -4.6, -4.57, -4.86, -4.88, -2.92, -2.95, -3.0, -3.04, -4.58, -4.39, -4.05, -3.6, -3.3, -3.36, -2.92, -3.34, -3.73, -4.08, -3.84, -4.18, -4.0, -3.86, -3.76, -3.68, -2.81, -2.8, -2.79, -2.73, -4.05, -3.65, -3.0, -2.12, -1.67, -1.74, -2.45, -3.07, -3.63, -3.78, -4.57, -4.24, -3.99, -3.82, -3.71, -3.64, -2.7, -2.66, -2.59, -3.96, -3.63, -3.1, -2.24, -0.83, 0.49, -1.03, -1.63, -2.41, -2.84, -3.51, -4.28, -4.09, -3.88, -3.73, -3.64, -3.58, -2.59, -2.53, -3.33, -3.14, -2.85, -2.41, -1.75, -0.82, -0.03, -0.87, -1.74, -2.41, -2.64, -3.12, -3.95, -3.84, -3.71, -3.61, -3.54, -3.5, -3.49, -3.4, -3.27, -3.1, -2.85, -2.52, -2.1, -1.66, -1.15, -1.54, -2.07, -2.52, -2.5, -3.74, -3.7, -3.62, -3.53, -3.46, -3.43, -3.41, -3.46, -3.38, -3.27, -3.13, -2.96, -2.75, -2.55, -1.49, -2.01, -2.24, -2.51, -2.75, -4.35, -3.58, -3.51, -3.43, -3.36, -3.32, -3.31, -3.33, -3.45, -3.38, -3.3, -1.85, -1.87, -1.91, -1.99, -2.14, -2.33, -2.46, -2.46, -2.71, -3.69, -3.46, -3.38, -3.3, -3.25, -3.2, -3.21, -3.25, -1.92, -1.94, -1.97, -2.01, -2.09, -2.2, -2.39, -2.69, -3.06, -3.25, -3.03, -3.83, -3.73, -3.53, -3.35, -3.22, -3.25, -3.04, -3.1, -3.19, -2.0, -2.03, -2.08, -2.15, -2.25, -2.41, -2.66, -3.05, -3.69, -4.21, -3.49, -3.83, -3.65, -3.54, -3.35, -3.19, -2.99, -2.85, -3.05, -3.15, -2.06, -2.1, -2.16, -2.25, -2.36, -2.53, -2.77, -3.13, -3.7, -4.14, -4.02, -3.71, -3.56, -3.57, -3.38, -2.81, -2.8, -2.79, -3.09, -3.16, -2.11, -2.16, -2.22, -2.31, -2.42, -2.56, -2.75, -2.98, -3.22, -3.28, -3.59, -3.46, -3.41, -2.64, -2.71, -2.76, -2.77, -2.78, -2.78, -2.78, -2.15, -2.2, -2.26, -2.34, -2.43, -2.54, -2.67, -2.78, -2.82, -3.19, -3.04, -2.99, -3.04, -3.04, -2.66, -2.71, -2.74, -2.75, -2.76, -2.76, -2.17, -2.22, -2.28, -2.35, -2.42, -2.5, -2.58, -2.62, -2.58, -2.73, -2.35, -2.72, -2.91, -2.98, -2.62, -2.67, -2.71, -2.73, -2.74, -2.74, -2.19, -2.24, -2.29, -2.34, -2.4, -2.46, -2.5, -2.52, -2.9, -2.63, -2.46, -2.68, -2.85, -2.94, -2.59, -2.64, -2.68, -2.7, -2.71, -2.72, -2.2, -2.24, -2.29, -2.33, -2.38, -2.42, -2.45, -2.46, -2.91, -2.77, -2.71, -2.77, -2.86, -2.93, -2.57, -2.62, -2.65, -2.68, -2.7, -2.71, -2.21, -2.24, -2.28, -2.32, -2.36, -2.39, -2.41, -3.03, -2.95, -2.87, -2.84, -2.86, -2.9, -2.94, -2.57, -2.61, -2.64, -2.66, -2.68, -2.69]}, {"header": {"refTime": "2023-09-25T02:00:00.000Z", "nx": 21, "ny": 33, "lo1": 113.509, "la1": 22.2235, "lo2": 113.5947, "la2": 22.1034, "dx": 0.0042850000000001385, "dy": 0.003753125000000024, "parameterCategory": 2, "parameterCategoryName": "Temperature", "parameterNumber": 3}, "data": [0.09, 0.1, 0.1, 0.54, 0.52, 0.45, 0.41, 0.38, 0.37, 0.45, 0.52, 0.58, 0.68, 0.72, 0.66, 0.68, 1.03, 1.03, 1.03, 1.03, 0.09, 0.09, 0.1, 0.11, 0.52, 0.48, 0.39, 0.31, 0.27, 0.38, 0.5, 0.6, 0.71, 0.75, 0.68, 1.03, 1.03, 1.03, 1.03, 1.03, 0.08, 0.09, 0.1, 0.11, 0.54, 0.49, 0.42, 0.26, 0.07, 0.33, 0.52, 0.64, 0.75, 0.79, 1.03, 1.03, 1.03, 1.03, 1.03, 1.03, 0.08, 0.08, 0.1, 0.11, 0.13, 0.53, 0.47, 0.37, 0.28, 0.42, 0.6, 0.72, 0.82, 1.04, 1.03, 1.03, 1.02, 1.02, 1.02, 1.02, 0.07, 0.07, 0.09, 0.11, 0.13, 0.59, 0.56, 0.53, 0.52, 0.58, 0.7, 1.03, 0.98, 1.03, 1.03, 1.03, 1.02, 1.01, 1.01, 1.02, 0.05, 0.06, 0.07, 0.09, 0.13, 0.18, 0.65, 0.67, 0.69, 0.73, 1.09, 1.06, 1.03, 1.02, 1.04, 1.02, 1.01, 1.0, 1.0, 1.01, 0.49, 0.04, 0.04, 0.06, 0.1, 0.17, 0.56, 0.77, 0.81, 1.06, 1.1, 1.13, 1.08, 1.05, 1.05, 1.02, 0.99, 0.97, 0.93, 0.93, 0.48, 0.45, 0.43, 0.34, 0.35, 0.36, 0.5, 0.71, 0.94, 1.06, 1.1, 1.16, 1.17, 1.06, 1.04, 1.01, 0.98, 0.97, 0.99, 1.0, 0.47, 0.44, 0.39, 0.34, 0.23, 0.27, 0.42, 0.57, 1.02, 1.06, 1.09, 1.09, 1.02, 1.05, 1.03, 1.02, 1.0, 0.99, 1.0, 1.0, 0.58, 0.54, 0.48, 0.28, 0.13, 0.0, 0.25, 0.52, 1.09, 1.09, 1.07, 1.04, 0.98, 1.03, 1.02, 1.02, 1.01, 1.01, 1.01, 1.01, 0.6, 0.56, 0.5, 0.38, 0.14, -0.57, 0.31, 0.75, 0.75, 1.14, 1.08, 1.05, 1.03, 1.04, 1.02, 1.02, 1.02, 1.01, 1.01, 1.01, 0.63, 0.6, 0.56, 0.49, 0.37, 0.31, 0.65, 1.0, 1.12, 1.29, 1.11, 1.13, 1.11, 1.05, 1.02, 1.02, 1.02, 0.58, 0.58, 0.57, 0.66, 0.65, 0.64, 0.63, 0.67, 0.84, 1.09, 1.11, 1.12, 1.03, 1.27, 1.15, 1.13, 0.65, 0.61, 0.49, 0.5, 0.5, 0.51, 0.52, 0.69, 0.7, 0.71, 0.75, 0.84, 1.06, 1.44, 1.16, 1.07, 1.02, 1.29, 0.69, 0.61, 0.53, 0.49, 0.39, 0.4, 0.42, 0.44, 0.46, 0.73, 0.74, 0.77, 0.81, 0.9, 1.04, 1.14, 0.89, 0.73, 0.61, 0.52, -0.15, 0.49, 0.41, 0.35, 0.27, 0.3, 0.34, 0.38, 0.41, 0.75, 0.77, -0.04, 0.02, 0.09, 0.64, 0.62, 0.51, 0.39, 0.32, -0.29, -0.29, -0.29, -0.38, -0.35, 0.42, 0.54, 0.65, 0.77, 0.84, -0.15, -0.13, -0.11, -0.1, 0.41, 0.34, 0.21, 0.04, -0.07, -0.05, -0.49, -0.41, -0.36, -0.34, -0.18, 0.06, 0.19, 0.3, 0.37, 0.42, -0.19, -0.19, -0.2, -0.22, 0.21, 0.07, -0.17, -0.5, -0.67, -0.77, -0.59, -0.51, -0.42, -0.21, -0.3, 0.02, 0.21, 0.33, 0.41, 0.45, -0.23, -0.24, -0.27, 0.18, 0.06, -0.14, -0.46, -0.97, -1.49, -1.01, -1.0, -0.81, -0.2, -0.14, -0.01, 0.14, 0.3, 0.41, 0.47, 0.5, -0.27, -0.29, -0.16, -0.23, -0.33, -0.49, -0.72, -1.04, -1.4, -1.18, -0.96, -0.8, -0.12, 0.01, 0.26, 0.35, 0.45, 0.52, 0.55, 0.56, -0.12, -0.15, -0.2, -0.26, -0.35, -0.47, -0.62, -0.78, -1.1, -1.0, -0.87, -0.76, 0.01, 0.42, 0.47, 0.56, 0.63, 0.66, 0.64, 0.61, -0.14, -0.17, -0.22, -0.27, -0.34, -0.42, -0.5, -0.71, -0.86, -0.8, -0.74, -0.69, 0.67, 0.56, 0.64, 0.76, 0.84, 0.81, 0.72, 0.66, -0.15, -0.18, -0.22, -0.49, -0.5, -0.51, -0.51, -0.49, -0.45, -0.4, -0.38, 0.14, 0.62, 0.65, 0.76, 0.94, 1.15, 0.97, 0.75, 0.67, -0.41, -0.42, -0.42, -0.42, -0.41, -0.39, -0.36, -0.31, -0.25, -0.21, -0.22, 0.78, 0.59, 0.72, 0.85, 0.99, 1.72, 0.79, 0.66, 0.64, -0.37, -0.37, -0.36, -0.35, -0.33, -0.3, -0.26, -0.19, -0.11, -0.06, -0.1, 0.71, 0.94, 0.67, 0.77, 0.84, 0.59, 0.2, 0.53, 0.6, -0.34, -0.33, -0.31, -0.29, -0.26, -0.22, -0.17, -0.12, -0.06, -0.02, 0.47, 0.69, 0.9, 0.63, 0.7, 0.8, 0.67, 0.57, 0.53, 0.58, -0.31, -0.29, -0.27, -0.24, -0.21, -0.16, -0.11, -0.05, 0.0, 0.05, 0.59, 0.72, 0.87, 0.81, 0.81, 0.78, 0.72, 0.69, 0.7, 0.73, -0.28, -0.26, -0.23, -0.2, -0.16, -0.11, -0.05, 0.02, 0.1, 0.63, 0.67, 0.28, 0.18, 0.08, 0.79, 0.77, 0.75, 0.73, 0.73, 0.75, -0.25, -0.23, -0.2, -0.17, -0.13, -0.07, -0.01, 0.07, 0.19, 0.68, 0.57, 0.38, 0.24, 0.13, 0.78, 0.77, 0.76, 0.76, 0.76, 0.76, -0.23, -0.21, -0.18, -0.14, -0.1, -0.05, 0.02, 0.1, 0.34, 0.44, 0.51, 0.39, 0.26, 0.16, 0.78, 0.78, 0.77, 0.77, 0.77, 0.77, -0.22, -0.19, -0.16, -0.13, -0.09, -0.04, 0.02, 0.1, 0.31, 0.36, 0.38, 0.33, 0.25, 0.17, 0.77, 0.78, 0.78, 0.78, 0.78, 0.78, -0.2, -0.18, -0.15, -0.12, -0.08, -0.04, 0.02, 0.24, 0.27, 0.3, 0.3, 0.27, 0.22, 0.16, 0.77, 0.78, 0.78, 0.78, 0.78, 0.78]}, {"header": {"refTime": "2023-09-25T02:00:00.000Z", "nx": 21, "ny": 33, "lo1": 113.509, "la1": 22.2235, "lo2": 113.5947, "la2": 22.1034, "dx": 0.0042850000000001385, "dy": 0.003753125000000024, "parameterCategory": 0, "parameterCategoryName": "Temperature", "parameterNumber": 0}, "data": [[28.6, 28.59, 28.59, 28.33, 28.34, 28.61, 28.62, 28.62, 28.63, 28.57, 28.57, 28.58, 28.76, 28.77, 28.79, 28.79, 28.79, 28.78, 28.77, 28.77], [28.6, 28.59, 28.59, 28.59, 28.34, 28.36, 28.61, 28.62, 28.62, 28.57, 28.58, 28.6, 28.77, 28.78, 28.8, 28.8, 28.79, 28.78, 28.77, 28.77], [28.6, 28.6, 28.59, 28.59, 28.34, 28.36, 28.39, 28.61, 28.6, 28.57, 28.59, 28.62, 28.8, 28.8, 28.81, 28.8, 28.78, 28.77, 28.77, 28.76], [28.6, 28.6, 28.59, 28.59, 28.58, 28.34, 28.37, 28.42, 28.46, 28.56, 28.59, 28.66, 28.84, 28.69, 28.82, 28.79, 28.78, 28.77, 28.76, 28.76], [28.61, 28.6, 28.6, 28.59, 28.58, 28.32, 28.33, 28.34, 28.34, 28.51, 28.56, 28.71, 28.88, 28.73, 28.81, 28.78, 28.76, 28.75, 28.75, 28.75], [28.61, 28.61, 28.61, 28.6, 28.58, 28.56, 28.29, 28.29, 28.27, 28.22, 28.47, 28.62, 28.76, 28.87, 28.8, 28.77, 28.75, 28.74, 28.74, 28.75], [28.63, 28.62, 28.62, 28.61, 28.6, 28.57, 28.35, 28.26, 28.23, 28.17, 28.16, 28.48, 28.77, 28.8, 28.77, 28.75, 28.73, 28.72, 28.76, 28.77], [28.64, 28.65, 28.65, 28.64, 28.63, 28.44, 28.38, 28.32, 28.27, 28.15, 28.01, 28.38, 28.39, 28.8, 28.66, 28.65, 28.67, 28.68, 28.67, 28.66], [28.56, 28.57, 28.67, 28.68, 28.68, 28.66, 28.59, 28.36, 28.17, 28.19, 28.17, 28.27, 28.32, 28.26, 28.66, 28.65, 28.66, 28.67, 28.66, 28.66], [28.9, 28.9, 28.9, 28.62, 28.66, 28.76, 28.69, 28.59, 28.07, 28.09, 28.33, 28.21, 28.25, 28.23, 28.66, 28.64, 28.65, 28.66, 28.66, 28.65], [28.9, 28.9, 28.9, 28.9, 28.9, 28.9, 28.9, 28.9, 28.69, 28.16, 27.9, 28.17, 28.2, 28.2, 28.66, 28.64, 28.65, 28.65, 28.65, 28.65], [28.9, 28.9, 28.9, 28.9, 28.9, 28.9, 28.9, 28.9, 28.9, -999.0, 27.9, 28.6, 28.6, 28.18, 28.66, 28.64, 28.64, 27.96, 27.98, 27.98], [28.9, 28.9, 28.9, 28.9, 28.9, 28.9, 28.9, 28.9, 28.9, 28.9, -999.0, 28.6, 28.6, 27.82, 28.16, 28.23, 28.24, 28.08, 28.1, 28.11], [28.9, 28.9, 28.9, 28.9, 28.9, 28.9, 28.9, 28.9, 28.9, 28.9, -999.0, 27.4, 27.4, 27.4, 28.06, 28.12, 28.14, 27.98, 28.01, 28.04], [28.9, 28.9, 28.9, 28.9, 28.9, 28.9, 28.9, 28.5, 28.5, 28.5, 28.5, 28.08, 27.4, 27.4, 27.4, 28.0, 28.03, 27.88, 27.93, 27.97], [28.9, 28.9, 28.65, 28.64, 28.64, 28.5, 28.5, 28.5, 28.5, 28.5, 27.81, 27.89, 27.78, 27.69, 27.79, 27.84, 27.91, 27.79, 28.06, 28.11], [28.64, 28.64, 28.76, 28.75, 28.5, 28.5, 28.5, 28.5, 28.5, 28.5, 28.03, 27.89, 27.75, 27.61, 27.67, 27.64, 27.73, 27.8, 27.84, 27.87], [28.76, 28.75, 28.75, 28.73, 28.5, 28.5, 28.5, 28.5, 28.5, 28.22, 28.07, 27.91, 27.74, 27.67, 27.44, 27.62, 27.74, 27.82, 27.87, 27.9], [28.75, 28.74, 28.73, 28.5, 28.5, 28.5, 28.5, 28.5, 28.4, 28.29, 28.18, 28.05, 27.92, 27.76, 27.6, 27.69, 27.79, 27.86, 27.9, 27.93], [28.74, 28.74, 28.5, 28.5, 28.5, 28.5, 28.5, 28.5, 28.4, 28.31, 28.2, 28.09, 28.0, 27.91, 27.76, 27.81, 27.88, 27.93, 27.95, 27.96], [28.5, 28.5, 28.5, 28.5, 28.5, 28.5, 28.5, 28.5, 28.33, 28.28, 28.21, 28.13, 28.07, 27.86, 27.89, 27.94, 27.98, 28.0, 28.01, 28.0], [28.5, 28.5, 28.5, 28.5, 28.5, 28.5, 28.5, 28.55, 28.31, 28.28, 28.23, 28.17, 28.14, 27.94, 27.99, 28.04, 28.09, 28.09, 28.06, 28.04], [28.5, 28.5, 28.5, 28.58, 28.57, 28.57, 28.56, 28.56, 28.56, 28.56, 28.56, 28.53, 28.33, 28.0, 28.06, 28.13, 28.21, 28.16, 28.09, 28.06], [28.59, 28.59, 28.58, 28.58, 28.58, 28.57, 28.57, 28.56, 28.55, 28.55, 28.56, 28.6, 28.33, 28.3, 28.29, 28.17, 28.39, 28.15, 28.09, 28.06], [28.59, 28.59, 28.59, 28.59, 28.58, 28.58, 28.58, 28.57, 28.55, 28.53, 28.56, 28.6, 28.62, 28.3, 28.27, 28.25, 28.09, 28.0, 28.06, 28.06], [28.59, 28.59, 28.59, 28.59, 28.59, 28.59, 28.59, 28.58, 28.56, 28.54, 28.59, 28.62, 28.63, 28.3, 28.27, 28.28, 28.21, 28.18, 28.05, 28.05], [28.6, 28.6, 28.6, 28.6, 28.6, 28.6, 28.6, 28.6, 28.6, 28.6, 28.63, 28.64, 28.64, 28.41, 28.36, 28.3, 28.26, 28.24, 28.25, 28.26], [28.6, 28.6, 28.6, 28.61, 28.61, 28.61, 28.62, 28.63, 28.64, 28.68, 28.69, 28.56, 28.49, 28.42, 28.39, 28.34, 28.3, 28.28, 28.28, 28.29], [28.61, 28.61, 28.61, 28.61, 28.62, 28.62, 28.63, 28.65, 28.67, 28.73, 28.74, 28.62, 28.53, 28.45, 28.42, 28.37, 28.34, 28.32, 28.31, 28.31], [28.61, 28.61, 28.61, 28.62, 28.62, 28.63, 28.64, 28.66, 28.6, 28.66, 28.7, 28.62, 28.54, 28.47, 28.44, 28.4, 28.37, 28.35, 28.33, 28.33], [28.61, 28.61, 28.62, 28.62, 28.63, 28.63, 28.65, 28.66, 28.58, 28.61, 28.62, 28.58, 28.53, 28.47, 28.45, 28.41, 28.39, 28.37, 28.35, 28.34], [28.61, 28.62, 28.62, 28.62, 28.63, 28.64, 28.65, 28.54, 28.56, 28.57, 28.57, 28.55, 28.51, 28.47, 28.46, 28.43, 28.4, 28.38, 28.37, 28.36]]}]