awsData/contour/wdir_2023092506.json
[{"header": {"refTime": "2023-09-25T06:00:00.000Z", "nx": 21, "ny": 33, "lo1": 113.509, "la1": 22.2235, "lo2": 113.5947, "la2": 22.1034, "dx": 0.0042850000000001385, "dy": 0.003753125000000024, "parameterCategory": 2, "parameterCategoryName": "Temperature", "parameterNumber": 2}, "data": [-3.04, -3.04, -3.04, -3.22, -3.19, -3.46, -3.4, -3.34, -3.32, -3.06, -3.14, -3.21, -3.22, -3.24, -4.27, -4.38, -4.42, -4.48, -4.52, -4.54, -3.04, -3.04, -3.05, -3.05, -3.2, -3.16, -3.35, -3.23, -3.15, -3.01, -3.14, -3.25, -3.27, -3.29, -4.31, -4.38, -4.46, -4.53, -4.57, -4.6, -3.03, -3.04, -3.05, -3.06, -3.23, -3.18, -3.1, -3.15, -2.81, -2.97, -3.16, -3.32, -3.36, -3.37, -4.29, -4.41, -4.52, -4.61, -4.65, -4.67, -3.03, -3.04, -3.05, -3.07, -3.08, -3.23, -3.17, -3.06, -2.95, -3.03, -3.23, -3.44, -3.52, -3.48, -4.29, -4.46, -4.62, -4.73, -4.77, -4.76, -3.02, -3.03, -3.05, -3.07, -3.1, -3.31, -3.28, -3.24, -3.19, -3.12, -3.29, -3.54, -3.85, -3.54, -4.29, -4.54, -4.78, -4.92, -4.92, -4.87, -3.0, -3.01, -3.03, -3.06, -3.11, -3.19, -3.43, -3.44, -3.41, -3.3, -3.17, -3.37, -3.59, -4.02, -4.29, -4.67, -5.06, -5.22, -5.13, -4.99, -4.52, -2.99, -3.0, -3.03, -3.09, -3.2, -3.39, -3.69, -3.68, -3.29, -3.03, -3.04, -3.8, -3.98, -4.28, -4.8, -5.46, -5.7, -5.8, -5.7, -4.52, -4.45, -4.37, -4.24, -4.22, -3.14, -3.36, -3.76, -4.1, -3.27, -2.88, -3.21, -3.33, -4.06, -4.82, -5.2, -5.65, -5.81, -5.57, -5.41, -4.52, -4.44, -4.33, -4.19, -4.02, -4.06, -4.3, -3.48, -4.56, -3.31, -3.48, -3.82, -4.52, -4.19, -4.87, -5.11, -5.37, -5.49, -5.43, -5.34, -5.5, -5.38, -5.19, -4.11, -3.77, -3.54, -4.1, -4.71, -5.09, -4.84, -3.79, -4.24, -4.85, -4.37, -4.92, -5.05, -5.2, -5.29, -5.3, -5.26, -5.54, -5.43, -5.24, -4.92, -4.24, -2.24, -4.75, -6.03, -5.65, -5.51, -5.58, -4.13, -4.31, -4.24, -4.93, -5.01, -5.1, -5.17, -5.19, -5.19, -5.61, -5.53, -5.41, -5.21, -4.88, -4.72, -5.7, -6.8, -7.21, -7.5, -5.9, -5.53, -5.37, -4.1, -4.92, -4.98, -5.04, -5.54, -5.55, -5.54, -5.7, -5.67, -5.63, -5.61, -5.7, -6.15, -6.85, -7.03, -7.16, -6.85, -7.35, -5.69, -5.5, -4.39, -4.37, -5.4, -5.42, -5.43, -5.45, -5.46, -5.8, -5.8, -5.83, -5.93, -6.18, -6.76, -7.71, -7.09, -6.92, -6.78, -7.41, -6.15, -5.94, -5.78, -4.33, -5.26, -5.28, -5.32, -5.35, -5.38, -5.88, -5.92, -5.98, -6.11, -6.35, -6.7, -6.98, -6.69, -6.38, -6.13, -5.94, -4.59, -5.76, -5.58, -5.46, -5.09, -5.14, -5.2, -5.25, -5.3, -5.95, -6.0, -4.18, -4.33, -4.52, -6.15, -6.09, -5.87, -5.63, -5.48, -4.26, -4.28, -4.29, -3.89, -3.97, -4.51, -4.52, -4.54, -4.66, -4.69, -3.95, -4.0, -4.05, -4.11, -5.65, -5.5, -5.23, -4.86, -4.62, -4.66, -3.82, -4.0, -4.12, -4.2, -3.83, -4.15, -4.11, -4.08, -4.06, -4.05, -3.88, -3.89, -3.9, -3.88, -5.22, -4.9, -4.38, -3.68, -3.31, -3.08, -3.5, -3.77, -4.0, -3.79, -4.19, -4.16, -4.11, -4.07, -4.05, -4.04, -3.81, -3.79, -3.76, -5.15, -4.89, -4.46, -3.77, -2.64, -1.51, -2.56, -2.67, -3.11, -3.3, -3.66, -4.17, -4.13, -4.09, -4.06, -4.04, -4.03, -3.74, -3.7, -4.41, -4.26, -4.04, -3.71, -3.2, -2.5, -1.75, -2.25, -2.75, -3.13, -3.21, -3.47, -4.1, -4.08, -4.05, -4.03, -4.02, -4.01, -4.51, -4.44, -4.34, -4.2, -4.01, -3.75, -3.42, -3.09, -2.44, -2.67, -2.97, -3.23, -3.15, -4.06, -4.05, -4.03, -4.01, -4.0, -3.99, -3.99, -4.47, -4.4, -4.31, -4.19, -4.05, -3.88, -3.71, -2.33, -2.99, -3.12, -3.27, -3.39, -4.38, -4.02, -4.01, -3.99, -3.98, -3.97, -3.97, -3.98, -4.45, -4.38, -4.31, -2.37, -2.41, -2.47, -2.56, -2.69, -2.84, -2.92, -2.87, -3.52, -4.3, -4.0, -3.98, -3.96, -3.94, -3.94, -3.95, -3.96, -2.33, -2.36, -2.39, -2.44, -2.51, -2.61, -2.77, -3.02, -3.33, -3.47, -3.25, -3.65, -4.32, -4.2, -4.1, -3.94, -3.92, -3.92, -3.94, -3.95, -2.35, -2.38, -2.42, -2.48, -2.56, -2.69, -2.89, -3.23, -3.8, -4.29, -3.57, -3.6, -3.44, -4.22, -4.11, -4.03, -3.92, -3.92, -3.94, -3.95, -2.36, -2.39, -2.43, -2.49, -2.57, -2.69, -2.88, -3.19, -3.72, -4.16, -3.77, -3.4, -3.27, -4.24, -4.14, -3.42, -3.57, -3.61, -3.94, -3.95, -2.36, -2.39, -2.43, -2.48, -2.54, -2.63, -2.75, -2.91, -3.09, -3.09, -3.14, -2.99, -3.01, -2.77, -3.04, -3.25, -3.38, -3.44, -3.43, -3.4, -2.36, -2.38, -2.41, -2.44, -2.48, -2.53, -2.57, -2.57, -2.48, -2.51, -2.28, -2.45, -2.69, -2.9, -2.86, -3.07, -3.21, -3.29, -3.31, -3.3, -2.35, -2.36, -2.38, -2.4, -2.42, -2.42, -2.4, -2.3, -2.07, -1.78, -1.21, -1.97, -2.44, -2.73, -2.7, -2.92, -3.06, -3.15, -3.2, -3.21, -2.33, -2.34, -2.35, -2.36, -2.35, -2.33, -2.27, -2.15, -2.25, -1.75, -1.45, -1.92, -2.35, -2.64, -2.59, -2.8, -2.94, -3.04, -3.1, -3.13, -2.32, -2.32, -2.32, -2.32, -2.3, -2.27, -2.2, -2.09, -2.3, -2.06, -1.96, -2.13, -2.39, -2.62, -2.53, -2.71, -2.85, -2.95, -3.01, -3.05, -2.3, -2.3, -2.3, -2.29, -2.27, -2.23, -2.17, -2.56, -2.42, -2.29, -2.25, -2.33, -2.48, -2.64, -2.51, -2.66, -2.78, -2.87, -2.94, -2.99]}, {"header": {"refTime": "2023-09-25T06:00:00.000Z", "nx": 21, "ny": 33, "lo1": 113.509, "la1": 22.2235, "lo2": 113.5947, "la2": 22.1034, "dx": 0.0042850000000001385, "dy": 0.003753125000000024, "parameterCategory": 2, "parameterCategoryName": "Temperature", "parameterNumber": 3}, "data": [-0.37, -0.36, -0.35, -0.03, -0.04, -0.44, -0.42, -0.4, -0.4, -0.31, -0.37, -0.43, -0.67, -0.7, -1.05, -1.09, -1.21, -1.22, -1.23, -1.23, -0.37, -0.37, -0.35, -0.34, -0.04, -0.04, -0.39, -0.34, -0.32, -0.28, -0.37, -0.46, -0.71, -0.74, -1.09, -1.21, -1.22, -1.23, -1.24, -1.24, -0.38, -0.37, -0.36, -0.35, -0.04, -0.04, -0.05, -0.29, -0.15, -0.25, -0.39, -0.53, -0.79, -0.81, -1.2, -1.22, -1.24, -1.25, -1.26, -1.26, -0.39, -0.39, -0.38, -0.36, -0.34, -0.04, -0.05, -0.06, -0.06, -0.28, -0.44, -0.64, -0.92, -0.79, -1.2, -1.23, -1.26, -1.28, -1.29, -1.28, -0.41, -0.4, -0.39, -0.38, -0.36, -0.05, -0.05, -0.05, -0.04, -0.31, -0.46, -0.82, -1.11, -0.85, -1.2, -1.24, -1.3, -1.33, -1.33, -1.31, -0.42, -0.42, -0.41, -0.41, -0.39, -0.37, -0.06, -0.06, -0.03, 0.02, -0.43, -0.67, -0.9, -1.01, -1.18, -1.27, -1.36, -1.4, -1.38, -1.34, -0.49, -0.44, -0.44, -0.44, -0.43, -0.41, -0.25, -0.1, -0.08, -0.01, 0.04, -0.41, -0.85, -0.89, -1.15, -1.29, -1.46, -1.53, -1.49, -1.45, -0.5, -0.5, -0.51, -0.58, -0.57, -0.33, -0.29, -0.25, -0.24, 0.02, 0.24, -0.33, -0.44, -0.82, -0.99, -1.17, -1.39, -1.47, -1.35, -1.27, -0.5, -0.51, -0.52, -0.53, -0.6, -0.59, -0.54, -0.27, -0.17, -0.04, -0.18, -0.43, -0.64, -0.54, -0.98, -1.11, -1.25, -1.31, -1.28, -1.24, -0.57, -0.58, -0.59, -0.55, -0.59, -0.66, -0.6, -0.54, -0.19, -0.13, -0.33, -0.5, -0.68, -0.56, -0.97, -1.07, -1.15, -1.2, -1.21, -1.2, -0.56, -0.57, -0.58, -0.6, -0.65, -0.78, -0.63, -0.57, -0.55, -0.22, -0.41, -0.46, -0.53, -0.51, -0.97, -1.04, -1.1, -1.14, -1.16, -1.16, -0.56, -0.56, -0.57, -0.58, -0.6, -0.61, -0.56, -0.54, -0.54, -0.57, -0.43, -0.68, -0.69, -0.47, -0.97, -1.02, -1.06, -1.28, -1.3, -1.3, -0.55, -0.55, -0.55, -0.55, -0.54, -0.5, -0.45, -0.5, -0.52, -0.52, -0.58, -0.66, -0.67, -0.85, -0.85, -1.22, -1.24, -1.26, -1.27, -1.28, -0.54, -0.54, -0.54, -0.53, -0.5, -0.44, -0.34, -0.45, -0.5, -0.51, -0.57, -0.84, -0.88, -0.9, -0.89, -1.21, -1.22, -1.24, -1.25, -1.26, -0.54, -0.53, -0.53, -0.51, -0.49, -0.46, -0.43, -0.81, -0.92, -1.0, -1.07, -1.36, -0.91, -0.93, -0.95, -1.2, -1.21, -1.22, -1.23, -1.25, -0.53, -0.53, -1.09, -1.07, -1.05, -0.97, -0.99, -1.07, -1.15, -1.2, -1.48, -1.43, -1.38, -1.41, -1.36, -0.36, -0.21, -0.07, -0.16, -0.09, -1.16, -1.16, -1.16, -1.18, -1.14, -1.18, -1.27, -1.39, -1.47, -1.46, -1.61, -1.5, -1.4, -1.31, -0.86, -0.56, -0.36, -0.21, -0.1, -0.03, -1.21, -1.22, -1.24, -1.28, -1.28, -1.38, -1.54, -1.77, -1.89, -1.85, -1.67, -1.57, -1.42, -0.9, -1.09, -0.63, -0.34, -0.16, -0.04, 0.02, -1.25, -1.27, -1.31, -1.3, -1.38, -1.52, -1.74, -2.1, -2.43, -2.03, -1.82, -1.62, -0.8, -0.77, -0.66, -0.45, -0.2, -0.04, 0.05, 0.09, -1.28, -1.31, -1.3, -1.36, -1.44, -1.56, -1.75, -2.02, -2.25, -2.01, -1.77, -1.6, -0.67, -0.53, -0.27, -0.14, 0.02, 0.12, 0.17, 0.18, -1.25, -1.27, -1.31, -1.36, -1.42, -1.51, -1.63, -1.76, -1.91, -1.8, -1.66, -1.54, -0.48, -0.02, 0.05, 0.17, 0.29, 0.32, 0.3, 0.26, -1.25, -1.27, -1.3, -1.33, -1.38, -1.43, -1.49, -1.61, -1.64, -1.57, -1.51, -1.45, 0.34, 0.18, 0.3, 0.47, 0.59, 0.55, 0.42, 0.33, -1.24, -1.26, -1.28, -1.43, -1.44, -1.43, -1.42, -1.38, -1.32, -1.27, -1.26, -0.26, 0.29, 0.31, 0.48, 0.74, 1.04, 0.78, 0.47, 0.35, -1.38, -1.38, -1.38, -1.37, -1.35, -1.32, -1.27, -1.19, -1.09, -1.03, -1.08, 0.21, 0.24, 0.42, 0.62, 0.82, 1.87, 0.54, 0.34, 0.31, -1.35, -1.34, -1.33, -1.31, -1.28, -1.23, -1.17, -1.06, -0.9, -0.77, -0.93, 0.09, 0.4, 0.36, 0.51, 0.6, 0.24, -0.32, 0.15, 0.24, -1.32, -1.31, -1.29, -1.26, -1.23, -1.18, -1.11, -1.01, -0.87, -0.77, -0.24, 0.0, 0.28, 0.3, 0.4, 0.37, 0.23, 0.11, 0.16, 0.22, -1.3, -1.28, -1.26, -1.23, -1.19, -1.14, -1.08, -1.01, -0.93, -0.9, -0.24, -0.08, 0.16, 0.14, 0.23, 0.27, 0.24, 0.21, 0.22, 0.26, -1.28, -1.26, -1.23, -1.2, -1.17, -1.12, -1.07, -1.01, -0.96, -0.37, -0.37, -0.87, -0.92, -0.98, 0.14, 0.2, 0.21, 0.22, 0.23, 0.25, -1.26, -1.24, -1.21, -1.19, -1.15, -1.11, -1.07, -1.02, -0.97, -0.51, -0.84, -0.87, -0.92, -0.97, 0.07, 0.14, 0.18, 0.2, 0.22, 0.23, -1.25, -1.23, -1.2, -1.17, -1.14, -1.11, -1.07, -1.02, -0.86, -0.85, -0.85, -0.88, -0.92, -0.96, 0.02, 0.09, 0.14, 0.17, 0.2, 0.21, -1.24, -1.22, -1.19, -1.17, -1.14, -1.11, -1.07, -1.04, -0.87, -0.87, -0.88, -0.89, -0.92, -0.96, -0.01, 0.06, 0.11, 0.15, 0.17, 0.19, -1.23, -1.21, -1.19, -1.17, -1.14, -1.11, -1.09, -0.89, -0.89, -0.89, -0.89, -0.91, -0.93, -0.96, -0.02, 0.04, 0.09, 0.13, 0.16, 0.18]}, {"header": {"refTime": "2023-09-25T06:00:00.000Z", "nx": 21, "ny": 33, "lo1": 113.509, "la1": 22.2235, "lo2": 113.5947, "la2": 22.1034, "dx": 0.0042850000000001385, "dy": 0.003753125000000024, "parameterCategory": 0, "parameterCategoryName": "Temperature", "parameterNumber": 0}, "data": [[28.63, 28.62, 28.62, 28.36, 28.37, 28.62, 28.62, 28.62, 28.63, 28.54, 28.54, 28.55, 28.72, 28.73, 28.75, 28.75, 28.75, 28.74, 28.74, 28.74], [28.63, 28.63, 28.62, 28.62, 28.37, 28.39, 28.61, 28.62, 28.62, 28.55, 28.55, 28.56, 28.73, 28.74, 28.76, 28.75, 28.75, 28.74, 28.74, 28.74], [28.63, 28.63, 28.62, 28.62, 28.37, 28.39, 28.42, 28.61, 28.6, 28.55, 28.55, 28.58, 28.75, 28.75, 28.77, 28.76, 28.75, 28.74, 28.74, 28.73], [28.64, 28.63, 28.63, 28.62, 28.61, 28.37, 28.4, 28.44, 28.48, 28.53, 28.55, 28.61, 28.78, 28.63, 28.77, 28.75, 28.74, 28.74, 28.73, 28.73], [28.64, 28.64, 28.63, 28.63, 28.61, 28.35, 28.37, 28.38, 28.37, 28.48, 28.52, 28.65, 28.79, 28.67, 28.77, 28.75, 28.74, 28.73, 28.73, 28.73], [28.65, 28.64, 28.64, 28.63, 28.62, 28.6, 28.34, 28.33, 28.31, 28.26, 28.43, 28.57, 28.69, 28.8, 28.75, 28.74, 28.73, 28.72, 28.72, 28.72], [28.68, 28.65, 28.65, 28.65, 28.63, 28.61, 28.4, 28.32, 28.29, 28.21, 28.18, 28.45, 28.73, 28.75, 28.74, 28.73, 28.71, 28.71, 28.74, 28.75], [28.69, 28.69, 28.69, 28.69, 28.68, 28.48, 28.43, 28.38, 28.36, 28.18, 28.02, 28.38, 28.39, 28.75, 28.66, 28.65, 28.67, 28.68, 28.67, 28.66], [28.61, 28.62, 28.71, 28.72, 28.72, 28.7, 28.64, 28.41, 28.24, 28.23, 28.17, 28.27, 28.32, 28.26, 28.66, 28.65, 28.66, 28.67, 28.66, 28.66], [28.9, 28.9, 28.9, 28.67, 28.7, 28.79, 28.73, 28.64, 28.12, 28.14, 28.33, 28.21, 28.25, 28.23, 28.66, 28.64, 28.65, 28.66, 28.66, 28.65], [28.9, 28.9, 28.9, 28.9, 28.9, 28.9, 28.9, 28.9, 28.72, 28.23, 27.9, 28.17, 28.2, 28.2, 28.66, 28.64, 28.65, 28.65, 28.65, 28.65], [28.9, 28.9, 28.9, 28.9, 28.9, 28.9, 28.9, 28.9, 28.9, -999.0, 27.9, 28.6, 28.6, 28.18, 28.66, 28.64, 28.64, 27.96, 27.98, 27.98], [28.9, 28.9, 28.9, 28.9, 28.9, 28.9, 28.9, 28.9, 28.9, 28.9, -999.0, 28.6, 28.6, 27.82, 28.16, 28.23, 28.24, 28.08, 28.1, 28.11], [28.9, 28.9, 28.9, 28.9, 28.9, 28.9, 28.9, 28.9, 28.9, 28.9, -999.0, 27.4, 27.4, 27.4, 28.06, 28.12, 28.14, 27.98, 28.01, 28.04], [28.9, 28.9, 28.9, 28.9, 28.9, 28.9, 28.9, 28.7, 28.7, 28.7, 28.7, 28.2, 27.4, 27.4, 27.4, 28.0, 28.03, 27.88, 27.93, 27.97], [28.9, 28.9, 28.77, 28.77, 28.77, 28.7, 28.7, 28.7, 28.7, 28.7, 27.88, 27.97, 27.85, 27.74, 27.86, 27.84, 27.91, 27.79, 28.06, 28.11], [28.77, 28.77, 28.83, 28.83, 28.7, 28.7, 28.7, 28.7, 28.7, 28.7, 28.14, 27.98, 27.81, 27.65, 27.69, 27.63, 27.71, 27.77, 27.82, 27.85], [28.83, 28.83, 28.82, 28.82, 28.7, 28.7, 28.7, 28.7, 28.7, 28.37, 28.2, 28.0, 27.8, 27.7, 27.44, 27.6, 27.72, 27.79, 27.84, 27.87], [28.82, 28.82, 28.82, 28.7, 28.7, 28.7, 28.7, 28.7, 28.58, 28.45, 28.29, 28.12, 27.97, 27.8, 27.59, 27.67, 27.77, 27.83, 27.87, 27.89], [28.82, 28.82, 28.59, 28.59, 28.6, 28.61, 28.63, 28.67, 28.56, 28.44, 28.3, 28.17, 28.06, 27.96, 27.74, 27.79, 27.85, 27.9, 27.92, 27.93], [28.58, 28.58, 28.58, 28.62, 28.62, 28.63, 28.63, 28.64, 28.45, 28.39, 28.31, 28.21, 28.13, 27.84, 27.86, 27.91, 27.95, 27.97, 27.97, 27.97], [28.61, 28.61, 28.61, 28.61, 28.61, 28.61, 28.62, 28.61, 28.4, 28.37, 28.31, 28.24, 28.14, 27.91, 27.96, 28.01, 28.05, 28.05, 28.02, 28.0], [28.6, 28.6, 28.6, 28.6, 28.6, 28.6, 28.6, 28.59, 28.59, 28.58, 28.58, 28.59, 28.3, 27.97, 28.02, 28.1, 28.18, 28.13, 28.05, 28.02], [28.6, 28.6, 28.6, 28.6, 28.59, 28.59, 28.58, 28.57, 28.56, 28.56, 28.56, 28.55, 28.3, 28.27, 28.25, 28.13, 28.37, 28.1, 28.04, 28.02], [28.6, 28.6, 28.59, 28.59, 28.59, 28.58, 28.58, 28.56, 28.54, 28.52, 28.55, 28.55, 28.56, 28.27, 28.23, 28.2, 28.04, 27.93, 28.01, 28.01], [28.6, 28.59, 28.59, 28.59, 28.59, 28.58, 28.57, 28.56, 28.54, 28.53, 28.54, 28.55, 28.56, 28.26, 28.23, 28.2, 28.14, 28.1, 28.0, 28.0], [28.59, 28.59, 28.59, 28.59, 28.58, 28.58, 28.57, 28.57, 28.56, 28.56, 28.55, 28.56, 28.56, 28.31, 28.26, 28.22, 28.18, 28.16, 28.17, 28.18], [28.59, 28.59, 28.59, 28.59, 28.58, 28.58, 28.58, 28.57, 28.57, 28.57, 28.57, 28.44, 28.38, 28.31, 28.29, 28.25, 28.22, 28.2, 28.2, 28.2], [28.59, 28.59, 28.59, 28.59, 28.58, 28.58, 28.58, 28.58, 28.58, 28.58, 28.56, 28.47, 28.4, 28.33, 28.31, 28.27, 28.25, 28.23, 28.22, 28.22], [28.59, 28.59, 28.59, 28.59, 28.59, 28.58, 28.58, 28.58, 28.47, 28.51, 28.53, 28.47, 28.41, 28.35, 28.33, 28.29, 28.27, 28.25, 28.24, 28.24], [28.59, 28.59, 28.59, 28.59, 28.59, 28.58, 28.58, 28.58, 28.45, 28.47, 28.47, 28.44, 28.4, 28.35, 28.34, 28.31, 28.28, 28.27, 28.26, 28.25], [28.59, 28.59, 28.59, 28.59, 28.59, 28.59, 28.59, 28.42, 28.43, 28.44, 28.43, 28.41, 28.38, 28.35, 28.34, 28.32, 28.3, 28.28, 28.27, 28.26]]}]