awsData/contour/wdir_2023092413.json
[{"header": {"refTime": "2023-09-24T13:00:00.000Z", "nx": 21, "ny": 33, "lo1": 113.509, "la1": 22.2235, "lo2": 113.5947, "la2": 22.1034, "dx": 0.0042850000000001385, "dy": 0.003753125000000024, "parameterCategory": 2, "parameterCategoryName": "Temperature", "parameterNumber": 2}, "data": [-3.26, -3.27, -3.28, -3.28, -3.28, -3.49, -3.46, -3.43, -3.41, -3.03, -3.01, -3.0, -3.19, -3.19, -3.74, -3.81, -3.85, -3.89, -3.92, -3.94, -3.25, -3.26, -3.28, -3.29, -3.29, -3.27, -3.45, -3.39, -3.35, -3.05, -3.02, -3.0, -3.19, -3.19, -3.74, -3.8, -3.87, -3.92, -3.96, -3.98, -3.25, -3.26, -3.27, -3.29, -3.3, -3.29, -3.27, -3.37, -3.24, -3.07, -3.02, -3.01, -3.2, -3.2, -3.71, -3.82, -3.91, -3.98, -4.02, -4.03, -3.24, -3.25, -3.26, -3.28, -3.31, -3.31, -3.29, -3.26, -3.23, -3.03, -3.0, -3.02, -3.2, -3.02, -3.7, -3.85, -3.98, -4.06, -4.1, -4.1, -3.22, -3.23, -3.25, -3.28, -3.31, -3.35, -3.34, -3.32, -3.28, -2.93, -2.94, -3.02, -3.15, -3.05, -3.71, -3.92, -4.1, -4.2, -4.21, -4.17, -3.2, -3.21, -3.22, -3.25, -3.3, -3.37, -3.42, -3.42, -3.36, -3.2, -2.83, -2.96, -3.07, -3.54, -3.75, -4.02, -4.29, -4.41, -4.34, -4.25, -4.18, -3.18, -3.19, -3.21, -3.26, -3.35, -3.27, -3.61, -3.56, -3.13, -2.88, -2.87, -3.57, -3.65, -3.8, -4.13, -4.57, -4.73, -4.75, -4.66, -4.18, -4.13, -4.07, -3.91, -3.91, -3.06, -3.26, -3.63, -4.0, -3.07, -2.53, -3.24, -3.41, -3.79, -4.35, -4.54, -4.77, -4.86, -4.73, -4.65, -4.18, -4.11, -4.03, -3.92, -3.74, -3.79, -4.0, -3.36, -4.11, -3.18, -3.19, -3.6, -4.11, -3.86, -4.38, -4.5, -4.63, -4.69, -4.66, -4.62, -4.75, -4.66, -4.53, -3.85, -3.59, -3.37, -3.79, -4.26, -4.41, -4.17, -3.47, -3.85, -4.29, -3.97, -4.41, -4.47, -4.55, -4.59, -4.6, -4.58, -4.78, -4.7, -4.57, -4.33, -3.84, -2.38, -4.2, -5.11, -4.88, -4.65, -4.6, -3.76, -3.9, -3.86, -4.42, -4.45, -4.5, -4.53, -4.54, -4.54, -4.84, -4.78, -4.69, -4.55, -4.31, -4.19, -4.89, -5.64, -5.91, -6.15, -4.84, -4.86, -4.76, -3.75, -4.41, -4.44, -4.47, -4.83, -4.84, -4.83, -4.9, -4.88, -4.85, -4.84, -4.91, -5.25, -5.77, -5.84, -5.9, -5.69, -6.06, -4.97, -4.84, -4.24, -4.23, -4.79, -4.79, -4.8, -4.8, -4.8, -4.97, -4.98, -5.0, -5.08, -5.27, -5.7, -6.44, -5.92, -5.76, -5.66, -6.11, -5.32, -5.2, -5.11, -4.24, -4.74, -4.75, -4.76, -4.77, -4.78, -5.04, -5.06, -5.11, -5.21, -5.39, -5.65, -5.86, -4.95, -4.56, -4.25, -4.01, -3.2, -5.12, -5.02, -4.97, -4.68, -4.7, -4.72, -4.73, -4.75, -5.09, -5.12, -2.85, -2.97, -3.12, -4.29, -4.21, -3.93, -3.63, -3.44, -2.68, -2.91, -3.17, -3.13, -3.33, -4.39, -4.38, -4.37, -4.39, -4.39, -2.57, -2.59, -2.62, -2.63, -3.66, -3.47, -3.13, -2.67, -2.38, -2.43, -2.15, -2.63, -3.11, -3.56, -3.54, -4.3, -4.28, -4.25, -4.24, -4.23, -2.44, -2.42, -2.37, -2.29, -3.13, -2.73, -2.08, -1.2, -0.75, -0.98, -1.75, -2.37, -3.04, -3.47, -4.27, -4.31, -4.27, -4.25, -4.23, -4.22, -2.31, -2.25, -2.16, -3.04, -2.71, -2.18, -1.32, 0.09, 1.37, -0.24, -1.06, -1.93, -2.49, -3.21, -4.32, -4.29, -4.25, -4.23, -4.22, -4.21, -2.19, -2.11, -2.71, -2.5, -2.2, -1.74, -1.05, -0.05, 0.73, -0.22, -1.19, -1.93, -2.31, -2.84, -4.26, -4.24, -4.22, -4.21, -4.2, -4.2, -2.9, -2.8, -2.67, -2.49, -2.24, -1.89, -1.45, -0.99, -0.54, -0.99, -1.57, -2.08, -2.2, -4.23, -4.22, -4.2, -4.18, -4.18, -4.18, -4.19, -2.88, -2.8, -2.69, -2.55, -2.38, -2.18, -1.97, -0.93, -1.53, -1.79, -2.08, -2.34, -4.36, -4.2, -4.18, -4.15, -4.14, -4.14, -4.16, -4.18, -2.89, -2.82, -2.75, -1.32, -1.35, -1.4, -1.5, -1.67, -1.89, -2.04, -2.03, -2.54, -4.4, -4.18, -4.15, -4.11, -4.07, -4.11, -4.16, -4.18, -1.4, -1.42, -1.46, -1.51, -1.59, -1.73, -1.95, -2.3, -2.73, -2.95, -2.7, -3.75, -4.42, -4.33, -4.25, -4.1, -3.94, -4.15, -4.18, -4.18, -1.48, -1.52, -1.58, -1.66, -1.78, -1.96, -2.25, -2.72, -3.46, -4.08, -3.23, -3.72, -3.56, -4.35, -4.27, -4.21, -4.2, -4.28, -4.21, -4.19, -1.55, -1.6, -1.67, -1.76, -1.9, -2.09, -2.37, -2.79, -3.47, -3.99, -3.89, -3.56, -3.43, -4.37, -4.3, -3.73, -3.89, -3.94, -4.21, -4.2, -1.6, -1.66, -1.73, -1.83, -1.95, -2.12, -2.33, -2.6, -2.88, -2.94, -3.36, -3.23, -3.22, -3.15, -3.39, -3.58, -3.71, -3.77, -3.76, -3.72, -1.64, -1.7, -1.77, -1.86, -1.96, -2.09, -2.22, -2.34, -2.38, -2.85, -2.65, -2.89, -3.13, -3.33, -3.24, -3.43, -3.56, -3.63, -3.65, -3.64, -1.67, -1.72, -1.79, -1.86, -1.95, -2.03, -2.11, -2.14, -2.07, -2.25, -1.82, -2.48, -2.91, -3.18, -3.11, -3.3, -3.43, -3.5, -3.54, -3.56, -1.69, -1.74, -1.79, -1.85, -1.92, -1.98, -2.02, -2.01, -2.71, -2.29, -2.03, -2.44, -2.83, -3.1, -3.01, -3.19, -3.32, -3.4, -3.45, -3.48, -1.7, -1.74, -1.79, -1.84, -1.89, -1.93, -1.95, -1.94, -2.77, -2.56, -2.48, -2.63, -2.87, -3.08, -2.96, -3.12, -3.24, -3.32, -3.38, -3.41, -1.7, -1.74, -1.78, -1.82, -1.86, -1.89, -1.9, -3.0, -2.87, -2.76, -2.74, -2.81, -2.95, -3.1, -2.94, -3.07, -3.18, -3.26, -3.32, -3.36]}, {"header": {"refTime": "2023-09-24T13:00:00.000Z", "nx": 21, "ny": 33, "lo1": 113.509, "la1": 22.2235, "lo2": 113.5947, "la2": 22.1034, "dx": 0.0042850000000001385, "dy": 0.003753125000000024, "parameterCategory": 2, "parameterCategoryName": "Temperature", "parameterNumber": 3}, "data": [0.52, 0.51, 0.49, 0.04, 0.04, -0.36, -0.34, -0.32, -0.33, -0.54, -0.67, -0.8, -1.24, -1.31, -1.98, -2.09, -2.7, -2.75, -2.78, -2.8, 0.53, 0.52, 0.5, 0.48, 0.05, 0.06, -0.29, -0.22, -0.2, -0.43, -0.66, -0.86, -1.31, -1.39, -2.04, -2.66, -2.73, -2.78, -2.82, -2.84, 0.55, 0.53, 0.51, 0.49, 0.05, 0.06, 0.07, -0.14, 0.08, -0.35, -0.71, -0.98, -1.45, -1.5, -2.58, -2.68, -2.77, -2.84, -2.88, -2.89, 0.56, 0.55, 0.53, 0.51, 0.48, 0.05, 0.06, 0.08, 0.1, -0.48, -0.84, -1.18, -1.66, -1.74, -2.57, -2.72, -2.84, -2.93, -2.96, -2.96, 0.58, 0.57, 0.56, 0.54, 0.51, 0.05, 0.05, 0.05, 0.04, -0.67, -0.96, -1.76, -2.01, -1.8, -2.58, -2.78, -2.96, -3.06, -3.07, -3.04, 0.61, 0.6, 0.59, 0.57, 0.55, 0.5, 0.05, 0.04, 0.02, -0.03, -1.39, -1.64, -1.84, -1.79, -2.61, -2.89, -3.16, -3.28, -3.21, -3.12, 0.82, 0.64, 0.63, 0.62, 0.6, 0.55, 0.34, 0.07, 0.04, -0.46, -0.63, -1.44, -1.68, -1.64, -2.64, -2.99, -3.44, -3.61, -3.18, -2.96, 0.84, 0.84, 0.84, 0.83, 0.81, 0.49, 0.39, 0.27, 0.04, -0.42, -0.51, -1.25, -1.35, -1.5, -2.11, -2.59, -3.2, -3.43, -3.09, -2.87, 0.85, 0.86, 0.87, 0.89, 0.88, 0.85, 0.75, 0.34, 0.16, -0.47, -0.88, -1.06, -0.99, -1.02, -1.96, -2.39, -2.79, -2.96, -2.89, -2.77, 1.01, 1.02, 1.04, 0.94, 0.99, 1.01, 0.89, 0.75, 0.23, 0.16, -0.92, -0.94, -0.87, -0.96, -1.88, -2.22, -2.49, -2.65, -2.68, -2.65, 1.01, 1.02, 1.04, 1.06, 1.12, 1.28, 1.07, 0.96, 0.77, 0.3, -0.12, -0.94, -0.94, -0.96, -1.87, -2.12, -2.32, -2.46, -2.52, -2.53, 1.0, 1.01, 1.02, 1.04, 1.07, 1.08, 1.0, 0.89, 0.85, 0.48, -0.01, -0.56, -0.66, -0.96, -1.9, -2.07, -2.22, -2.12, -2.18, -2.2, 1.0, 1.0, 1.0, 1.01, 1.0, 0.97, 0.91, 0.88, 0.86, 0.89, 0.37, -0.46, -0.57, -1.12, -1.12, -1.78, -1.88, -1.97, -2.03, -2.07, 0.99, 0.99, 0.99, 0.98, 0.96, 0.92, 0.85, 0.89, 0.89, 0.9, 0.41, -0.23, -0.34, -0.42, -1.11, -1.68, -1.76, -1.84, -1.9, -1.95, 0.98, 0.98, 0.98, 0.97, 0.95, 0.92, 0.9, 0.49, 0.41, 0.35, 0.31, -0.35, -0.4, -0.48, -0.54, -1.57, -1.65, -1.73, -1.8, -1.86, 0.98, 0.97, 0.51, 0.5, 0.49, 0.36, 0.34, 0.29, 0.23, 0.19, -0.39, -0.46, -0.55, -0.92, -0.93, -0.43, -0.33, -0.23, -0.99, -1.0, 0.46, 0.45, 0.43, 0.41, 0.23, 0.2, 0.13, 0.04, -0.02, -0.01, -0.5, -0.55, -0.64, -0.75, -0.68, -0.67, -0.55, -0.46, -0.39, -0.35, 0.41, 0.39, 0.36, 0.32, 0.13, 0.05, -0.08, -0.25, -0.34, -0.58, -0.57, -0.61, -0.69, -0.69, -0.96, -0.7, -0.53, -0.42, -0.36, -0.32, 0.37, 0.34, 0.3, 0.11, 0.05, -0.06, -0.22, -0.5, -0.82, -0.67, -0.8, -0.8, -0.47, -0.56, -0.72, -0.59, -0.45, -0.35, -0.3, -0.28, 0.33, 0.3, -0.13, -0.17, -0.22, -0.3, -0.41, -0.57, -0.83, -0.79, -0.77, -0.77, -0.34, -0.34, -0.48, -0.41, -0.31, -0.25, -0.23, -0.23, -0.12, -0.13, -0.16, -0.19, -0.24, -0.3, -0.37, -0.45, -0.75, -0.73, -0.72, -0.73, -0.19, -0.34, -0.29, -0.21, -0.14, -0.13, -0.15, -0.18, -0.13, -0.15, -0.17, -0.2, -0.24, -0.28, -0.32, -0.49, -0.66, -0.65, -0.65, -0.67, 0.17, -0.22, -0.13, -0.02, 0.06, 0.02, -0.08, -0.14, -0.14, -0.16, -0.18, -0.4, -0.4, -0.41, -0.4, -0.39, -0.38, -0.36, -0.35, 0.14, 0.04, -0.14, -0.02, 0.16, 0.38, 0.17, -0.06, -0.14, -0.37, -0.37, -0.37, -0.37, -0.37, -0.36, -0.35, -0.32, -0.29, -0.28, -0.28, 0.37, 0.02, 0.08, 0.15, 0.2, 1.0, -0.04, -0.18, -0.19, -0.36, -0.35, -0.35, -0.35, -0.34, -0.32, -0.3, -0.27, -0.23, -0.2, -0.23, 0.31, 0.49, 0.04, 0.07, 0.08, -0.27, -0.71, -0.32, -0.24, -0.34, -0.34, -0.33, -0.32, -0.31, -0.29, -0.27, -0.24, -0.21, -0.19, 0.12, 0.28, 0.44, 0.0, 0.01, -0.02, -0.18, -0.29, -0.32, -0.26, -0.33, -0.32, -0.32, -0.3, -0.29, -0.27, -0.25, -0.22, -0.2, -0.18, 0.16, 0.26, 0.39, 0.04, 0.02, -0.03, -0.1, -0.15, -0.13, -0.09, -0.32, -0.31, -0.3, -0.29, -0.27, -0.25, -0.23, -0.2, -0.17, 0.14, 0.16, -0.29, -0.41, -0.54, 0.01, -0.02, -0.06, -0.09, -0.09, -0.07, -0.31, -0.3, -0.29, -0.28, -0.26, -0.24, -0.22, -0.18, -0.14, 0.12, -0.06, -0.22, -0.36, -0.49, 0.01, -0.01, -0.04, -0.05, -0.05, -0.05, -0.3, -0.29, -0.28, -0.27, -0.25, -0.23, -0.21, -0.18, -0.23, -0.16, -0.11, -0.22, -0.35, -0.47, 0.01, -0.0, -0.02, -0.03, -0.03, -0.03, -0.3, -0.29, -0.28, -0.26, -0.25, -0.23, -0.21, -0.18, -0.27, -0.23, -0.23, -0.28, -0.37, -0.46, 0.01, 0.0, -0.01, -0.02, -0.02, -0.02, -0.29, -0.28, -0.27, -0.26, -0.24, -0.23, -0.21, -0.33, -0.31, -0.29, -0.3, -0.34, -0.4, -0.47, 0.01, 0.01, -0.0, -0.01, -0.01, -0.01]}, {"header": {"refTime": "2023-09-24T13:00:00.000Z", "nx": 21, "ny": 33, "lo1": 113.509, "la1": 22.2235, "lo2": 113.5947, "la2": 22.1034, "dx": 0.0042850000000001385, "dy": 0.003753125000000024, "parameterCategory": 0, "parameterCategoryName": "Temperature", "parameterNumber": 0}, "data": [[30.76, 30.77, 30.77, 30.66, 30.68, 30.75, 30.78, 30.81, 30.82, 30.79, 30.75, 30.7, 30.98, 30.98, 30.71, 30.7, 30.83, 30.83, 30.83, 30.83], [30.75, 30.76, 30.77, 30.78, 30.68, 30.71, 30.8, 30.86, 30.89, 30.84, 30.76, 30.69, 30.96, 30.95, 30.69, 30.82, 30.82, 30.82, 30.82, 30.83], [30.75, 30.75, 30.76, 30.77, 30.66, 30.7, 30.76, 30.9, 31.05, 30.87, 30.74, 30.66, 30.91, 30.92, 30.81, 30.82, 30.82, 30.81, 30.81, 30.82], [30.74, 30.74, 30.75, 30.75, 30.76, 30.67, 30.72, 30.8, 30.88, 30.81, 30.69, 30.62, 30.83, 30.71, 30.8, 30.81, 30.81, 30.8, 30.8, 30.81], [30.74, 30.74, 30.74, 30.74, 30.74, 30.62, 30.64, 30.67, 30.68, 30.69, 30.62, 30.67, 30.59, 30.7, 30.81, 30.81, 30.79, 30.78, 30.78, 30.79], [30.73, 30.73, 30.73, 30.72, 30.71, 30.7, 30.56, 30.55, 30.53, 30.52, 30.72, 30.73, 30.69, 30.87, 30.84, 30.81, 30.76, 30.74, 30.76, 30.78], [30.58, 30.72, 30.72, 30.71, 30.69, 30.67, 30.43, 30.45, 30.42, 30.55, 30.63, 30.88, 31.13, 31.06, 30.89, 30.81, 30.71, 30.67, 30.58, 30.58], [30.59, 30.59, 30.59, 30.59, 30.58, 30.49, 30.44, 30.37, 30.38, 30.51, 30.45, 31.2, 31.21, 31.05, 30.97, 31.08, 30.86, 30.78, 30.91, 30.99], [30.51, 30.52, 30.61, 30.62, 30.62, 30.6, 30.54, 30.42, 30.3, 30.58, 30.8, 30.99, 31.08, 30.96, 31.0, 31.12, 30.99, 30.94, 30.97, 31.02], [30.8, 30.8, 30.8, 30.57, 30.6, 30.69, 30.63, 30.54, 30.3, 30.3, 31.09, 30.87, 30.94, 30.91, 31.0, 31.16, 31.08, 31.04, 31.04, 31.06], [30.8, 30.8, 30.8, 30.8, 30.8, 30.8, 30.8, 30.8, 30.62, 30.3, 30.3, 30.8, 30.85, 30.86, 30.99, 31.2, 31.14, 31.1, 31.09, 31.1], [30.8, 30.8, 30.8, 30.8, 30.8, 30.8, 30.8, 30.8, 30.8, -999.0, 30.3, 31.6, 31.6, 30.82, 30.98, 31.23, 31.19, 30.15, 30.16, 30.16], [30.8, 30.8, 30.8, 30.8, 30.8, 30.8, 30.8, 30.8, 30.8, 30.8, -999.0, 31.6, 31.6, 30.42, 30.94, 30.31, 30.31, 30.22, 30.23, 30.24], [30.8, 30.8, 30.8, 30.8, 30.8, 30.8, 30.8, 30.8, 30.8, 30.8, -999.0, 29.8, 29.8, 29.8, 30.79, 30.24, 30.25, 30.15, 30.18, 30.19], [30.8, 30.8, 30.8, 30.8, 30.8, 30.8, 30.8, 31.9, 31.9, 31.9, 31.9, 31.09, 29.8, 29.8, 29.8, 30.17, 30.19, 30.1, 30.13, 30.15], [30.8, 30.8, 31.49, 31.5, 31.53, 31.9, 31.9, 31.9, 31.9, 31.9, 30.58, 30.73, 30.52, 30.35, 30.55, 29.95, 29.97, 29.93, 30.12, 30.14], [31.51, 31.51, 31.19, 31.21, 31.9, 31.9, 31.9, 31.9, 31.9, 31.9, 31.0, 30.74, 30.46, 30.21, 30.09, 30.0, 30.08, 30.13, 30.17, 30.2], [31.19, 31.21, 31.23, 31.25, 31.9, 31.9, 31.9, 31.9, 31.9, 31.37, 31.08, 30.77, 30.44, 30.12, 29.84, 29.98, 30.08, 30.15, 30.19, 30.22], [31.21, 31.23, 31.26, 31.9, 31.9, 31.9, 31.9, 31.9, 31.71, 31.49, 31.22, 30.96, 30.45, 30.21, 29.96, 30.04, 30.12, 30.18, 30.22, 30.25], [31.23, 31.25, 31.67, 31.68, 31.7, 31.72, 31.75, 31.83, 31.66, 31.47, 31.24, 31.02, 30.52, 30.35, 30.1, 30.14, 30.19, 30.23, 30.26, 30.28], [31.66, 31.66, 31.67, 31.73, 31.74, 31.75, 31.77, 31.79, 31.48, 31.38, 31.24, 31.08, 30.56, 30.18, 30.19, 30.22, 30.26, 30.29, 30.3, 30.31], [31.71, 31.72, 31.72, 31.72, 31.72, 31.73, 31.73, 31.76, 31.39, 31.33, 31.24, 31.13, 30.48, 30.24, 30.26, 30.29, 30.32, 30.34, 30.35, 30.35], [31.71, 31.71, 31.71, 31.75, 31.75, 31.75, 31.74, 31.72, 31.71, 31.7, 31.71, 31.28, 30.86, 30.29, 30.32, 30.34, 30.35, 30.38, 30.4, 30.38], [31.76, 31.76, 31.75, 31.75, 31.74, 31.73, 31.71, 31.69, 31.66, 31.65, 31.67, 31.28, 30.88, 30.77, 30.66, 30.38, 30.31, 30.47, 30.45, 30.41], [31.76, 31.75, 31.75, 31.74, 31.73, 31.72, 31.7, 31.67, 31.61, 31.57, 31.64, 31.33, 31.22, 30.79, 30.69, 30.61, 30.51, 30.59, 30.48, 30.43], [31.75, 31.75, 31.75, 31.74, 31.73, 31.72, 31.7, 31.67, 31.62, 31.58, 31.44, 31.38, 31.28, 30.81, 30.72, 30.72, 30.69, 30.69, 30.46, 30.43], [31.75, 31.75, 31.75, 31.74, 31.74, 31.73, 31.71, 31.7, 31.68, 31.68, 31.49, 31.44, 31.35, 31.0, 30.89, 30.8, 30.76, 30.74, 30.74, 30.75], [31.75, 31.75, 31.75, 31.74, 31.74, 31.74, 31.73, 31.73, 31.74, 31.59, 31.61, 31.62, 31.54, 31.46, 30.97, 30.88, 30.82, 30.79, 30.78, 30.78], [31.75, 31.75, 31.75, 31.75, 31.75, 31.75, 31.75, 31.75, 31.78, 31.7, 31.82, 31.69, 31.58, 31.5, 31.03, 30.94, 30.88, 30.85, 30.83, 30.82], [31.76, 31.75, 31.75, 31.75, 31.75, 31.75, 31.76, 31.77, 31.66, 31.74, 31.78, 31.69, 31.6, 31.52, 31.08, 31.0, 30.93, 30.89, 30.87, 30.86], [31.76, 31.76, 31.76, 31.76, 31.76, 31.76, 31.77, 31.78, 31.64, 31.68, 31.69, 31.65, 31.58, 31.52, 31.11, 31.03, 30.97, 30.93, 30.9, 30.89], [31.76, 31.76, 31.76, 31.76, 31.76, 31.76, 31.77, 31.59, 31.61, 31.63, 31.63, 31.6, 31.56, 31.52, 31.12, 31.05, 31.0, 30.96, 30.93, 30.91]]}]