awsData/contour/wdir_2023092508.json
[{"header": {"refTime": "2023-09-25T08:00:00.000Z", "nx": 21, "ny": 33, "lo1": 113.509, "la1": 22.2235, "lo2": 113.5947, "la2": 22.1034, "dx": 0.0042850000000001385, "dy": 0.003753125000000024, "parameterCategory": 2, "parameterCategoryName": "Temperature", "parameterNumber": 2}, "data": [-2.22, -2.22, -2.21, -2.16, -2.15, -2.26, -2.22, -2.18, -2.17, -1.93, -1.95, -1.97, -2.16, -2.18, -3.0, -3.12, -3.37, -3.45, -3.5, -3.53, -2.22, -2.22, -2.22, -2.21, -2.16, -2.13, -2.2, -2.13, -2.09, -1.92, -1.95, -1.98, -2.17, -2.19, -3.01, -3.3, -3.41, -3.5, -3.56, -3.6, -2.23, -2.23, -2.22, -2.22, -2.17, -2.15, -2.1, -2.1, -1.93, -1.92, -1.96, -2.0, -2.19, -2.2, -3.15, -3.33, -3.48, -3.59, -3.65, -3.68, -2.23, -2.23, -2.23, -2.23, -2.23, -2.18, -2.14, -2.08, -2.01, -1.92, -1.97, -2.03, -2.22, -2.19, -3.13, -3.38, -3.59, -3.72, -3.78, -3.78, -2.23, -2.23, -2.24, -2.25, -2.26, -2.23, -2.21, -2.18, -2.15, -1.93, -1.98, -2.18, -2.23, -2.2, -3.15, -3.49, -3.78, -3.93, -3.95, -3.9, -2.23, -2.23, -2.24, -2.26, -2.28, -2.31, -2.3, -2.32, -2.28, -2.19, -2.09, -2.16, -2.21, -2.64, -3.22, -3.66, -4.09, -4.27, -4.17, -4.03, -3.28, -2.23, -2.24, -2.25, -2.28, -2.34, -2.38, -2.49, -2.47, -2.29, -2.14, -2.14, -2.72, -2.78, -3.32, -3.84, -4.52, -4.77, -4.6, -4.42, -3.28, -3.24, -3.19, -3.28, -3.26, -2.27, -2.38, -2.6, -2.83, -2.25, -1.89, -2.53, -2.68, -2.94, -3.86, -4.24, -4.71, -4.88, -4.63, -4.46, -3.29, -3.24, -3.17, -3.08, -3.14, -3.16, -3.29, -2.44, -3.21, -2.33, -2.49, -2.84, -3.27, -3.06, -3.84, -4.13, -4.41, -4.54, -4.48, -4.39, -4.17, -4.09, -3.96, -3.05, -2.84, -2.84, -3.21, -3.62, -3.69, -3.47, -2.73, -3.05, -3.42, -3.15, -3.85, -4.03, -4.21, -4.32, -4.33, -4.3, -4.19, -4.11, -3.99, -3.77, -3.31, -1.96, -3.69, -4.63, -4.38, -4.07, -4.02, -2.97, -3.09, -3.06, -3.85, -3.98, -4.1, -4.18, -4.22, -4.22, -4.24, -4.18, -4.09, -3.95, -3.73, -3.63, -4.32, -5.21, -5.57, -5.58, -4.31, -4.22, -4.07, -2.97, -3.85, -3.94, -4.03, -4.41, -4.43, -4.44, -4.3, -4.27, -4.23, -4.21, -4.26, -4.53, -4.98, -5.28, -5.48, -5.21, -5.39, -4.37, -4.2, -3.42, -3.42, -4.25, -4.29, -4.32, -4.35, -4.37, -4.36, -4.35, -4.37, -4.42, -4.56, -4.89, -5.39, -5.19, -5.19, -5.11, -5.42, -4.72, -4.55, -4.44, -3.43, -4.17, -4.2, -4.24, -4.28, -4.3, -4.41, -4.43, -4.47, -4.54, -4.68, -4.88, -5.05, -4.37, -4.1, -3.86, -3.66, -2.96, -4.47, -4.35, -4.28, -4.08, -4.12, -4.17, -4.21, -4.24, -4.46, -4.49, -2.34, -2.44, -2.56, -3.77, -3.71, -3.5, -3.27, -3.13, -2.5, -2.66, -2.83, -2.56, -2.72, -3.78, -3.8, -3.82, -4.17, -4.22, -2.1, -2.12, -2.14, -2.15, -3.25, -3.09, -2.8, -2.41, -2.16, -2.22, -2.0, -2.38, -2.74, -3.06, -3.03, -3.7, -3.73, -3.76, -3.77, -3.78, -1.99, -1.98, -1.94, -1.87, -2.8, -2.45, -1.89, -1.12, -0.73, -0.78, -1.43, -2.13, -2.65, -2.96, -3.54, -3.69, -3.74, -3.76, -3.78, -3.79, -1.88, -1.84, -1.76, -2.73, -2.44, -1.98, -1.23, 0.01, 1.17, -0.17, -0.87, -1.6, -2.22, -2.79, -3.69, -3.72, -3.75, -3.78, -3.79, -3.8, -1.79, -1.72, -2.25, -2.08, -1.83, -1.44, -0.86, -0.03, 0.62, -0.18, -0.99, -1.61, -2.11, -2.56, -3.75, -3.76, -3.79, -3.8, -3.81, -3.81, -2.41, -2.33, -2.22, -2.07, -1.86, -1.58, -1.21, -0.82, -0.45, -0.82, -1.31, -1.73, -2.07, -3.78, -3.79, -3.81, -3.82, -3.83, -3.83, -3.83, -2.4, -2.33, -2.24, -2.13, -1.99, -1.82, -1.65, -0.83, -1.29, -1.5, -1.75, -1.96, -3.95, -3.81, -3.82, -3.84, -3.86, -3.86, -3.85, -3.84, -2.41, -2.36, -2.29, -1.18, -1.2, -1.24, -1.32, -1.46, -1.65, -1.78, -1.77, -2.39, -4.0, -3.83, -3.85, -3.88, -3.91, -3.89, -3.86, -3.84, -1.25, -1.27, -1.3, -1.34, -1.41, -1.52, -1.71, -2.0, -2.36, -2.54, -2.34, -3.45, -4.0, -3.98, -3.96, -3.89, -3.99, -3.87, -3.85, -3.84, -1.32, -1.36, -1.4, -1.47, -1.57, -1.73, -1.97, -2.35, -2.97, -3.48, -2.78, -3.4, -3.35, -3.98, -3.95, -3.93, -3.85, -3.8, -3.83, -3.84, -1.38, -1.43, -1.48, -1.56, -1.68, -1.84, -2.07, -2.43, -2.98, -3.41, -3.46, -3.26, -3.22, -3.98, -3.95, -3.5, -3.6, -3.62, -3.83, -3.83, -1.43, -1.48, -1.54, -1.62, -1.73, -1.87, -2.05, -2.28, -2.51, -2.57, -3.05, -2.98, -3.03, -3.0, -3.21, -3.37, -3.47, -3.51, -3.5, -3.48, -1.47, -1.52, -1.58, -1.65, -1.74, -1.85, -1.97, -2.08, -2.12, -2.62, -2.47, -2.55, -2.73, -2.88, -3.07, -3.23, -3.34, -3.39, -3.41, -3.41, -1.49, -1.54, -1.6, -1.66, -1.74, -1.81, -1.88, -1.92, -1.88, -2.13, -1.72, -2.24, -2.56, -2.77, -2.95, -3.11, -3.22, -3.29, -3.33, -3.34, -1.51, -1.55, -1.6, -1.66, -1.72, -1.77, -1.81, -1.82, -2.42, -2.09, -1.88, -2.2, -2.5, -2.7, -2.86, -3.02, -3.13, -3.2, -3.25, -3.27, -1.52, -1.56, -1.6, -1.65, -1.69, -1.73, -1.76, -1.76, -2.46, -2.29, -2.23, -2.35, -2.53, -2.69, -2.81, -2.95, -3.06, -3.13, -3.18, -3.22, -1.53, -1.56, -1.6, -1.64, -1.67, -1.7, -1.72, -2.63, -2.54, -2.45, -2.43, -2.49, -2.59, -2.7, -2.79, -2.91, -3.01, -3.08, -3.13, -3.17]}, {"header": {"refTime": "2023-09-25T08:00:00.000Z", "nx": 21, "ny": 33, "lo1": 113.509, "la1": 22.2235, "lo2": 113.5947, "la2": 22.1034, "dx": 0.0042850000000001385, "dy": 0.003753125000000024, "parameterCategory": 2, "parameterCategoryName": "Temperature", "parameterNumber": 3}, "data": [-1.2, -1.2, -1.19, -1.05, -1.04, -1.26, -1.24, -1.22, -1.22, -1.16, -1.2, -1.25, -1.53, -1.56, -2.45, -2.58, -2.94, -3.02, -3.07, -3.11, -1.21, -1.2, -1.19, -1.18, -1.04, -1.03, -1.21, -1.17, -1.15, -1.13, -1.2, -1.27, -1.56, -1.59, -2.47, -2.87, -2.98, -3.08, -3.14, -3.17, -1.21, -1.21, -1.2, -1.19, -1.05, -1.04, -1.03, -1.13, -1.0, -1.1, -1.22, -1.31, -1.6, -1.63, -2.72, -2.89, -3.05, -3.17, -3.23, -3.25, -1.22, -1.22, -1.21, -1.2, -1.19, -1.05, -1.04, -1.02, -1.0, -1.14, -1.26, -1.39, -1.67, -1.65, -2.7, -2.95, -3.17, -3.3, -3.36, -3.36, -1.23, -1.23, -1.22, -1.22, -1.21, -1.07, -1.06, -1.05, -1.04, -1.18, -1.28, -1.65, -1.76, -1.68, -2.71, -3.06, -3.36, -3.52, -3.54, -3.49, -1.24, -1.24, -1.24, -1.24, -1.23, -1.23, -1.09, -1.1, -1.08, -1.05, -1.48, -1.6, -1.7, -1.94, -2.79, -3.24, -3.68, -3.87, -3.77, -3.62, -1.43, -1.25, -1.25, -1.25, -1.25, -1.25, -1.23, -1.16, -1.15, -1.23, -1.22, -1.54, -1.97, -1.98, -2.88, -3.42, -4.13, -4.39, -4.03, -3.79, -1.43, -1.43, -1.43, -1.52, -1.52, -1.25, -1.25, -1.26, -1.32, -1.19, -1.02, -1.72, -1.85, -2.03, -2.99, -3.51, -4.15, -4.38, -4.03, -3.8, -1.44, -1.43, -1.43, -1.43, -1.51, -1.51, -1.51, -1.25, -1.33, -1.26, -1.53, -1.81, -2.02, -1.92, -2.91, -3.32, -3.72, -3.9, -3.83, -3.7, -1.62, -1.61, -1.6, -1.43, -1.42, -1.49, -1.53, -1.56, -1.43, -1.37, -1.68, -1.87, -2.06, -1.94, -2.86, -3.17, -3.44, -3.59, -3.61, -3.58, -1.62, -1.61, -1.6, -1.58, -1.53, -1.4, -1.59, -1.71, -1.7, -1.51, -1.77, -1.83, -1.9, -1.89, -2.86, -3.07, -3.27, -3.39, -3.45, -3.46, -1.62, -1.62, -1.61, -1.59, -1.57, -1.56, -1.64, -1.8, -1.87, -1.98, -1.81, -2.1, -2.11, -1.84, -2.88, -3.03, -3.17, -3.27, -3.32, -3.33, -1.63, -1.62, -1.62, -1.61, -1.61, -1.62, -1.65, -1.77, -1.84, -1.78, -1.98, -2.09, -2.1, -2.07, -2.07, -2.96, -3.04, -3.11, -3.17, -3.2, -1.63, -1.63, -1.63, -1.63, -1.63, -1.63, -1.62, -1.7, -1.75, -1.75, -1.96, -2.08, -2.08, -2.08, -2.04, -2.83, -2.9, -2.97, -3.03, -3.08, -1.64, -1.64, -1.64, -1.64, -1.64, -1.65, -1.66, -1.46, -1.43, -1.39, -1.36, -1.46, -2.06, -2.05, -2.04, -2.68, -2.75, -2.84, -2.92, -2.98, -1.64, -1.64, -1.15, -1.16, -1.17, -1.34, -1.33, -1.29, -1.26, -1.24, -1.34, -1.41, -1.5, -1.64, -1.69, -1.82, -1.8, -1.77, -2.43, -2.47, -1.11, -1.11, -1.1, -1.09, -1.24, -1.21, -1.15, -1.07, -1.03, -1.05, -1.23, -1.36, -1.51, -1.65, -1.61, -1.84, -1.81, -1.79, -1.77, -1.76, -1.08, -1.07, -1.06, -1.03, -1.15, -1.08, -0.97, -0.81, -0.74, -0.84, -1.03, -1.31, -1.5, -1.6, -1.88, -1.85, -1.8, -1.78, -1.76, -1.76, -1.05, -1.04, -1.02, -1.14, -1.08, -0.99, -0.83, -0.58, -0.37, -0.7, -1.12, -1.35, -1.28, -1.49, -1.85, -1.82, -1.78, -1.76, -1.75, -1.74, -1.03, -1.01, -1.27, -1.23, -1.17, -1.07, -0.93, -0.71, -0.62, -0.89, -1.16, -1.36, -1.2, -1.33, -1.79, -1.77, -1.74, -1.73, -1.73, -1.73, -1.33, -1.31, -1.29, -1.26, -1.21, -1.15, -1.06, -0.96, -1.0, -1.12, -1.28, -1.42, -1.13, -1.75, -1.74, -1.71, -1.7, -1.7, -1.71, -1.72, -1.35, -1.34, -1.32, -1.31, -1.28, -1.25, -1.23, -0.95, -1.3, -1.37, -1.45, -1.51, -1.77, -1.72, -1.69, -1.66, -1.63, -1.65, -1.69, -1.71, -1.37, -1.37, -1.36, -0.98, -1.0, -1.04, -1.09, -1.16, -1.24, -1.28, -1.25, -1.37, -1.91, -1.7, -1.66, -1.6, -1.52, -1.61, -1.69, -1.72, -0.96, -0.97, -0.99, -1.02, -1.06, -1.11, -1.2, -1.34, -1.5, -1.58, -1.46, -1.47, -1.94, -1.84, -1.75, -1.59, -1.28, -1.7, -1.75, -1.74, -0.97, -0.99, -1.01, -1.04, -1.09, -1.16, -1.27, -1.45, -1.77, -2.03, -1.64, -1.47, -1.31, -1.87, -1.79, -1.74, -1.8, -1.98, -1.81, -1.77, -0.98, -0.99, -1.02, -1.05, -1.09, -1.16, -1.26, -1.43, -1.72, -1.96, -1.65, -1.38, -1.24, -1.89, -1.83, -1.46, -1.6, -1.67, -1.8, -1.77, -0.98, -0.99, -1.01, -1.04, -1.08, -1.13, -1.19, -1.28, -1.38, -1.38, -1.3, -1.18, -1.13, -1.11, -1.26, -1.38, -1.48, -1.53, -1.52, -1.48, -0.98, -0.99, -1.0, -1.02, -1.05, -1.07, -1.09, -1.1, -1.05, -0.98, -0.85, -1.12, -1.29, -1.45, -1.17, -1.29, -1.38, -1.42, -1.43, -1.43, -0.97, -0.98, -0.99, -1.0, -1.01, -1.01, -1.0, -0.95, -0.82, -0.6, -0.38, -0.84, -1.14, -1.34, -1.09, -1.21, -1.29, -1.34, -1.37, -1.37, -0.96, -0.97, -0.98, -0.98, -0.98, -0.97, -0.93, -0.87, -0.99, -0.71, -0.53, -0.82, -1.09, -1.28, -1.04, -1.15, -1.22, -1.28, -1.31, -1.32, -0.96, -0.96, -0.96, -0.96, -0.95, -0.93, -0.9, -0.83, -1.04, -0.89, -0.84, -0.95, -1.12, -1.27, -1.01, -1.1, -1.17, -1.22, -1.26, -1.28, -0.95, -0.95, -0.95, -0.94, -0.93, -0.91, -0.88, -1.19, -1.11, -1.04, -1.02, -1.08, -1.18, -1.28, -0.99, -1.07, -1.14, -1.18, -1.22, -1.24]}, {"header": {"refTime": "2023-09-25T08:00:00.000Z", "nx": 21, "ny": 33, "lo1": 113.509, "la1": 22.2235, "lo2": 113.5947, "la2": 22.1034, "dx": 0.0042850000000001385, "dy": 0.003753125000000024, "parameterCategory": 0, "parameterCategoryName": "Temperature", "parameterNumber": 0}, "data": [[29.07, 29.06, 29.06, 28.88, 28.89, 29.07, 29.07, 29.08, 29.09, 29.05, 29.06, 29.06, 29.28, 29.29, 29.21, 29.21, 29.32, 29.32, 29.31, 29.31], [29.07, 29.06, 29.06, 29.06, 28.89, 28.91, 29.07, 29.08, 29.09, 29.06, 29.06, 29.07, 29.28, 29.29, 29.22, 29.32, 29.32, 29.31, 29.31, 29.31], [29.07, 29.07, 29.06, 29.06, 28.89, 28.9, 28.93, 29.08, 29.1, 29.07, 29.06, 29.08, 29.29, 29.3, 29.32, 29.32, 29.31, 29.31, 29.3, 29.3], [29.07, 29.07, 29.06, 29.06, 29.05, 28.89, 28.91, 28.95, 28.99, 29.05, 29.06, 29.1, 29.3, 29.21, 29.32, 29.31, 29.31, 29.3, 29.3, 29.3], [29.07, 29.07, 29.07, 29.06, 29.05, 28.87, 28.88, 28.89, 28.89, 29.01, 29.04, 29.2, 29.26, 29.22, 29.32, 29.31, 29.29, 29.29, 29.29, 29.29], [29.08, 29.08, 29.07, 29.06, 29.05, 29.04, 28.85, 28.84, 28.83, 28.8, 29.09, 29.18, 29.24, 29.37, 29.33, 29.3, 29.28, 29.27, 29.27, 29.28], [29.08, 29.08, 29.08, 29.07, 29.06, 29.04, 28.87, 28.81, 28.79, 28.84, 28.87, 29.15, 29.41, 29.4, 29.33, 29.3, 29.25, 29.23, 29.22, 29.22], [29.09, 29.09, 29.09, 29.09, 29.08, 28.94, 28.9, 28.84, 28.82, 28.81, 28.72, 29.22, 29.23, 29.4, 29.31, 29.34, 29.28, 29.25, 29.29, 29.32], [29.01, 29.02, 29.11, 29.12, 29.12, 29.1, 29.04, 28.88, 28.74, 28.86, 28.95, 29.08, 29.14, 29.06, 29.32, 29.36, 29.32, 29.3, 29.31, 29.33], [29.3, 29.3, 29.3, 29.07, 29.1, 29.19, 29.13, 29.04, 28.69, 28.7, 29.15, 29.0, 29.04, 29.02, 29.32, 29.37, 29.34, 29.33, 29.33, 29.34], [29.3, 29.3, 29.3, 29.3, 29.3, 29.3, 29.3, 29.3, 29.12, 28.73, 28.6, 28.94, 28.98, 28.99, 29.32, 29.38, 29.36, 29.35, 29.35, 29.35], [29.3, 29.3, 29.3, 29.3, 29.3, 29.3, 29.3, 29.3, 29.3, -999.0, 28.6, 29.5, 29.5, 28.96, 29.31, 29.39, 29.38, 29.37, 29.37, 29.37], [29.3, 29.3, 29.3, 29.3, 29.3, 29.3, 29.3, 29.3, 29.3, 29.3, -999.0, 29.5, 29.5, 29.5, 29.5, 29.31, 29.31, 29.34, 29.34, 29.34], [29.3, 29.3, 29.3, 29.3, 29.3, 29.3, 29.3, 29.3, 29.3, 29.3, -999.0, 29.5, 29.5, 29.5, 29.5, 29.33, 29.33, 29.37, 29.36, 29.35], [29.3, 29.3, 29.3, 29.3, 29.3, 29.3, 29.3, 29.4, 29.4, 29.4, 29.4, 29.44, 29.5, 29.5, 29.5, 29.36, 29.35, 29.39, 29.38, 29.37], [29.3, 29.3, 29.36, 29.36, 29.37, 29.4, 29.4, 29.4, 29.4, 29.4, 29.46, 29.46, 29.47, 29.47, 29.46, 29.46, 29.46, 29.47, 29.4, 29.39], [29.36, 29.36, 29.34, 29.34, 29.4, 29.4, 29.4, 29.4, 29.4, 29.4, 29.44, 29.46, 29.47, 29.48, 29.48, 29.37, 29.33, 29.29, 29.26, 29.24], [29.34, 29.34, 29.34, 29.34, 29.4, 29.4, 29.4, 29.4, 29.4, 29.43, 29.44, 29.45, 29.47, 29.48, 29.5, 29.39, 29.32, 29.28, 29.25, 29.23], [29.34, 29.34, 29.34, 29.4, 29.4, 29.4, 29.4, 29.4, 29.41, 29.42, 29.43, 29.44, 29.45, 29.47, 29.4, 29.35, 29.3, 29.26, 29.23, 29.22], [29.34, 29.34, 29.4, 29.4, 29.4, 29.4, 29.4, 29.4, 29.41, 29.42, 29.43, 29.44, 29.45, 29.46, 29.32, 29.29, 29.26, 29.23, 29.21, 29.2], [29.4, 29.4, 29.4, 29.4, 29.4, 29.4, 29.4, 29.4, 29.42, 29.42, 29.43, 29.43, 29.44, 29.26, 29.26, 29.24, 29.22, 29.2, 29.18, 29.17], [29.4, 29.4, 29.4, 29.4, 29.4, 29.4, 29.4, 29.45, 29.42, 29.42, 29.42, 29.43, 29.44, 29.22, 29.21, 29.2, 29.18, 29.17, 29.15, 29.15], [29.4, 29.4, 29.4, 29.48, 29.47, 29.47, 29.46, 29.46, 29.46, 29.46, 29.46, 29.4, 29.19, 29.19, 29.18, 29.18, 29.18, 29.14, 29.12, 29.12], [29.49, 29.49, 29.48, 29.48, 29.48, 29.47, 29.47, 29.46, 29.45, 29.45, 29.46, 29.47, 29.2, 29.17, 29.14, 29.15, 29.26, 29.07, 29.07, 29.1], [29.49, 29.49, 29.49, 29.49, 29.48, 29.48, 29.48, 29.47, 29.45, 29.43, 29.46, 29.48, 29.49, 29.16, 29.13, 29.1, 29.02, 28.93, 29.04, 29.08], [29.49, 29.49, 29.49, 29.49, 29.49, 29.49, 29.49, 29.48, 29.46, 29.44, 29.48, 29.5, 29.5, 29.16, 29.13, 29.13, 29.07, 29.04, 29.05, 29.08], [29.5, 29.5, 29.5, 29.5, 29.5, 29.5, 29.5, 29.5, 29.5, 29.5, 29.52, 29.53, 29.52, 29.28, 29.22, 29.17, 29.12, 29.1, 29.11, 29.12], [29.5, 29.5, 29.5, 29.51, 29.51, 29.51, 29.52, 29.53, 29.54, 29.57, 29.58, 29.46, 29.39, 29.32, 29.26, 29.21, 29.17, 29.15, 29.14, 29.15], [29.51, 29.51, 29.51, 29.51, 29.52, 29.52, 29.53, 29.55, 29.57, 29.62, 29.64, 29.52, 29.43, 29.35, 29.29, 29.24, 29.2, 29.18, 29.17, 29.17], [29.51, 29.51, 29.51, 29.52, 29.52, 29.53, 29.54, 29.56, 29.5, 29.56, 29.6, 29.52, 29.44, 29.37, 29.31, 29.27, 29.23, 29.21, 29.2, 29.19], [29.51, 29.51, 29.52, 29.52, 29.53, 29.53, 29.55, 29.56, 29.48, 29.51, 29.52, 29.48, 29.43, 29.37, 29.32, 29.28, 29.25, 29.23, 29.22, 29.21], [29.51, 29.52, 29.52, 29.52, 29.53, 29.54, 29.55, 29.44, 29.46, 29.47, 29.47, 29.45, 29.41, 29.37, 29.33, 29.3, 29.27, 29.25, 29.23, 29.23]]}]