awsData/contour/wdir_2023092420.json
[{"header": {"refTime": "2023-09-24T20:00:00.000Z", "nx": 21, "ny": 33, "lo1": 113.509, "la1": 22.2235, "lo2": 113.5947, "la2": 22.1034, "dx": 0.0042850000000001385, "dy": 0.003753125000000024, "parameterCategory": 2, "parameterCategoryName": "Temperature", "parameterNumber": 2}, "data": [-2.26, -2.24, -2.21, -2.18, -2.13, -2.31, -2.22, -2.13, -2.1, -1.91, -2.04, -2.17, -2.62, -2.7, -3.92, -4.13, -4.97, -5.07, -5.15, -5.2, -2.27, -2.25, -2.23, -2.19, -2.14, -2.06, -2.16, -1.97, -1.86, -1.81, -2.03, -2.21, -2.68, -2.76, -3.98, -4.85, -5.02, -5.15, -5.24, -5.29, -2.29, -2.28, -2.26, -2.23, -2.18, -2.09, -1.95, -1.85, -1.36, -1.72, -2.07, -2.31, -2.79, -2.85, -4.64, -4.89, -5.12, -5.28, -5.37, -5.41, -2.31, -2.3, -2.29, -2.27, -2.24, -2.18, -2.06, -1.87, -1.69, -1.86, -2.19, -2.49, -2.95, -3.15, -4.6, -4.97, -5.28, -5.48, -5.56, -5.56, -2.33, -2.33, -2.33, -2.33, -2.32, -2.3, -2.26, -2.19, -2.13, -2.08, -2.33, -3.14, -3.22, -3.18, -4.63, -5.13, -5.55, -5.78, -5.81, -5.74, -2.35, -2.36, -2.36, -2.38, -2.4, -2.43, -2.48, -2.51, -2.49, -2.41, -2.97, -3.11, -3.19, -4.15, -4.74, -5.39, -6.01, -6.27, -6.13, -5.93, -3.31, -2.38, -2.39, -2.42, -2.46, -2.54, -2.91, -2.84, -2.86, -2.98, -2.86, -3.08, -4.34, -4.47, -4.89, -5.65, -6.64, -7.01, -6.95, -6.74, -3.3, -3.27, -3.24, -3.48, -3.47, -2.76, -2.9, -3.17, -3.48, -2.91, -2.48, -3.95, -4.27, -4.83, -6.17, -6.6, -7.12, -7.31, -7.03, -6.84, -3.29, -3.26, -3.21, -3.15, -3.35, -3.37, -3.53, -2.98, -3.59, -3.03, -3.89, -4.64, -5.6, -5.14, -6.21, -6.5, -6.8, -6.93, -6.87, -6.77, -3.81, -3.75, -3.67, -3.1, -2.95, -3.06, -3.39, -3.76, -3.87, -3.68, -4.42, -5.12, -5.95, -5.34, -6.27, -6.42, -6.6, -6.7, -6.71, -6.68, -3.82, -3.77, -3.68, -3.53, -3.21, -2.27, -3.5, -4.21, -4.29, -4.1, -5.16, -4.95, -5.22, -5.13, -6.28, -6.37, -6.48, -6.56, -6.59, -6.59, -3.85, -3.81, -3.74, -3.65, -3.49, -3.42, -3.93, -4.67, -4.99, -5.66, -5.23, -5.7, -5.76, -4.94, -6.27, -6.34, -6.41, -6.49, -6.49, -6.48, -3.89, -3.86, -3.84, -3.81, -3.83, -4.0, -4.29, -4.66, -4.88, -4.64, -5.74, -5.65, -5.68, -5.16, -5.09, -6.22, -6.24, -6.27, -6.29, -6.31, -3.93, -3.92, -3.92, -3.95, -4.03, -4.21, -4.44, -4.48, -4.57, -4.53, -5.66, -5.57, -5.52, -5.45, -4.89, -5.91, -5.96, -6.03, -6.09, -6.14, -3.97, -3.97, -3.99, -4.03, -4.11, -4.23, -4.33, -4.2, -4.13, -4.04, -3.95, -3.67, -5.27, -5.16, -5.09, -5.56, -5.66, -5.78, -5.89, -5.98, -4.0, -4.01, -2.85, -2.9, -2.98, -3.9, -3.87, -3.79, -3.71, -3.66, -3.44, -3.49, -3.55, -3.94, -3.98, -4.65, -4.74, -4.83, -5.07, -5.16, -2.74, -2.76, -2.77, -2.79, -3.67, -3.59, -3.45, -3.27, -3.17, -3.21, -3.16, -3.33, -3.48, -3.6, -3.59, -3.75, -3.74, -3.72, -3.71, -3.7, -2.7, -2.7, -2.7, -2.68, -3.46, -3.29, -3.02, -2.65, -2.47, -2.4, -2.7, -3.19, -3.42, -3.55, -3.76, -3.76, -3.74, -3.72, -3.71, -3.7, -2.66, -2.65, -2.62, -3.43, -3.29, -3.07, -2.7, -2.1, -1.51, -2.13, -2.53, -2.88, -3.26, -3.5, -3.76, -3.75, -3.74, -3.72, -3.71, -3.69, -2.62, -2.6, -3.13, -3.05, -2.94, -2.76, -2.49, -2.09, -1.81, -2.2, -2.59, -2.89, -3.23, -3.45, -3.75, -3.74, -3.73, -3.72, -3.7, -3.69, -3.22, -3.18, -3.13, -3.06, -2.97, -2.84, -2.66, -2.48, -2.34, -2.53, -2.76, -2.96, -3.25, -3.73, -3.74, -3.75, -3.74, -3.72, -3.7, -3.67, -3.22, -3.19, -3.15, -3.1, -3.04, -2.97, -2.89, -2.4, -2.77, -2.87, -2.99, -3.09, -4.25, -3.73, -3.74, -3.77, -3.78, -3.74, -3.69, -3.66, -3.23, -3.21, -3.19, -2.51, -2.53, -2.56, -2.62, -2.71, -2.81, -2.87, -2.85, -3.5, -3.89, -3.72, -3.74, -3.81, -3.89, -3.77, -3.65, -3.62, -2.51, -2.53, -2.55, -2.58, -2.62, -2.69, -2.8, -2.97, -3.18, -3.28, -3.14, -3.8, -3.9, -3.84, -3.81, -3.79, -4.22, -3.58, -3.54, -3.57, -2.54, -2.56, -2.58, -2.62, -2.68, -2.77, -2.91, -3.14, -3.52, -3.84, -3.38, -3.74, -3.74, -3.83, -3.77, -3.71, -3.44, -3.15, -3.44, -3.53, -2.56, -2.58, -2.61, -2.65, -2.71, -2.8, -2.93, -3.14, -3.49, -3.77, -3.74, -3.61, -3.62, -3.82, -3.75, -3.3, -3.27, -3.22, -3.46, -3.52, -2.57, -2.59, -2.62, -2.66, -2.71, -2.78, -2.88, -3.0, -3.13, -3.14, -3.39, -3.36, -3.44, -2.99, -3.12, -3.2, -3.22, -3.23, -3.23, -3.24, -2.58, -2.6, -2.62, -2.66, -2.69, -2.74, -2.78, -2.81, -2.79, -3.01, -2.89, -2.7, -2.75, -2.77, -3.02, -3.11, -3.16, -3.19, -3.2, -3.21, -2.58, -2.6, -2.62, -2.64, -2.67, -2.69, -2.69, -2.67, -2.56, -2.58, -2.14, -2.47, -2.64, -2.71, -2.94, -3.04, -3.1, -3.14, -3.16, -3.17, -2.58, -2.59, -2.61, -2.62, -2.64, -2.64, -2.63, -2.58, -2.62, -2.39, -2.24, -2.43, -2.59, -2.68, -2.88, -2.98, -3.05, -3.09, -3.12, -3.14, -2.57, -2.59, -2.6, -2.61, -2.61, -2.61, -2.59, -2.54, -2.63, -2.51, -2.46, -2.52, -2.6, -2.67, -2.85, -2.94, -3.01, -3.05, -3.08, -3.11, -2.57, -2.58, -2.59, -2.59, -2.59, -2.58, -2.56, -2.74, -2.67, -2.6, -2.58, -2.59, -2.64, -2.68, -2.84, -2.92, -2.98, -3.02, -3.05, -3.08]}, {"header": {"refTime": "2023-09-24T20:00:00.000Z", "nx": 21, "ny": 33, "lo1": 113.509, "la1": 22.2235, "lo2": 113.5947, "la2": 22.1034, "dx": 0.0042850000000001385, "dy": 0.003753125000000024, "parameterCategory": 2, "parameterCategoryName": "Temperature", "parameterNumber": 3}, "data": [0.73, 0.73, 0.73, 0.89, 0.87, 1.02, 0.98, 0.95, 0.94, 0.91, 0.98, 1.05, 1.49, 1.55, 1.81, 1.89, 2.51, 2.55, 2.57, 2.59, 0.73, 0.73, 0.73, 0.73, 0.88, 0.85, 0.95, 0.87, 0.83, 0.85, 0.98, 1.08, 1.53, 1.59, 1.84, 2.47, 2.53, 2.57, 2.6, 2.62, 0.73, 0.73, 0.73, 0.73, 0.89, 0.86, 0.8, 0.81, 0.59, 0.8, 1.0, 1.14, 1.59, 1.64, 2.39, 2.48, 2.55, 2.61, 2.64, 2.65, 0.73, 0.73, 0.74, 0.74, 0.74, 0.89, 0.85, 0.77, 0.7, 0.88, 1.07, 1.25, 1.67, 1.78, 2.37, 2.5, 2.6, 2.66, 2.69, 2.69, 0.72, 0.73, 0.74, 0.75, 0.76, 0.94, 0.92, 0.89, 0.87, 1.0, 1.15, 1.75, 1.75, 1.79, 2.39, 2.55, 2.68, 2.75, 2.76, 2.75, 0.72, 0.72, 0.73, 0.75, 0.77, 0.8, 1.0, 1.01, 1.01, 0.99, 1.67, 1.76, 1.79, 2.03, 2.44, 2.64, 2.81, 2.89, 2.85, 2.8, 0.84, 0.72, 0.72, 0.74, 0.76, 0.82, 1.02, 1.13, 1.14, 1.44, 1.47, 1.82, 2.18, 2.14, 2.53, 2.73, 2.99, 3.09, 2.86, 2.74, 0.83, 0.82, 0.82, 0.9, 0.91, 0.89, 0.99, 1.16, 1.42, 1.38, 1.2, 2.08, 2.23, 2.21, 2.63, 2.8, 3.02, 3.1, 2.98, 2.9, 0.81, 0.8, 0.79, 0.77, 0.83, 0.86, 0.97, 1.05, 1.27, 1.47, 1.71, 2.01, 2.09, 2.06, 2.57, 2.73, 2.87, 2.93, 2.91, 2.87, 0.77, 0.75, 0.73, 0.72, 0.66, 0.69, 0.83, 1.0, 1.24, 1.21, 1.84, 1.97, 2.04, 2.02, 2.54, 2.66, 2.77, 2.82, 2.83, 2.82, 0.78, 0.76, 0.73, 0.69, 0.6, 0.33, 0.69, 0.89, 1.08, 1.23, 1.48, 1.94, 1.98, 1.99, 2.54, 2.63, 2.7, 2.75, 2.77, 2.78, 0.78, 0.77, 0.75, 0.72, 0.68, 0.66, 0.81, 1.02, 1.12, 1.37, 1.46, 1.97, 2.02, 1.96, 2.55, 2.61, 2.67, 2.08, 2.09, 2.09, 0.79, 0.79, 0.78, 0.77, 0.78, 0.82, 0.91, 1.02, 1.08, 1.01, 1.42, 1.92, 1.98, 1.69, 1.64, 1.83, 1.87, 1.91, 1.94, 1.96, 0.8, 0.8, 0.8, 0.81, 0.83, 0.88, 0.94, 0.96, 0.99, 0.98, 1.39, 1.24, 1.2, 1.16, 1.46, 1.63, 1.68, 1.74, 1.79, 1.84, 0.82, 0.82, 0.82, 0.83, 0.85, 0.89, 0.92, 1.12, 1.16, 1.18, 1.19, 0.93, 1.07, 1.01, 0.97, 1.4, 1.48, 1.57, 1.65, 1.72, 0.82, 0.83, 0.84, 0.86, 0.87, 1.14, 1.14, 1.16, 1.18, 1.19, 0.98, 0.89, 0.79, 0.85, 0.8, 1.15, 1.29, 1.42, 1.84, 1.96, 0.85, 0.86, 0.87, 0.89, 1.16, 1.17, 1.18, 1.19, 1.21, 1.21, 0.97, 0.86, 0.73, 0.58, 0.72, 0.63, 0.76, 0.86, 0.93, 0.97, 0.87, 0.88, 0.9, 0.92, 1.18, 1.19, 1.21, 1.23, 1.25, 1.03, 0.92, 0.86, 0.7, 0.71, 0.33, 0.59, 0.78, 0.9, 0.96, 1.0, 0.89, 0.9, 0.92, 1.19, 1.19, 1.21, 1.23, 1.27, 1.25, 1.09, 0.69, 0.54, 1.08, 0.88, 0.57, 0.71, 0.87, 0.97, 1.02, 1.05, 0.9, 0.91, 0.72, 0.74, 0.77, 0.82, 0.89, 1.02, 1.02, 0.83, 0.64, 0.52, 1.23, 1.16, 0.83, 0.91, 1.01, 1.08, 1.1, 1.1, 0.66, 0.67, 0.68, 0.69, 0.71, 0.74, 0.78, 0.84, 0.74, 0.65, 0.54, 0.46, 1.39, 0.98, 1.04, 1.12, 1.19, 1.21, 1.19, 1.16, 0.64, 0.64, 0.64, 0.64, 0.64, 0.64, 0.65, 0.58, 0.5, 0.45, 0.4, 0.37, 0.96, 1.11, 1.2, 1.32, 1.4, 1.36, 1.27, 1.2, 0.61, 0.6, 0.59, 0.49, 0.48, 0.47, 0.44, 0.39, 0.34, 0.3, 0.3, 1.03, 0.79, 1.2, 1.32, 1.51, 1.72, 1.52, 1.29, 1.2, 0.48, 0.47, 0.46, 0.45, 0.42, 0.39, 0.33, 0.24, 0.12, 0.07, 0.14, 0.7, 0.74, 0.97, 1.2, 1.55, 2.35, 1.32, 1.18, 1.16, 0.46, 0.45, 0.43, 0.41, 0.38, 0.33, 0.26, 0.13, -0.06, -0.23, 0.0, 0.6, 0.94, 0.91, 1.11, 1.25, 1.09, 0.65, 1.03, 1.11, 0.44, 0.43, 0.41, 0.39, 0.35, 0.3, 0.23, 0.12, -0.06, -0.2, 0.25, 0.58, 0.88, 0.85, 1.0, 1.22, 1.1, 1.0, 1.04, 1.09, 0.43, 0.42, 0.4, 0.37, 0.34, 0.3, 0.25, 0.18, 0.11, 0.09, 0.43, 0.62, 0.84, 1.11, 1.16, 1.16, 1.13, 1.1, 1.11, 1.14, 0.42, 0.41, 0.39, 0.37, 0.35, 0.32, 0.28, 0.26, 0.26, 0.49, 0.56, 0.14, 0.07, 0.01, 1.11, 1.13, 1.13, 1.12, 1.13, 1.14, 0.42, 0.4, 0.39, 0.37, 0.35, 0.33, 0.32, 0.32, 0.35, 0.58, 0.46, 0.26, 0.13, 0.05, 1.07, 1.1, 1.11, 1.12, 1.13, 1.14, 0.41, 0.4, 0.39, 0.38, 0.36, 0.35, 0.35, 0.36, 0.19, 0.32, 0.4, 0.27, 0.16, 0.08, 1.04, 1.08, 1.1, 1.11, 1.12, 1.13, 0.41, 0.4, 0.39, 0.38, 0.37, 0.37, 0.37, 0.38, 0.18, 0.24, 0.26, 0.22, 0.15, 0.08, 1.03, 1.06, 1.09, 1.1, 1.12, 1.13, 0.41, 0.4, 0.4, 0.39, 0.38, 0.38, 0.38, 0.11, 0.15, 0.18, 0.19, 0.16, 0.12, 0.08, 1.02, 1.05, 1.08, 1.1, 1.11, 1.12]}, {"header": {"refTime": "2023-09-24T20:00:00.000Z", "nx": 21, "ny": 33, "lo1": 113.509, "la1": 22.2235, "lo2": 113.5947, "la2": 22.1034, "dx": 0.0042850000000001385, "dy": 0.003753125000000024, "parameterCategory": 0, "parameterCategoryName": "Temperature", "parameterNumber": 0}, "data": [[29.37, 29.38, 29.38, 29.18, 29.19, 29.4, 29.41, 29.42, 29.43, 29.35, 29.33, 29.32, 29.45, 29.45, 29.36, 29.34, 29.27, 29.26, 29.25, 29.24], [29.37, 29.37, 29.38, 29.38, 29.19, 29.22, 29.41, 29.43, 29.44, 29.37, 29.34, 29.32, 29.45, 29.45, 29.36, 29.28, 29.26, 29.25, 29.24, 29.23], [29.37, 29.37, 29.37, 29.37, 29.18, 29.21, 29.25, 29.44, 29.49, 29.39, 29.34, 29.33, 29.45, 29.45, 29.31, 29.28, 29.25, 29.24, 29.23, 29.22], [29.37, 29.37, 29.37, 29.37, 29.37, 29.19, 29.22, 29.28, 29.33, 29.35, 29.32, 29.33, 29.46, 29.3, 29.31, 29.27, 29.24, 29.22, 29.21, 29.21], [29.37, 29.37, 29.37, 29.36, 29.36, 29.16, 29.17, 29.19, 29.19, 29.27, 29.27, 29.3, 29.42, 29.32, 29.31, 29.25, 29.21, 29.19, 29.18, 29.19], [29.37, 29.37, 29.37, 29.36, 29.35, 29.34, 29.13, 29.12, 29.09, 29.05, 29.14, 29.25, 29.34, 29.43, 29.29, 29.23, 29.16, 29.14, 29.15, 29.17], [29.32, 29.37, 29.37, 29.36, 29.35, 29.33, 29.1, 29.08, 29.05, 28.95, 28.93, 29.15, 29.39, 29.4, 29.27, 29.2, 29.1, 29.07, 29.09, 29.12], [29.33, 29.33, 29.33, 29.33, 29.32, 29.16, 29.12, 29.09, 29.07, 28.93, 28.8, 29.12, 29.12, 29.4, 29.11, 29.14, 29.08, 29.05, 29.09, 29.12], [29.27, 29.28, 29.35, 29.35, 29.36, 29.34, 29.29, 29.11, 28.97, 28.97, 28.93, 29.02, 29.06, 29.0, 29.12, 29.16, 29.12, 29.1, 29.11, 29.13], [29.5, 29.5, 29.5, 29.31, 29.34, 29.41, 29.36, 29.29, 28.87, 28.89, 29.06, 28.96, 29.0, 28.98, 29.12, 29.17, 29.14, 29.13, 29.13, 29.14], [29.5, 29.5, 29.5, 29.5, 29.5, 29.5, 29.5, 29.5, 29.36, 28.96, 28.7, 28.93, 28.96, 28.96, 29.12, 29.18, 29.16, 29.15, 29.15, 29.15], [29.5, 29.5, 29.5, 29.5, 29.5, 29.5, 29.5, 29.5, 29.5, -999.0, 28.7, 29.3, 29.3, 28.94, 29.11, 29.19, 29.18, 28.37, 28.39, 28.39], [29.5, 29.5, 29.5, 29.5, 29.5, 29.5, 29.5, 29.5, 29.5, 29.5, -999.0, 29.3, 29.3, 28.39, 28.79, 28.6, 28.61, 28.47, 28.49, 28.5], [29.5, 29.5, 29.5, 29.5, 29.5, 29.5, 29.5, 29.5, 29.5, 29.5, -999.0, 27.9, 27.9, 27.9, 28.67, 28.51, 28.53, 28.39, 28.42, 28.44], [29.5, 29.5, 29.5, 29.5, 29.5, 29.5, 29.5, 29.2, 29.2, 29.2, 29.2, 28.7, 27.9, 27.9, 27.9, 28.4, 28.44, 28.31, 28.35, 28.38], [29.5, 29.5, 29.31, 29.31, 29.3, 29.2, 29.2, 29.2, 29.2, 29.2, 28.38, 28.47, 28.35, 28.24, 28.36, 28.27, 28.32, 28.22, 28.46, 28.5], [29.31, 29.31, 29.39, 29.39, 29.2, 29.2, 29.2, 29.2, 29.2, 29.2, 28.64, 28.48, 28.31, 28.15, 28.17, 28.11, 28.19, 28.24, 28.29, 28.31], [29.39, 29.39, 29.38, 29.38, 29.2, 29.2, 29.2, 29.2, 29.2, 28.87, 28.7, 28.5, 28.3, 28.18, 27.94, 28.09, 28.19, 28.26, 28.31, 28.33], [29.39, 29.38, 29.38, 29.2, 29.2, 29.2, 29.2, 29.2, 29.08, 28.95, 28.77, 28.61, 28.44, 28.27, 28.07, 28.15, 28.24, 28.3, 28.34, 28.36], [29.38, 29.38, 29.03, 29.04, 29.05, 29.06, 29.09, 29.15, 29.04, 28.92, 28.78, 28.64, 28.51, 28.41, 28.22, 28.26, 28.32, 28.36, 28.38, 28.39], [29.02, 29.02, 29.03, 29.08, 29.08, 29.09, 29.1, 29.11, 28.93, 28.87, 28.78, 28.68, 28.58, 28.3, 28.33, 28.37, 28.4, 28.42, 28.43, 28.42], [29.06, 29.06, 29.06, 29.07, 29.07, 29.07, 29.07, 29.17, 28.87, 28.83, 28.77, 28.7, 28.55, 28.37, 28.41, 28.46, 28.49, 28.49, 28.47, 28.46], [29.05, 29.05, 29.05, 29.19, 29.18, 29.17, 29.16, 29.15, 29.13, 29.13, 29.14, 28.99, 28.72, 28.42, 28.47, 28.53, 28.6, 28.56, 28.51, 28.48], [29.21, 29.21, 29.2, 29.19, 29.19, 29.17, 29.15, 29.13, 29.09, 29.08, 29.11, 29.07, 28.73, 28.7, 28.68, 28.57, 28.74, 28.56, 28.51, 28.48], [29.21, 29.21, 29.2, 29.2, 29.19, 29.18, 29.15, 29.12, 29.05, 28.99, 29.08, 29.09, 29.1, 28.7, 28.67, 28.64, 28.51, 28.45, 28.49, 28.48], [29.22, 29.21, 29.21, 29.21, 29.2, 29.19, 29.17, 29.13, 29.07, 29.01, 29.08, 29.12, 29.13, 28.7, 28.67, 28.74, 28.67, 28.63, 28.48, 28.47], [29.22, 29.22, 29.22, 29.21, 29.21, 29.2, 29.2, 29.18, 29.16, 29.17, 29.18, 29.19, 29.18, 28.96, 28.87, 28.79, 28.74, 28.71, 28.72, 28.73], [29.23, 29.23, 29.23, 29.23, 29.23, 29.23, 29.23, 29.24, 29.27, 29.29, 29.33, 29.2, 29.11, 29.01, 28.92, 28.85, 28.8, 28.77, 28.76, 28.77], [29.23, 29.23, 29.23, 29.24, 29.24, 29.25, 29.26, 29.29, 29.34, 29.41, 29.49, 29.3, 29.17, 29.06, 28.97, 28.9, 28.85, 28.82, 28.8, 28.8], [29.24, 29.24, 29.24, 29.25, 29.25, 29.26, 29.28, 29.31, 29.26, 29.36, 29.43, 29.31, 29.19, 29.09, 29.01, 28.94, 28.89, 28.86, 28.84, 28.83], [29.24, 29.24, 29.25, 29.25, 29.26, 29.27, 29.29, 29.32, 29.23, 29.29, 29.3, 29.25, 29.17, 29.09, 29.03, 28.97, 28.92, 28.89, 28.87, 28.86], [29.24, 29.25, 29.25, 29.26, 29.27, 29.28, 29.3, 29.17, 29.2, 29.22, 29.22, 29.19, 29.14, 29.09, 29.03, 28.98, 28.94, 28.91, 28.89, 28.88]]}]