awsData/contour/wdir_2023092414.json
[{"header": {"refTime": "2023-09-24T14:00:00.000Z", "nx": 21, "ny": 33, "lo1": 113.509, "la1": 22.2235, "lo2": 113.5947, "la2": 22.1034, "dx": 0.0042850000000001385, "dy": 0.003753125000000024, "parameterCategory": 2, "parameterCategoryName": "Temperature", "parameterNumber": 2}, "data": [-2.94, -2.95, -2.95, -2.66, -2.68, -3.17, -3.17, -3.16, -3.16, -2.94, -2.95, -2.97, -3.25, -3.26, -3.71, -3.75, -3.72, -3.74, -3.75, -3.76, -2.94, -2.94, -2.95, -2.95, -2.68, -2.7, -3.15, -3.13, -3.12, -2.95, -2.96, -3.0, -3.28, -3.29, -3.73, -3.71, -3.74, -3.76, -3.78, -3.78, -2.94, -2.94, -2.94, -2.95, -2.68, -2.7, -2.74, -3.1, -3.03, -2.95, -2.97, -3.04, -3.33, -3.33, -3.69, -3.73, -3.76, -3.79, -3.81, -3.81, -2.94, -2.94, -2.94, -2.95, -2.95, -2.69, -2.72, -2.77, -2.82, -2.92, -2.98, -3.12, -3.42, -3.12, -3.69, -3.74, -3.8, -3.84, -3.85, -3.84, -2.93, -2.93, -2.94, -2.94, -2.95, -2.67, -2.68, -2.69, -2.67, -2.83, -2.93, -3.16, -3.5, -3.2, -3.69, -3.77, -3.86, -3.91, -3.91, -3.89, -2.93, -2.93, -2.93, -2.93, -2.94, -2.95, -2.66, -2.65, -2.6, -2.48, -2.7, -2.98, -3.26, -3.7, -3.68, -3.81, -3.96, -4.02, -3.99, -3.93, -4.17, -2.92, -2.93, -2.93, -2.93, -2.94, -2.62, -2.68, -2.63, -2.35, -2.22, -2.68, -3.56, -3.67, -3.65, -3.85, -4.11, -4.21, -4.36, -4.35, -4.19, -4.14, -4.07, -4.01, -3.96, -2.63, -2.65, -2.73, -2.83, -2.3, -1.91, -2.87, -3.08, -3.72, -3.98, -4.1, -4.24, -4.29, -4.22, -4.17, -4.22, -4.17, -4.09, -3.99, -3.9, -3.88, -3.92, -2.66, -3.41, -2.39, -2.78, -3.27, -3.85, -3.58, -4.03, -4.09, -4.16, -4.2, -4.18, -4.15, -5.47, -5.37, -5.23, -4.0, -3.79, -3.68, -3.99, -4.32, -4.09, -3.83, -3.12, -3.55, -4.05, -3.69, -4.08, -4.09, -4.12, -4.14, -4.14, -4.13, -5.5, -5.41, -5.27, -5.02, -4.49, -2.96, -4.9, -5.91, -5.25, -4.62, -4.72, -3.45, -3.61, -3.56, -4.09, -4.08, -4.1, -4.11, -4.11, -4.11, -5.55, -5.49, -5.39, -5.24, -4.99, -4.86, -5.63, -6.52, -6.86, -6.86, -5.09, -5.04, -4.85, -3.44, -4.08, -4.08, -4.08, -4.63, -4.62, -4.62, -5.62, -5.59, -5.56, -5.54, -5.61, -5.95, -6.48, -6.68, -6.81, -6.55, -6.66, -5.21, -5.01, -4.19, -4.2, -4.67, -4.66, -4.65, -4.64, -4.63, -5.69, -5.7, -5.72, -5.79, -5.97, -6.4, -7.09, -6.67, -6.58, -6.48, -6.72, -5.8, -5.62, -5.5, -4.27, -4.68, -4.67, -4.66, -4.66, -4.65, -5.76, -5.78, -5.83, -5.93, -6.1, -6.36, -6.57, -5.67, -5.31, -5.0, -4.76, -3.85, -5.56, -5.43, -5.36, -4.7, -4.69, -4.68, -4.67, -4.66, -5.81, -5.85, -3.4, -3.53, -3.68, -4.98, -4.9, -4.63, -4.33, -4.15, -3.31, -3.52, -3.74, -3.43, -3.63, -4.57, -4.53, -4.49, -4.35, -4.33, -3.12, -3.14, -3.17, -3.18, -4.34, -4.15, -3.79, -3.32, -3.02, -3.08, -2.74, -3.21, -3.65, -4.05, -3.88, -4.51, -4.42, -4.34, -4.29, -4.26, -2.98, -2.96, -2.92, -2.83, -3.79, -3.38, -2.71, -1.8, -1.33, -1.45, -2.22, -2.92, -3.55, -3.81, -4.65, -4.54, -4.41, -4.32, -4.27, -4.23, -2.85, -2.79, -2.7, -3.7, -3.36, -2.81, -1.92, -0.45, 0.91, -0.71, -1.44, -2.3, -2.8, -3.52, -4.56, -4.46, -4.35, -4.27, -4.23, -4.2, -2.73, -2.65, -3.13, -2.93, -2.63, -2.17, -1.48, -0.49, 0.31, -0.62, -1.56, -2.3, -2.59, -3.11, -4.38, -4.33, -4.26, -4.2, -4.18, -4.16, -3.32, -3.22, -3.09, -2.9, -2.65, -2.31, -1.86, -1.4, -0.92, -1.35, -1.93, -2.43, -2.45, -4.27, -4.25, -4.2, -4.15, -4.12, -4.12, -4.12, -3.29, -3.21, -3.1, -2.95, -2.78, -2.57, -2.36, -1.27, -1.87, -2.12, -2.41, -2.67, -4.49, -4.19, -4.14, -4.08, -4.04, -4.04, -4.06, -4.08, -3.29, -3.22, -3.14, -1.65, -1.68, -1.72, -1.82, -1.98, -2.19, -2.34, -2.33, -2.7, -4.32, -4.12, -4.07, -3.99, -3.92, -3.95, -4.02, -4.05, -1.73, -1.75, -1.78, -1.83, -1.91, -2.04, -2.25, -2.58, -3.0, -3.21, -2.97, -3.88, -4.35, -4.21, -4.09, -3.95, -3.76, -3.95, -4.01, -4.04, -1.81, -1.84, -1.9, -1.97, -2.09, -2.27, -2.54, -2.98, -3.7, -4.28, -3.47, -3.87, -3.68, -4.23, -4.12, -4.03, -3.99, -4.06, -4.03, -4.04, -1.87, -1.92, -1.99, -2.08, -2.21, -2.39, -2.66, -3.06, -3.7, -4.2, -4.06, -3.73, -3.57, -4.26, -4.16, -3.59, -3.71, -3.76, -4.04, -4.05, -1.92, -1.98, -2.05, -2.14, -2.26, -2.42, -2.63, -2.88, -3.15, -3.21, -3.57, -3.42, -3.39, -3.14, -3.32, -3.47, -3.58, -3.62, -3.62, -3.59, -1.96, -2.02, -2.09, -2.17, -2.27, -2.39, -2.53, -2.64, -2.68, -3.09, -2.91, -3.11, -3.3, -3.45, -3.21, -3.36, -3.46, -3.51, -3.53, -3.52, -1.99, -2.04, -2.11, -2.18, -2.26, -2.34, -2.42, -2.45, -2.39, -2.54, -2.15, -2.74, -3.1, -3.32, -3.1, -3.25, -3.35, -3.41, -3.45, -3.45, -2.01, -2.06, -2.11, -2.17, -2.23, -2.29, -2.33, -2.33, -2.95, -2.57, -2.33, -2.7, -3.03, -3.25, -3.03, -3.17, -3.27, -3.33, -3.37, -3.39, -2.02, -2.06, -2.11, -2.16, -2.2, -2.25, -2.27, -2.27, -3.0, -2.81, -2.73, -2.86, -3.06, -3.23, -2.99, -3.11, -3.2, -3.27, -3.31, -3.34, -2.03, -2.06, -2.1, -2.14, -2.18, -2.21, -2.22, -3.2, -3.08, -2.99, -2.96, -3.02, -3.13, -3.25, -2.97, -3.07, -3.16, -3.22, -3.27, -3.3]}, {"header": {"refTime": "2023-09-24T14:00:00.000Z", "nx": 21, "ny": 33, "lo1": 113.509, "la1": 22.2235, "lo2": 113.5947, "la2": 22.1034, "dx": 0.0042850000000001385, "dy": 0.003753125000000024, "parameterCategory": 2, "parameterCategoryName": "Temperature", "parameterNumber": 3}, "data": [0.26, 0.25, 0.24, 0.21, 0.2, 0.18, 0.17, 0.16, 0.16, 0.28, 0.32, 0.36, 0.43, 0.45, 0.27, 0.26, 0.47, 0.45, 0.44, 0.44, 0.27, 0.26, 0.24, 0.23, 0.2, 0.19, 0.15, 0.13, 0.12, 0.23, 0.31, 0.37, 0.45, 0.47, 0.28, 0.48, 0.46, 0.44, 0.43, 0.42, 0.27, 0.26, 0.25, 0.24, 0.21, 0.19, 0.16, 0.1, 0.03, 0.2, 0.32, 0.4, 0.48, 0.5, 0.5, 0.47, 0.44, 0.42, 0.41, 0.41, 0.28, 0.28, 0.27, 0.25, 0.23, 0.2, 0.18, 0.14, 0.11, 0.26, 0.37, 0.45, 0.52, 0.65, 0.5, 0.46, 0.42, 0.4, 0.39, 0.39, 0.3, 0.29, 0.28, 0.27, 0.25, 0.22, 0.21, 0.2, 0.2, 0.36, 0.43, 0.64, 0.62, 0.65, 0.5, 0.44, 0.38, 0.35, 0.35, 0.36, 0.31, 0.31, 0.3, 0.29, 0.28, 0.26, 0.23, 0.24, 0.26, 0.31, 0.67, 0.66, 0.64, 0.55, 0.49, 0.41, 0.32, 0.29, 0.31, 0.34, 0.73, 0.33, 0.33, 0.32, 0.31, 0.29, 0.42, 0.24, 0.27, 0.51, 0.59, 0.69, 0.57, 0.54, 0.49, 0.38, 0.23, 0.18, 0.16, 0.18, 0.75, 0.74, 0.72, 0.61, 0.59, 0.47, 0.42, 0.32, 0.25, 0.51, 0.62, 0.63, 0.61, 0.5, 0.33, 0.26, 0.17, 0.14, 0.19, 0.22, 0.76, 0.76, 0.75, 0.73, 0.63, 0.61, 0.56, 0.39, 0.44, 0.5, 0.55, 0.5, 0.36, 0.42, 0.31, 0.27, 0.22, 0.2, 0.21, 0.23, 1.02, 1.01, 0.99, 0.76, 0.74, 0.66, 0.64, 0.61, 0.58, 0.6, 0.49, 0.41, 0.29, 0.38, 0.3, 0.28, 0.26, 0.24, 0.24, 0.24, 1.03, 1.02, 1.0, 0.97, 0.9, 0.72, 0.94, 1.02, 0.75, 0.69, 0.57, 0.43, 0.39, 0.41, 0.3, 0.29, 0.27, 0.26, 0.26, 0.26, 1.03, 1.03, 1.02, 1.0, 0.97, 0.95, 1.03, 1.06, 1.06, 0.93, 0.63, 0.58, 0.53, 0.44, 0.3, 0.29, 0.28, -0.24, -0.25, -0.25, 1.04, 1.04, 1.04, 1.04, 1.06, 1.12, 1.19, 1.12, 1.08, 1.08, 0.87, 0.63, 0.58, -0.05, -0.08, -0.32, -0.32, -0.31, -0.31, -0.3, 1.05, 1.06, 1.06, 1.08, 1.12, 1.2, 1.35, 1.19, 1.12, 1.1, 0.91, 0.1, -0.02, -0.11, -0.22, -0.42, -0.4, -0.39, -0.37, -0.35, 1.06, 1.07, 1.08, 1.1, 1.13, 1.18, 1.21, 1.32, 1.29, 1.28, 1.28, 0.39, -0.14, -0.25, -0.32, -0.53, -0.5, -0.46, -0.43, -0.4, 1.07, 1.08, 1.2, 1.21, 1.23, 1.33, 1.33, 1.33, 1.32, 1.31, 0.52, 0.32, 0.08, -0.33, -0.42, -0.18, -0.03, 0.12, 0.24, 0.34, 1.2, 1.2, 1.21, 1.23, 1.33, 1.34, 1.34, 1.35, 1.35, 1.34, 0.53, 0.27, -0.04, -0.38, -0.37, -0.62, -0.45, -0.32, -0.23, -0.17, 1.21, 1.22, 1.23, 1.24, 1.34, 1.35, 1.36, 1.37, 1.38, 0.92, 0.66, 0.27, -0.1, -0.36, -0.99, -0.67, -0.43, -0.27, -0.18, -0.13, 1.22, 1.23, 1.24, 1.34, 1.35, 1.36, 1.37, 1.4, 1.33, 1.02, 0.33, -0.01, 0.28, -0.1, -0.7, -0.52, -0.31, -0.18, -0.1, -0.07, 1.22, 1.23, 0.88, 0.89, 0.92, 0.96, 1.03, 1.15, 0.98, 0.65, 0.3, 0.01, 0.51, 0.32, -0.36, -0.25, -0.12, -0.03, -0.0, 0.0, 0.81, 0.82, 0.82, 0.83, 0.84, 0.86, 0.9, 0.95, 0.56, 0.41, 0.19, -0.0, 0.73, -0.16, -0.09, 0.02, 0.11, 0.14, 0.11, 0.07, 0.78, 0.77, 0.77, 0.76, 0.75, 0.74, 0.74, 0.36, 0.26, 0.17, 0.05, -0.06, 0.27, 0.01, 0.13, 0.28, 0.39, 0.34, 0.22, 0.13, 0.74, 0.72, 0.71, 0.16, 0.16, 0.16, 0.15, 0.11, 0.06, 0.01, -0.01, 0.86, 0.12, 0.13, 0.28, 0.53, 0.81, 0.55, 0.25, 0.13, 0.09, 0.09, 0.09, 0.08, 0.07, 0.04, -0.01, -0.08, -0.18, -0.24, -0.2, 0.18, 0.08, 0.23, 0.4, 0.59, 1.63, 0.28, 0.1, 0.08, 0.06, 0.05, 0.04, 0.02, -0.01, -0.06, -0.12, -0.22, -0.37, -0.48, -0.35, 0.07, 0.37, 0.17, 0.29, 0.36, -0.02, -0.58, -0.09, 0.01, 0.02, 0.01, -0.01, -0.04, -0.07, -0.12, -0.19, -0.29, -0.41, -0.5, -0.24, -0.0, 0.26, 0.11, 0.18, 0.16, -0.0, -0.13, -0.08, -0.01, -0.01, -0.03, -0.05, -0.08, -0.12, -0.17, -0.23, -0.31, -0.38, -0.42, -0.22, -0.06, 0.16, 0.02, 0.08, 0.08, 0.03, -0.0, 0.01, 0.05, -0.03, -0.05, -0.08, -0.11, -0.15, -0.2, -0.26, -0.33, -0.39, -0.32, -0.31, -0.84, -0.92, -1.01, 0.01, 0.03, 0.03, 0.03, 0.03, 0.05, -0.05, -0.08, -0.1, -0.14, -0.18, -0.22, -0.28, -0.34, -0.42, -0.42, -0.72, -0.81, -0.9, -0.98, -0.05, -0.0, 0.02, 0.03, 0.04, 0.05, -0.07, -0.09, -0.12, -0.15, -0.19, -0.23, -0.28, -0.34, -0.81, -0.77, -0.75, -0.81, -0.89, -0.97, -0.08, -0.03, -0.0, 0.02, 0.03, 0.04, -0.08, -0.11, -0.13, -0.16, -0.2, -0.24, -0.28, -0.33, -0.83, -0.81, -0.81, -0.85, -0.9, -0.96, -0.1, -0.05, -0.02, 0.0, 0.02, 0.03, -0.09, -0.11, -0.14, -0.17, -0.2, -0.23, -0.27, -0.86, -0.85, -0.85, -0.86, -0.88, -0.92, -0.96, -0.1, -0.06, -0.03, -0.01, 0.01, 0.03]}, {"header": {"refTime": "2023-09-24T14:00:00.000Z", "nx": 21, "ny": 33, "lo1": 113.509, "la1": 22.2235, "lo2": 113.5947, "la2": 22.1034, "dx": 0.0042850000000001385, "dy": 0.003753125000000024, "parameterCategory": 0, "parameterCategoryName": "Temperature", "parameterNumber": 0}, "data": [[30.95, 30.96, 30.97, 31.03, 31.04, 31.21, 31.22, 31.22, 31.23, 31.29, 31.31, 31.33, 31.57, 31.59, 31.29, 31.27, 31.43, 31.41, 31.4, 31.39], [30.95, 30.96, 30.96, 30.98, 31.04, 31.05, 31.21, 31.22, 31.22, 31.28, 31.31, 31.35, 31.58, 31.6, 31.3, 31.46, 31.42, 31.39, 31.37, 31.36], [30.94, 30.95, 30.96, 30.97, 31.03, 31.04, 31.07, 31.21, 31.2, 31.26, 31.32, 31.37, 31.61, 31.62, 31.5, 31.45, 31.4, 31.36, 31.35, 31.34], [30.94, 30.94, 30.95, 30.96, 30.97, 31.03, 31.05, 31.08, 31.11, 31.28, 31.34, 31.42, 31.64, 31.61, 31.5, 31.43, 31.36, 31.32, 31.3, 31.3], [30.93, 30.93, 30.94, 30.94, 30.95, 31.01, 31.02, 31.03, 31.04, 31.28, 31.35, 31.6, 31.66, 31.62, 31.5, 31.39, 31.3, 31.25, 31.25, 31.26], [30.92, 30.92, 30.92, 30.92, 30.93, 30.93, 30.98, 30.98, 30.98, 30.99, 31.49, 31.58, 31.64, 31.77, 31.48, 31.34, 31.2, 31.14, 31.17, 31.22], [30.8, 30.91, 30.91, 30.91, 30.91, 30.9, 30.85, 30.92, 30.92, 31.11, 31.19, 31.55, 31.81, 31.8, 31.47, 31.29, 31.06, 30.97, 30.97, 31.02], [30.8, 30.8, 30.8, 30.8, 30.8, 30.85, 30.85, 30.84, 30.89, 31.08, 31.09, 31.62, 31.63, 31.8, 31.21, 31.33, 31.09, 31.0, 31.14, 31.23], [30.8, 30.8, 30.8, 30.8, 30.8, 30.8, 30.8, 30.84, 30.86, 31.12, 31.35, 31.48, 31.54, 31.46, 31.24, 31.37, 31.23, 31.17, 31.21, 31.26], [30.8, 30.8, 30.8, 30.8, 30.8, 30.8, 30.8, 30.8, 30.91, 30.9, 31.55, 31.4, 31.44, 31.42, 31.24, 31.42, 31.33, 31.28, 31.28, 31.3], [30.8, 30.8, 30.8, 30.8, 30.8, 30.8, 30.8, 30.8, 30.8, 30.87, 31.0, 31.34, 31.38, 31.39, 31.23, 31.46, 31.39, 31.35, 31.34, 31.35], [30.8, 30.8, 30.8, 30.8, 30.8, 30.8, 30.8, 30.8, 30.8, -999.0, 31.0, 31.9, 31.9, 31.36, 31.22, 31.49, 31.45, 30.17, 30.19, 30.19], [30.8, 30.8, 30.8, 30.8, 30.8, 30.8, 30.8, 30.8, 30.8, 30.8, -999.0, 31.9, 31.9, 30.46, 31.1, 30.4, 30.41, 30.27, 30.29, 30.3], [30.8, 30.8, 30.8, 30.8, 30.8, 30.8, 30.8, 30.8, 30.8, 30.8, -999.0, 29.7, 29.7, 29.7, 30.91, 30.31, 30.33, 30.19, 30.22, 30.24], [30.8, 30.8, 30.8, 30.8, 30.8, 30.8, 30.8, 31.4, 31.4, 31.4, 31.4, 30.75, 29.7, 29.7, 29.7, 30.2, 30.24, 30.11, 30.15, 30.18], [30.8, 30.8, 31.18, 31.18, 31.2, 31.4, 31.4, 31.4, 31.4, 31.4, 30.33, 30.45, 30.29, 30.15, 30.31, 29.85, 29.87, 29.83, 30.09, 30.12], [31.19, 31.19, 31.01, 31.02, 31.4, 31.4, 31.4, 31.4, 31.4, 31.4, 30.67, 30.46, 30.24, 30.03, 29.95, 29.92, 29.99, 30.06, 30.1, 30.13], [31.01, 31.02, 31.03, 31.05, 31.4, 31.4, 31.4, 31.4, 31.4, 30.97, 30.74, 30.48, 30.22, 29.97, 29.74, 29.89, 30.0, 30.07, 30.12, 30.15], [31.03, 31.04, 31.05, 31.4, 31.4, 31.4, 31.4, 31.4, 31.25, 31.07, 30.87, 30.66, 30.24, 30.04, 29.88, 29.95, 30.04, 30.11, 30.15, 30.18], [31.03, 31.04, 31.29, 31.29, 31.3, 31.31, 31.33, 31.37, 31.22, 31.07, 30.9, 30.72, 30.3, 30.16, 30.02, 30.06, 30.12, 30.16, 30.19, 30.21], [31.28, 31.28, 31.28, 31.32, 31.32, 31.33, 31.33, 31.34, 31.09, 31.02, 30.9, 30.77, 30.34, 30.1, 30.12, 30.15, 30.19, 30.22, 30.24, 30.25], [31.31, 31.31, 31.31, 31.31, 31.31, 31.31, 31.32, 31.4, 31.03, 30.99, 30.91, 30.82, 30.32, 30.17, 30.2, 30.23, 30.25, 30.28, 30.29, 30.29], [31.3, 31.3, 31.3, 31.43, 31.42, 31.41, 31.4, 31.39, 31.38, 31.38, 31.39, 30.97, 30.71, 30.22, 30.25, 30.27, 30.28, 30.32, 30.34, 30.32], [31.44, 31.44, 31.44, 31.43, 31.42, 31.41, 31.4, 31.38, 31.35, 31.34, 31.37, 31.08, 30.73, 30.65, 30.56, 30.31, 30.23, 30.42, 30.4, 30.36], [31.45, 31.45, 31.44, 31.44, 31.43, 31.42, 31.4, 31.37, 31.32, 31.27, 31.35, 31.13, 31.04, 30.66, 30.59, 30.53, 30.46, 30.56, 30.43, 30.38], [31.45, 31.45, 31.45, 31.44, 31.44, 31.43, 31.42, 31.39, 31.34, 31.29, 31.22, 31.18, 31.1, 30.68, 30.62, 30.67, 30.64, 30.64, 30.42, 30.38], [31.46, 31.46, 31.46, 31.45, 31.45, 31.45, 31.44, 31.43, 31.42, 31.43, 31.3, 31.26, 31.17, 30.93, 30.82, 30.75, 30.7, 30.69, 30.69, 30.69], [31.46, 31.46, 31.46, 31.46, 31.47, 31.47, 31.47, 31.48, 31.51, 31.42, 31.45, 31.47, 31.4, 31.33, 30.9, 30.82, 30.77, 30.74, 30.73, 30.73], [31.47, 31.47, 31.47, 31.47, 31.48, 31.49, 31.5, 31.52, 31.57, 31.56, 31.71, 31.56, 31.45, 31.37, 30.97, 30.88, 30.82, 30.79, 30.77, 30.76], [31.47, 31.47, 31.48, 31.48, 31.49, 31.5, 31.52, 31.54, 31.52, 31.61, 31.66, 31.56, 31.47, 31.39, 31.01, 30.93, 30.87, 30.83, 30.81, 30.8], [31.48, 31.48, 31.48, 31.49, 31.5, 31.51, 31.53, 31.55, 31.5, 31.54, 31.56, 31.52, 31.45, 31.4, 31.04, 30.96, 30.91, 30.87, 30.84, 30.82], [31.48, 31.48, 31.49, 31.49, 31.5, 31.51, 31.53, 31.45, 31.47, 31.49, 31.5, 31.47, 31.43, 31.39, 31.05, 30.99, 30.94, 30.9, 30.87, 30.85]]}]