awsData/contour/wdir_2023092418.json
[{"header": {"refTime": "2023-09-24T18:00:00.000Z", "nx": 21, "ny": 33, "lo1": 113.509, "la1": 22.2235, "lo2": 113.5947, "la2": 22.1034, "dx": 0.0042850000000001385, "dy": 0.003753125000000024, "parameterCategory": 2, "parameterCategoryName": "Temperature", "parameterNumber": 2}, "data": [-1.78, -1.74, -1.68, -1.17, -1.12, -1.71, -1.6, -1.5, -1.48, -1.35, -1.56, -1.77, -2.53, -2.66, -3.56, -3.72, -4.77, -4.83, -4.87, -4.9, -1.81, -1.77, -1.71, -1.64, -1.13, -1.05, -1.5, -1.28, -1.15, -1.19, -1.55, -1.86, -2.65, -2.78, -3.66, -4.71, -4.8, -4.88, -4.93, -4.96, -1.84, -1.81, -1.76, -1.69, -1.17, -1.09, -0.95, -1.1, -0.46, -1.05, -1.62, -2.05, -2.86, -2.95, -4.59, -4.73, -4.86, -4.96, -5.01, -5.03, -1.89, -1.86, -1.82, -1.77, -1.68, -1.17, -1.06, -0.87, -0.7, -1.26, -1.82, -2.38, -3.18, -3.33, -4.57, -4.78, -4.96, -5.07, -5.12, -5.12, -1.94, -1.92, -1.9, -1.86, -1.81, -1.28, -1.24, -1.17, -1.12, -1.56, -2.02, -3.34, -3.7, -3.41, -4.58, -4.87, -5.12, -5.26, -5.28, -5.23, -2.0, -1.99, -1.99, -1.97, -1.94, -1.91, -1.45, -1.48, -1.46, -1.38, -2.79, -3.17, -3.48, -4.0, -4.63, -5.02, -5.4, -5.56, -5.47, -5.34, -3.41, -2.06, -2.08, -2.08, -2.09, -2.09, -2.31, -1.81, -1.82, -2.13, -2.06, -2.9, -3.97, -4.02, -4.69, -5.17, -5.79, -6.02, -5.8, -5.61, -3.43, -3.4, -3.37, -3.48, -3.44, -2.39, -2.36, -2.38, -2.49, -2.03, -1.54, -3.19, -3.51, -4.06, -4.88, -5.31, -5.84, -6.03, -5.74, -5.55, -3.45, -3.42, -3.39, -3.34, -3.43, -3.41, -3.39, -2.35, -2.72, -2.2, -2.74, -3.42, -3.94, -3.69, -4.83, -5.16, -5.49, -5.64, -5.57, -5.47, -4.29, -4.24, -4.17, -3.37, -3.28, -3.34, -3.49, -3.64, -3.18, -2.95, -3.12, -3.58, -4.03, -3.74, -4.81, -5.04, -5.26, -5.38, -5.4, -5.37, -4.3, -4.25, -4.18, -4.06, -3.79, -3.0, -4.02, -4.59, -4.23, -3.54, -3.9, -3.48, -3.64, -3.61, -4.81, -4.97, -5.12, -5.22, -5.27, -5.27, -4.33, -4.29, -4.24, -4.16, -4.03, -3.97, -4.38, -4.95, -5.19, -5.25, -4.13, -4.65, -4.58, -3.5, -4.82, -4.94, -5.04, -5.06, -5.09, -5.1, -4.36, -4.34, -4.32, -4.3, -4.33, -4.48, -4.73, -4.97, -5.12, -4.94, -5.16, -4.72, -4.64, -3.98, -3.96, -4.78, -4.84, -4.89, -4.93, -4.96, -4.39, -4.39, -4.39, -4.42, -4.5, -4.67, -4.92, -4.87, -4.9, -4.86, -5.16, -4.64, -4.52, -4.43, -3.88, -4.61, -4.67, -4.73, -4.79, -4.84, -4.43, -4.43, -4.45, -4.49, -4.56, -4.67, -4.77, -4.37, -4.23, -4.1, -3.98, -3.41, -4.4, -4.29, -4.22, -4.41, -4.49, -4.58, -4.66, -4.72, -4.45, -4.47, -3.15, -3.2, -3.27, -4.01, -3.98, -3.86, -3.73, -3.65, -3.16, -3.2, -3.25, -3.1, -3.17, -3.78, -3.82, -3.87, -4.39, -4.46, -3.01, -3.02, -3.03, -3.03, -3.71, -3.61, -3.44, -3.21, -3.07, -3.11, -2.84, -3.01, -3.15, -3.26, -3.17, -3.4, -3.39, -3.38, -3.37, -3.36, -2.95, -2.94, -2.91, -2.87, -3.44, -3.24, -2.9, -2.45, -2.22, -2.12, -2.45, -2.86, -3.08, -3.14, -3.39, -3.4, -3.39, -3.38, -3.37, -3.36, -2.88, -2.85, -2.81, -3.4, -3.23, -2.96, -2.51, -1.78, -1.06, -1.78, -2.08, -2.44, -2.8, -3.07, -3.41, -3.4, -3.39, -3.38, -3.37, -3.36, -2.82, -2.78, -2.97, -2.88, -2.74, -2.52, -2.19, -1.73, -1.32, -1.73, -2.14, -2.45, -2.76, -2.98, -3.4, -3.39, -3.39, -3.38, -3.37, -3.36, -3.06, -3.01, -2.95, -2.86, -2.74, -2.58, -2.37, -2.15, -1.87, -2.06, -2.31, -2.52, -2.76, -3.39, -3.39, -3.4, -3.39, -3.38, -3.36, -3.35, -3.05, -3.01, -2.95, -2.88, -2.8, -2.7, -2.6, -1.97, -2.31, -2.42, -2.54, -2.65, -3.76, -3.38, -3.39, -3.41, -3.42, -3.39, -3.36, -3.34, -3.05, -3.01, -2.97, -2.11, -2.12, -2.15, -2.21, -2.29, -2.39, -2.46, -2.44, -2.98, -3.53, -3.38, -3.4, -3.44, -3.5, -3.41, -3.33, -3.31, -2.12, -2.13, -2.15, -2.18, -2.22, -2.29, -2.4, -2.56, -2.77, -2.87, -2.74, -3.36, -3.53, -3.49, -3.46, -3.43, -3.72, -3.29, -3.26, -3.28, -2.15, -2.17, -2.19, -2.23, -2.29, -2.38, -2.52, -2.74, -3.11, -3.42, -2.98, -3.32, -3.3, -3.48, -3.43, -3.38, -3.19, -3.0, -3.19, -3.25, -2.17, -2.19, -2.22, -2.27, -2.33, -2.42, -2.55, -2.76, -3.09, -3.36, -3.33, -3.2, -3.2, -3.47, -3.42, -3.03, -3.03, -3.0, -3.2, -3.25, -2.19, -2.21, -2.24, -2.28, -2.34, -2.41, -2.51, -2.63, -2.76, -2.78, -3.02, -2.98, -3.04, -2.73, -2.85, -2.94, -2.97, -2.98, -2.98, -2.98, -2.2, -2.22, -2.25, -2.28, -2.33, -2.38, -2.43, -2.47, -2.45, -2.68, -2.57, -2.46, -2.54, -2.58, -2.76, -2.85, -2.91, -2.93, -2.94, -2.95, -2.2, -2.22, -2.25, -2.28, -2.3, -2.33, -2.35, -2.34, -2.26, -2.3, -1.93, -2.25, -2.43, -2.52, -2.68, -2.78, -2.84, -2.88, -2.9, -2.91, -2.21, -2.22, -2.24, -2.26, -2.28, -2.29, -2.29, -2.26, -2.39, -2.16, -2.03, -2.22, -2.38, -2.48, -2.63, -2.72, -2.79, -2.83, -2.86, -2.88, -2.21, -2.22, -2.23, -2.25, -2.26, -2.26, -2.25, -2.22, -2.4, -2.29, -2.24, -2.3, -2.4, -2.47, -2.6, -2.69, -2.75, -2.79, -2.82, -2.85, -2.2, -2.21, -2.23, -2.24, -2.24, -2.24, -2.23, -2.51, -2.44, -2.38, -2.36, -2.38, -2.43, -2.48, -2.59, -2.66, -2.72, -2.76, -2.79, -2.82]}, {"header": {"refTime": "2023-09-24T18:00:00.000Z", "nx": 21, "ny": 33, "lo1": 113.509, "la1": 22.2235, "lo2": 113.5947, "la2": 22.1034, "dx": 0.0042850000000001385, "dy": 0.003753125000000024, "parameterCategory": 2, "parameterCategoryName": "Temperature", "parameterNumber": 3}, "data": [0.77, 0.77, 0.78, 0.86, 0.86, 1.08, 1.07, 1.07, 1.08, 1.16, 1.22, 1.28, 1.67, 1.72, 2.36, 2.47, 3.0, 3.06, 3.1, 3.13, 0.77, 0.77, 0.78, 0.78, 0.86, 0.86, 1.05, 1.03, 1.02, 1.12, 1.22, 1.3, 1.7, 1.75, 2.39, 2.93, 3.03, 3.1, 3.15, 3.18, 0.77, 0.77, 0.77, 0.78, 0.86, 0.86, 0.86, 0.99, 0.9, 1.08, 1.24, 1.36, 1.76, 1.79, 2.8, 2.95, 3.08, 3.17, 3.23, 3.25, 0.76, 0.77, 0.77, 0.77, 0.78, 0.86, 0.86, 0.86, 0.87, 1.13, 1.29, 1.45, 1.83, 1.86, 2.78, 2.99, 3.17, 3.28, 3.33, 3.33, 0.76, 0.76, 0.76, 0.77, 0.77, 0.85, 0.85, 0.86, 0.86, 1.21, 1.34, 1.85, 1.9, 1.88, 2.79, 3.09, 3.33, 3.46, 3.47, 3.43, 0.76, 0.76, 0.76, 0.76, 0.76, 0.77, 0.85, 0.85, 0.85, 0.87, 1.71, 1.83, 1.9, 2.24, 2.87, 3.23, 3.58, 3.73, 3.65, 3.54, 1.5, 0.75, 0.75, 0.75, 0.75, 0.75, 0.79, 0.82, 0.83, 1.19, 1.31, 1.83, 2.35, 2.35, 2.97, 3.39, 3.93, 4.13, 3.86, 3.67, 1.51, 1.48, 1.44, 1.29, 1.27, 0.77, 0.78, 0.78, 0.87, 1.15, 1.14, 2.15, 2.32, 2.45, 3.23, 3.58, 4.01, 4.17, 3.93, 3.78, 1.54, 1.5, 1.45, 1.39, 1.24, 1.23, 1.25, 0.78, 1.21, 1.21, 1.86, 2.23, 2.48, 2.36, 3.17, 3.45, 3.72, 3.84, 3.79, 3.71, 2.2, 2.15, 2.07, 1.4, 1.27, 1.13, 1.29, 1.46, 1.59, 1.53, 2.06, 2.3, 2.51, 2.38, 3.14, 3.35, 3.53, 3.63, 3.65, 3.62, 2.22, 2.17, 2.09, 1.95, 1.64, 0.76, 1.86, 2.4, 1.95, 1.87, 2.35, 2.24, 2.33, 2.31, 3.14, 3.28, 3.41, 3.5, 3.54, 3.54, 2.26, 2.22, 2.17, 2.08, 1.94, 1.86, 2.29, 2.72, 2.87, 3.13, 2.45, 2.79, 2.77, 2.26, 3.15, 3.25, 3.35, 3.05, 3.07, 3.08, 2.3, 2.29, 2.27, 2.27, 2.31, 2.53, 2.85, 2.86, 2.87, 2.75, 3.12, 2.81, 2.79, 2.2, 2.16, 2.75, 2.8, 2.86, 2.9, 2.93, 2.34, 2.35, 2.36, 2.41, 2.53, 2.81, 3.29, 2.93, 2.81, 2.74, 3.14, 2.41, 2.31, 2.23, 2.01, 2.54, 2.6, 2.67, 2.74, 2.79, 2.38, 2.4, 2.43, 2.5, 2.61, 2.78, 2.91, 3.09, 3.0, 2.94, 2.9, 2.06, 2.17, 2.06, 1.99, 2.3, 2.39, 2.49, 2.58, 2.66, 2.41, 2.44, 2.16, 2.23, 2.31, 2.99, 2.98, 2.92, 2.86, 2.83, 2.07, 1.96, 1.82, 1.63, 1.58, 1.74, 1.83, 1.91, 2.44, 2.54, 2.11, 2.13, 2.17, 2.21, 2.88, 2.85, 2.8, 2.72, 2.67, 2.67, 1.99, 1.88, 1.72, 1.53, 1.4, 1.41, 1.51, 1.59, 1.65, 1.69, 2.12, 2.14, 2.16, 2.19, 2.79, 2.73, 2.63, 2.49, 2.42, 2.1, 2.03, 1.83, 1.65, 1.4, 1.15, 1.37, 1.52, 1.62, 1.68, 1.71, 2.12, 2.13, 2.15, 2.78, 2.73, 2.64, 2.51, 2.29, 2.01, 2.05, 1.48, 1.37, 1.64, 1.5, 1.36, 1.46, 1.59, 1.67, 1.72, 1.75, 2.12, 2.13, 2.12, 2.11, 2.09, 2.06, 2.02, 1.99, 1.75, 1.6, 1.45, 1.35, 1.73, 1.67, 1.55, 1.62, 1.7, 1.75, 1.78, 1.79, 2.08, 2.07, 2.05, 2.03, 2.0, 1.96, 1.93, 1.91, 1.53, 1.47, 1.38, 1.31, 1.83, 1.68, 1.71, 1.77, 1.82, 1.85, 1.85, 1.84, 2.03, 2.01, 1.98, 1.95, 1.91, 1.87, 1.82, 1.28, 1.36, 1.32, 1.28, 1.25, 1.49, 1.78, 1.83, 1.9, 1.96, 1.95, 1.91, 1.88, 1.98, 1.95, 1.92, 1.14, 1.15, 1.15, 1.14, 1.12, 1.09, 1.06, 1.04, 1.6, 1.58, 1.84, 1.92, 2.02, 2.13, 2.05, 1.95, 1.9, 1.1, 1.1, 1.1, 1.1, 1.09, 1.07, 1.04, 1.0, 0.94, 0.9, 0.92, 1.15, 1.54, 1.71, 1.86, 2.06, 2.41, 2.01, 1.93, 1.9, 1.08, 1.07, 1.07, 1.05, 1.04, 1.01, 0.97, 0.91, 0.82, 0.76, 0.83, 1.08, 1.27, 1.68, 1.82, 1.93, 1.92, 1.76, 1.88, 1.88, 1.06, 1.05, 1.03, 1.02, 1.0, 0.96, 0.92, 0.87, 0.8, 0.75, 0.9, 1.04, 1.2, 1.64, 1.76, 1.82, 1.82, 1.8, 1.87, 1.87, 1.04, 1.02, 1.01, 0.99, 0.96, 0.93, 0.89, 0.85, 0.8, 0.78, 0.89, 0.99, 1.13, 1.53, 1.65, 1.73, 1.77, 1.78, 1.78, 1.78, 1.02, 1.01, 0.99, 0.97, 0.94, 0.91, 0.87, 0.83, 0.78, 0.82, 0.82, 0.72, 0.78, 0.84, 1.56, 1.65, 1.7, 1.73, 1.74, 1.74, 1.0, 0.99, 0.97, 0.95, 0.92, 0.89, 0.86, 0.81, 0.76, 0.74, 0.6, 0.68, 0.75, 0.82, 1.49, 1.58, 1.64, 1.68, 1.7, 1.71, 0.99, 0.98, 0.96, 0.94, 0.91, 0.88, 0.85, 0.81, 0.69, 0.65, 0.63, 0.68, 0.75, 0.8, 1.44, 1.53, 1.59, 1.63, 1.66, 1.67, 0.98, 0.97, 0.95, 0.93, 0.91, 0.88, 0.85, 0.81, 0.71, 0.69, 0.68, 0.71, 0.75, 0.8, 1.41, 1.49, 1.55, 1.59, 1.62, 1.64, 0.98, 0.96, 0.95, 0.93, 0.91, 0.88, 0.86, 0.74, 0.72, 0.72, 0.72, 0.74, 0.77, 0.8, 1.39, 1.47, 1.52, 1.56, 1.59, 1.61]}, {"header": {"refTime": "2023-09-24T18:00:00.000Z", "nx": 21, "ny": 33, "lo1": 113.509, "la1": 22.2235, "lo2": 113.5947, "la2": 22.1034, "dx": 0.0042850000000001385, "dy": 0.003753125000000024, "parameterCategory": 0, "parameterCategoryName": "Temperature", "parameterNumber": 0}, "data": [[30.11, 30.12, 30.12, 29.87, 29.89, 30.15, 30.16, 30.18, 30.19, 30.06, 30.04, 30.01, 30.31, 30.31, 30.0, 29.97, 30.0, 29.98, 29.96, 29.95], [30.11, 30.11, 30.12, 30.12, 29.89, 29.92, 30.17, 30.2, 30.21, 30.1, 30.05, 30.02, 30.3, 30.31, 30.0, 30.01, 29.98, 29.96, 29.94, 29.93], [30.11, 30.11, 30.11, 30.12, 29.88, 29.91, 29.97, 30.21, 30.28, 30.12, 30.04, 30.02, 30.3, 30.3, 30.05, 30.01, 29.96, 29.93, 29.91, 29.91], [30.11, 30.11, 30.11, 30.11, 30.11, 29.89, 29.93, 30.01, 30.08, 30.07, 30.01, 30.02, 30.28, 30.07, 30.05, 29.99, 29.93, 29.89, 29.88, 29.88], [30.1, 30.1, 30.1, 30.1, 30.1, 29.85, 29.87, 29.89, 29.89, 29.95, 29.94, 30.06, 30.15, 30.1, 30.05, 29.96, 29.87, 29.83, 29.82, 29.84], [30.1, 30.1, 30.1, 30.09, 30.09, 30.07, 29.81, 29.8, 29.76, 29.7, 29.9, 30.03, 30.11, 30.3, 30.04, 29.91, 29.78, 29.72, 29.75, 29.8], [30.02, 30.1, 30.1, 30.09, 30.08, 30.06, 29.75, 29.75, 29.71, 29.66, 29.65, 29.99, 30.37, 30.35, 30.03, 29.86, 29.64, 29.56, 29.55, 29.6], [30.03, 30.03, 30.03, 30.03, 30.02, 29.82, 29.78, 29.75, 29.77, 29.61, 29.4, 30.1, 30.11, 30.35, 29.81, 29.93, 29.69, 29.6, 29.74, 29.83], [29.97, 29.98, 30.05, 30.05, 30.06, 30.04, 29.99, 29.76, 29.61, 29.69, 29.7, 29.89, 29.98, 29.86, 29.84, 29.97, 29.83, 29.77, 29.81, 29.86], [30.2, 30.2, 30.2, 30.01, 30.04, 30.11, 30.06, 29.99, 29.46, 29.49, 29.99, 29.77, 29.84, 29.81, 29.84, 30.02, 29.93, 29.88, 29.88, 29.9], [30.2, 30.2, 30.2, 30.2, 30.2, 30.2, 30.2, 30.2, 30.06, 29.59, 29.2, 29.7, 29.75, 29.76, 29.83, 30.06, 29.99, 29.95, 29.94, 29.95], [30.2, 30.2, 30.2, 30.2, 30.2, 30.2, 30.2, 30.2, 30.2, -999.0, 29.2, 30.5, 30.5, 29.72, 29.82, 30.09, 30.05, 28.95, 28.96, 28.96], [30.2, 30.2, 30.2, 30.2, 30.2, 30.2, 30.2, 30.2, 30.2, 30.2, -999.0, 30.5, 30.5, 29.26, 29.81, 29.11, 29.11, 29.02, 29.03, 29.04], [30.2, 30.2, 30.2, 30.2, 30.2, 30.2, 30.2, 30.2, 30.2, 30.2, -999.0, 28.6, 28.6, 28.6, 29.64, 29.04, 29.05, 28.95, 28.98, 28.99], [30.2, 30.2, 30.2, 30.2, 30.2, 30.2, 30.2, 30.0, 30.0, 30.0, 30.0, 29.46, 28.6, 28.6, 28.6, 28.97, 28.99, 28.9, 28.93, 28.95], [30.2, 30.2, 30.07, 30.07, 30.07, 30.0, 30.0, 30.0, 30.0, 30.0, 29.12, 29.22, 29.08, 28.97, 29.1, 28.75, 28.77, 28.73, 28.92, 28.94], [30.07, 30.07, 30.13, 30.13, 30.0, 30.0, 30.0, 30.0, 30.0, 30.0, 29.4, 29.22, 29.04, 28.87, 28.81, 28.7, 28.74, 28.77, 28.79, 28.81], [30.13, 30.13, 30.12, 30.12, 30.0, 30.0, 30.0, 30.0, 30.0, 29.64, 29.46, 29.25, 29.03, 28.83, 28.63, 28.69, 28.75, 28.78, 28.8, 28.81], [30.12, 30.12, 30.12, 30.0, 30.0, 30.0, 30.0, 30.0, 29.87, 29.73, 29.5, 29.33, 29.06, 28.89, 28.69, 28.72, 28.77, 28.8, 28.82, 28.83], [30.12, 30.12, 29.71, 29.73, 29.75, 29.77, 29.81, 29.92, 29.81, 29.67, 29.51, 29.36, 29.11, 28.99, 28.75, 28.78, 28.8, 28.82, 28.84, 28.84], [29.7, 29.7, 29.71, 29.79, 29.8, 29.82, 29.84, 29.86, 29.67, 29.6, 29.49, 29.39, 29.14, 28.8, 28.81, 28.83, 28.84, 28.86, 28.86, 28.86], [29.77, 29.77, 29.77, 29.78, 29.78, 29.78, 29.79, 29.86, 29.58, 29.54, 29.47, 29.4, 29.02, 28.83, 28.85, 28.87, 28.88, 28.89, 28.88, 28.88], [29.76, 29.76, 29.76, 29.87, 29.86, 29.85, 29.84, 29.82, 29.8, 29.79, 29.8, 29.52, 29.16, 28.86, 28.88, 28.9, 28.92, 28.92, 28.9, 28.89], [29.88, 29.88, 29.87, 29.86, 29.85, 29.84, 29.81, 29.78, 29.74, 29.72, 29.75, 29.55, 29.17, 29.11, 29.06, 28.92, 28.97, 28.93, 28.91, 28.9], [29.88, 29.88, 29.87, 29.86, 29.85, 29.83, 29.8, 29.76, 29.67, 29.6, 29.71, 29.58, 29.55, 29.11, 29.06, 29.02, 28.92, 28.91, 28.91, 28.9], [29.88, 29.88, 29.87, 29.86, 29.85, 29.84, 29.81, 29.77, 29.69, 29.62, 29.62, 29.63, 29.6, 29.12, 29.07, 29.14, 29.08, 29.06, 28.9, 28.9], [29.88, 29.88, 29.87, 29.87, 29.86, 29.85, 29.83, 29.81, 29.79, 29.79, 29.72, 29.71, 29.66, 29.4, 29.29, 29.21, 29.15, 29.13, 29.13, 29.14], [29.88, 29.88, 29.88, 29.88, 29.87, 29.87, 29.87, 29.87, 29.89, 29.84, 29.87, 29.8, 29.71, 29.61, 29.36, 29.27, 29.22, 29.19, 29.18, 29.18], [29.89, 29.89, 29.89, 29.89, 29.89, 29.89, 29.9, 29.92, 29.96, 29.98, 30.09, 29.9, 29.77, 29.66, 29.42, 29.34, 29.28, 29.24, 29.22, 29.22], [29.89, 29.89, 29.89, 29.89, 29.9, 29.9, 29.92, 29.94, 29.86, 29.96, 30.03, 29.91, 29.79, 29.69, 29.46, 29.38, 29.33, 29.29, 29.26, 29.25], [29.89, 29.9, 29.9, 29.9, 29.91, 29.91, 29.93, 29.95, 29.83, 29.89, 29.9, 29.85, 29.77, 29.69, 29.49, 29.42, 29.36, 29.32, 29.3, 29.28], [29.9, 29.9, 29.9, 29.91, 29.91, 29.92, 29.93, 29.77, 29.8, 29.82, 29.82, 29.79, 29.74, 29.69, 29.5, 29.44, 29.39, 29.35, 29.33, 29.31]]}]