awsData/contour/wdir_2023092411.json
[{"header": {"refTime": "2023-09-24T11:00:00.000Z", "nx": 21, "ny": 33, "lo1": 113.509, "la1": 22.2235, "lo2": 113.5947, "la2": 22.1034, "dx": 0.0042850000000001385, "dy": 0.003753125000000024, "parameterCategory": 2, "parameterCategoryName": "Temperature", "parameterNumber": 2}, "data": [-2.5, -2.5, -2.49, -2.25, -2.24, -2.32, -2.28, -2.25, -2.23, -1.84, -1.8, -1.78, -1.95, -1.94, -2.58, -2.67, -2.78, -2.84, -2.89, -2.92, -2.51, -2.5, -2.49, -2.48, -2.25, -2.23, -2.28, -2.23, -2.19, -1.87, -1.81, -1.77, -1.94, -1.93, -2.58, -2.71, -2.81, -2.89, -2.94, -2.97, -2.51, -2.51, -2.5, -2.5, -2.27, -2.25, -2.21, -2.21, -2.09, -1.89, -1.8, -1.76, -1.92, -1.91, -2.58, -2.73, -2.86, -2.96, -3.01, -3.04, -2.52, -2.52, -2.52, -2.51, -2.51, -2.28, -2.25, -2.2, -2.15, -1.84, -1.77, -1.73, -1.88, -1.75, -2.56, -2.78, -2.96, -3.07, -3.12, -3.12, -2.52, -2.52, -2.53, -2.53, -2.54, -2.32, -2.31, -2.29, -2.24, -1.75, -1.71, -1.73, -1.74, -1.75, -2.57, -2.87, -3.12, -3.25, -3.27, -3.22, -2.52, -2.53, -2.53, -2.55, -2.57, -2.6, -2.41, -2.42, -2.35, -2.2, -1.69, -1.74, -1.75, -2.23, -2.65, -3.02, -3.38, -3.53, -3.45, -3.33, -3.73, -2.53, -2.53, -2.55, -2.58, -2.64, -2.54, -2.62, -2.58, -2.17, -1.93, -1.76, -2.36, -2.42, -2.74, -3.18, -3.74, -3.95, -3.86, -3.72, -3.73, -3.69, -3.63, -3.61, -3.59, -2.45, -2.56, -2.81, -3.04, -2.12, -1.58, -2.22, -2.38, -2.61, -3.39, -3.66, -3.98, -4.1, -3.92, -3.8, -3.75, -3.69, -3.62, -3.52, -3.47, -3.49, -3.61, -2.62, -3.34, -2.22, -2.17, -2.54, -2.99, -2.77, -3.39, -3.58, -3.78, -3.86, -3.82, -3.76, -4.62, -4.53, -4.41, -3.49, -3.27, -3.18, -3.54, -3.94, -3.81, -3.54, -2.42, -2.75, -3.15, -2.86, -3.41, -3.52, -3.64, -3.71, -3.72, -3.7, -4.65, -4.57, -4.44, -4.21, -3.73, -2.32, -4.11, -5.04, -4.69, -4.18, -3.91, -2.68, -2.8, -2.77, -3.41, -3.49, -3.57, -3.62, -3.64, -3.64, -4.7, -4.64, -4.55, -4.41, -4.18, -4.07, -4.77, -5.6, -5.93, -5.85, -4.25, -4.12, -3.94, -2.67, -3.41, -3.47, -3.52, -3.46, -3.47, -3.46, -4.76, -4.73, -4.7, -4.69, -4.74, -5.05, -5.53, -5.74, -5.87, -5.63, -5.64, -4.3, -4.1, -2.68, -2.64, -3.26, -3.29, -3.31, -3.33, -3.35, -4.83, -4.83, -4.84, -4.91, -5.07, -5.45, -6.06, -5.72, -5.65, -5.56, -5.7, -4.2, -3.93, -3.72, -2.52, -3.08, -3.11, -3.16, -3.2, -3.24, -4.89, -4.91, -4.95, -5.04, -5.19, -5.42, -5.61, -4.92, -4.63, -4.37, -4.17, -2.56, -3.7, -3.47, -3.32, -2.86, -2.93, -3.01, -3.08, -3.13, -4.94, -4.97, -2.89, -3.0, -3.13, -4.33, -4.27, -4.05, -3.8, -3.65, -2.22, -2.18, -2.13, -1.54, -1.61, -2.28, -2.34, -2.4, -2.62, -2.68, -2.65, -2.67, -2.7, -2.71, -3.8, -3.64, -3.34, -2.95, -2.7, -2.75, -1.71, -1.85, -1.91, -1.91, -1.49, -1.96, -2.03, -2.08, -2.11, -2.14, -2.54, -2.53, -2.5, -2.43, -3.34, -2.99, -2.43, -1.66, -1.27, -0.87, -1.28, -1.59, -1.76, -1.45, -1.74, -1.94, -2.03, -2.09, -2.13, -2.15, -2.43, -2.39, -2.31, -3.27, -2.98, -2.52, -1.77, -0.53, 0.73, -0.34, -0.39, -0.8, -1.06, -1.37, -1.93, -1.99, -2.07, -2.12, -2.16, -2.18, -2.34, -2.27, -2.35, -2.2, -1.96, -1.61, -1.08, -0.33, 0.51, 0.01, -0.48, -0.83, -1.02, -1.27, -2.05, -2.09, -2.13, -2.17, -2.19, -2.2, -2.46, -2.38, -2.28, -2.13, -1.92, -1.65, -1.3, -0.95, -0.19, -0.42, -0.71, -0.95, -1.01, -2.12, -2.14, -2.17, -2.2, -2.23, -2.23, -2.23, -2.41, -2.34, -2.24, -2.12, -1.96, -1.78, -1.6, -0.52, -0.76, -0.89, -1.03, -1.13, -2.34, -2.18, -2.21, -2.24, -2.27, -2.28, -2.27, -2.26, -2.39, -2.32, -2.24, -0.75, -0.76, -0.79, -0.85, -0.96, -1.09, -1.18, -1.17, -1.54, -2.57, -2.22, -2.26, -2.3, -2.33, -2.33, -2.31, -2.29, -0.79, -0.8, -0.82, -0.85, -0.9, -0.99, -1.12, -1.32, -1.58, -1.71, -1.56, -2.22, -2.58, -2.53, -2.49, -2.33, -2.39, -2.36, -2.33, -2.3, -0.83, -0.86, -0.89, -0.94, -1.01, -1.12, -1.29, -1.57, -2.02, -2.38, -1.87, -2.2, -2.12, -2.54, -2.49, -2.45, -2.36, -2.36, -2.33, -2.31, -0.87, -0.9, -0.94, -1.0, -1.08, -1.19, -1.36, -1.61, -2.01, -2.33, -2.28, -2.09, -2.03, -2.55, -2.5, -2.14, -2.21, -2.23, -2.32, -2.31, -0.9, -0.94, -0.98, -1.03, -1.11, -1.2, -1.33, -1.49, -1.65, -1.69, -1.96, -1.88, -1.9, -1.79, -1.94, -2.05, -2.12, -2.15, -2.14, -2.13, -0.93, -0.96, -1.0, -1.05, -1.11, -1.18, -1.26, -1.33, -1.35, -1.63, -1.51, -1.6, -1.73, -1.83, -1.84, -1.95, -2.03, -2.07, -2.08, -2.08, -0.94, -0.97, -1.01, -1.05, -1.1, -1.15, -1.19, -1.2, -1.15, -1.26, -0.96, -1.35, -1.6, -1.75, -1.76, -1.87, -1.95, -2.0, -2.02, -2.03, -0.95, -0.98, -1.01, -1.04, -1.08, -1.11, -1.13, -1.12, -1.5, -1.24, -1.09, -1.33, -1.55, -1.7, -1.7, -1.81, -1.89, -1.94, -1.97, -1.98, -0.96, -0.98, -1.01, -1.03, -1.06, -1.08, -1.09, -1.08, -1.53, -1.4, -1.35, -1.44, -1.57, -1.69, -1.67, -1.76, -1.84, -1.89, -1.92, -1.94, -0.96, -0.98, -1.0, -1.02, -1.04, -1.06, -1.06, -1.66, -1.58, -1.52, -1.5, -1.54, -1.62, -1.7, -1.66, -1.74, -1.8, -1.85, -1.89, -1.91]}, {"header": {"refTime": "2023-09-24T11:00:00.000Z", "nx": 21, "ny": 33, "lo1": 113.509, "la1": 22.2235, "lo2": 113.5947, "la2": 22.1034, "dx": 0.0042850000000001385, "dy": 0.003753125000000024, "parameterCategory": 2, "parameterCategoryName": "Temperature", "parameterNumber": 3}, "data": [-1.23, -1.21, -1.18, -1.12, -1.09, -0.79, -0.75, -0.72, -0.71, -0.89, -0.95, -1.01, -1.11, -1.16, -1.87, -2.02, -2.68, -2.76, -2.83, -2.87, -1.25, -1.23, -1.19, -1.15, -1.09, -1.03, -0.73, -0.67, -0.63, -0.81, -0.93, -1.01, -1.13, -1.17, -1.89, -2.58, -2.72, -2.82, -2.89, -2.93, -1.27, -1.25, -1.22, -1.18, -1.11, -1.05, -0.95, -0.63, -0.46, -0.76, -0.94, -1.04, -1.14, -1.19, -2.39, -2.6, -2.78, -2.91, -2.99, -3.02, -1.3, -1.28, -1.26, -1.22, -1.16, -1.1, -1.02, -0.89, -0.77, -0.87, -1.02, -1.08, -1.16, -1.54, -2.36, -2.66, -2.91, -3.06, -3.12, -3.13, -1.34, -1.32, -1.3, -1.27, -1.23, -1.16, -1.13, -1.09, -1.09, -1.07, -1.14, -1.49, -1.21, -1.48, -2.38, -2.79, -3.11, -3.29, -3.31, -3.26, -1.37, -1.37, -1.36, -1.34, -1.31, -1.27, -1.24, -1.26, -1.31, -1.39, -1.8, -1.64, -1.44, -1.67, -2.51, -3.0, -3.45, -3.64, -3.55, -3.4, -1.61, -1.42, -1.42, -1.42, -1.4, -1.37, -1.76, -1.36, -1.42, -1.91, -2.04, -1.93, -1.95, -1.92, -2.68, -3.21, -3.91, -4.17, -3.78, -3.53, -1.62, -1.63, -1.65, -1.81, -1.8, -1.84, -1.76, -1.61, -1.5, -1.91, -2.09, -2.34, -2.37, -2.11, -3.16, -3.56, -4.07, -4.26, -3.98, -3.8, -1.63, -1.64, -1.67, -1.69, -1.85, -1.83, -1.75, -1.72, -1.62, -1.9, -2.29, -2.37, -2.43, -2.4, -3.08, -3.41, -3.73, -3.88, -3.82, -3.72, -1.73, -1.75, -1.78, -1.73, -1.8, -1.95, -1.86, -1.75, -1.69, -1.74, -2.34, -2.39, -2.44, -2.41, -3.04, -3.29, -3.5, -3.63, -3.65, -3.62, -1.73, -1.74, -1.76, -1.81, -1.9, -2.17, -1.86, -1.74, -1.75, -1.74, -2.14, -2.38, -2.4, -2.39, -3.04, -3.21, -3.37, -3.47, -3.52, -3.52, -1.71, -1.72, -1.74, -1.76, -1.8, -1.83, -1.72, -1.69, -1.7, -1.76, -2.09, -2.24, -2.28, -2.38, -3.05, -3.18, -3.29, -3.41, -3.45, -3.47, -1.7, -1.7, -1.7, -1.7, -1.67, -1.59, -1.47, -1.59, -1.66, -1.65, -1.79, -2.19, -2.24, -2.48, -2.48, -3.17, -3.24, -3.3, -3.34, -3.37, -1.68, -1.68, -1.67, -1.64, -1.59, -1.47, -1.23, -1.48, -1.59, -1.62, -1.75, -2.22, -2.28, -2.31, -2.49, -3.09, -3.15, -3.2, -3.25, -3.29, -1.67, -1.66, -1.64, -1.62, -1.57, -1.5, -1.45, -0.84, -0.79, -0.72, -0.65, -1.15, -2.3, -2.33, -2.36, -3.0, -3.06, -3.12, -3.17, -3.22, -1.66, -1.65, -0.8, -0.79, -0.76, -0.63, -0.61, -0.55, -0.48, -0.45, -0.89, -1.1, -1.34, -1.73, -1.85, -2.46, -2.44, -2.42, -2.97, -3.01, -0.73, -0.71, -0.69, -0.64, -0.46, -0.4, -0.3, -0.17, -0.1, -0.12, -0.71, -1.04, -1.41, -1.78, -2.03, -2.44, -2.4, -2.37, -2.35, -2.34, -0.66, -0.63, -0.58, -0.51, -0.31, -0.19, 0.01, 0.27, 0.41, 0.03, -0.39, -0.96, -1.43, -1.99, -2.47, -2.45, -2.4, -2.36, -2.34, -2.33, -0.6, -0.55, -0.49, -0.29, -0.19, -0.03, 0.24, 0.67, 1.0, 0.31, -0.48, -0.99, -1.41, -1.83, -2.45, -2.42, -2.37, -2.34, -2.33, -2.32, -0.55, -0.49, -0.48, -0.41, -0.31, -0.15, 0.09, 0.46, 0.53, 0.0, -0.54, -0.98, -1.3, -1.61, -2.39, -2.36, -2.34, -2.32, -2.31, -2.3, -0.59, -0.56, -0.52, -0.46, -0.39, -0.27, -0.12, 0.04, -0.15, -0.4, -0.73, -1.03, -1.23, -2.34, -2.33, -2.31, -2.3, -2.28, -2.28, -2.28, -0.62, -0.6, -0.57, -0.54, -0.5, -0.45, -0.4, -0.25, -0.67, -0.82, -0.99, -1.15, -2.33, -2.31, -2.29, -2.27, -2.25, -2.25, -2.26, -2.27, -0.65, -0.64, -0.64, -0.44, -0.46, -0.49, -0.54, -0.63, -0.75, -0.82, -0.81, -1.2, -2.24, -2.29, -2.26, -2.24, -2.21, -2.22, -2.24, -2.26, -0.48, -0.49, -0.51, -0.53, -0.58, -0.65, -0.77, -0.95, -1.18, -1.29, -1.16, -1.78, -2.25, -2.23, -2.21, -2.22, -2.15, -2.22, -2.24, -2.25, -0.52, -0.54, -0.57, -0.61, -0.67, -0.77, -0.92, -1.17, -1.56, -1.89, -1.43, -1.75, -1.7, -2.23, -2.22, -2.21, -2.23, -2.25, -2.24, -2.25, -0.55, -0.57, -0.61, -0.66, -0.73, -0.83, -0.98, -1.2, -1.56, -1.84, -1.81, -1.65, -1.62, -2.24, -2.23, -1.92, -2.02, -2.04, -2.25, -2.25, -0.57, -0.6, -0.64, -0.69, -0.75, -0.84, -0.95, -1.09, -1.23, -1.27, -1.52, -1.46, -1.49, -1.54, -1.7, -1.82, -1.91, -1.94, -1.94, -1.91, -0.59, -0.62, -0.66, -0.7, -0.75, -0.82, -0.89, -0.94, -0.96, -1.22, -1.11, -1.23, -1.38, -1.51, -1.6, -1.72, -1.8, -1.85, -1.86, -1.86, -0.61, -0.63, -0.66, -0.7, -0.74, -0.78, -0.82, -0.83, -0.78, -0.87, -0.61, -1.0, -1.25, -1.42, -1.51, -1.63, -1.72, -1.77, -1.8, -1.8, -0.61, -0.64, -0.66, -0.69, -0.72, -0.75, -0.77, -0.76, -1.12, -0.88, -0.73, -0.97, -1.2, -1.37, -1.44, -1.56, -1.65, -1.7, -1.74, -1.75, -0.62, -0.64, -0.66, -0.68, -0.71, -0.72, -0.73, -0.72, -1.16, -1.04, -0.99, -1.09, -1.23, -1.36, -1.41, -1.51, -1.59, -1.65, -1.69, -1.71, -0.62, -0.64, -0.66, -0.67, -0.69, -0.7, -0.71, -1.29, -1.22, -1.16, -1.15, -1.19, -1.28, -1.37, -1.39, -1.48, -1.55, -1.61, -1.65, -1.67]}, {"header": {"refTime": "2023-09-24T11:00:00.000Z", "nx": 21, "ny": 33, "lo1": 113.509, "la1": 22.2235, "lo2": 113.5947, "la2": 22.1034, "dx": 0.0042850000000001385, "dy": 0.003753125000000024, "parameterCategory": 0, "parameterCategoryName": "Temperature", "parameterNumber": 0}, "data": [[30.25, 30.25, 30.25, 29.93, 29.96, 30.29, 30.32, 30.34, 30.35, 30.25, 30.22, 30.2, 30.57, 30.58, 30.39, 30.37, 30.44, 30.43, 30.42, 30.42], [30.25, 30.25, 30.25, 30.26, 29.95, 30.0, 30.32, 30.36, 30.39, 30.29, 30.24, 30.21, 30.57, 30.58, 30.39, 30.45, 30.43, 30.42, 30.41, 30.41], [30.24, 30.24, 30.25, 30.25, 29.94, 29.99, 30.06, 30.38, 30.47, 30.31, 30.24, 30.22, 30.57, 30.57, 30.46, 30.44, 30.42, 30.4, 30.39, 30.39], [30.24, 30.24, 30.24, 30.24, 30.24, 29.95, 30.01, 30.11, 30.21, 30.25, 30.2, 30.23, 30.56, 30.31, 30.46, 30.43, 30.4, 30.38, 30.37, 30.37], [30.24, 30.24, 30.23, 30.23, 30.22, 29.89, 29.92, 29.95, 29.95, 30.12, 30.12, 30.3, 30.42, 30.34, 30.46, 30.42, 30.37, 30.34, 30.34, 30.35], [30.24, 30.24, 30.23, 30.22, 30.21, 30.18, 29.83, 29.81, 29.78, 29.72, 30.08, 30.25, 30.37, 30.6, 30.46, 30.39, 30.32, 30.28, 30.3, 30.33], [30.14, 30.24, 30.24, 30.22, 30.2, 30.16, 29.77, 29.73, 29.68, 29.68, 29.71, 30.19, 30.67, 30.65, 30.47, 30.37, 30.24, 30.19, 30.17, 30.2], [30.16, 30.16, 30.16, 30.16, 30.14, 29.89, 29.81, 29.73, 29.71, 29.63, 29.43, 30.31, 30.32, 30.65, 30.36, 30.44, 30.28, 30.23, 30.32, 30.37], [30.04, 30.05, 30.2, 30.21, 30.21, 30.18, 30.08, 29.78, 29.54, 29.72, 29.81, 30.05, 30.17, 30.01, 30.38, 30.46, 30.38, 30.34, 30.36, 30.39], [30.5, 30.5, 30.5, 30.13, 30.18, 30.32, 30.22, 30.08, 29.42, 29.44, 30.17, 29.91, 29.99, 29.95, 30.38, 30.49, 30.44, 30.41, 30.41, 30.42], [30.5, 30.5, 30.5, 30.5, 30.5, 30.5, 30.5, 30.5, 30.22, 29.53, 29.2, 29.81, 29.88, 29.89, 30.37, 30.52, 30.48, 30.45, 30.45, 30.45], [30.5, 30.5, 30.5, 30.5, 30.5, 30.5, 30.5, 30.5, 30.5, -999.0, 29.2, 30.8, 30.8, 29.84, 30.36, 30.54, 30.52, 30.16, 30.16, 30.16], [30.5, 30.5, 30.5, 30.5, 30.5, 30.5, 30.5, 30.5, 30.5, 30.5, -999.0, 30.8, 30.8, 30.41, 30.58, 30.14, 30.14, 30.15, 30.15, 30.15], [30.5, 30.5, 30.5, 30.5, 30.5, 30.5, 30.5, 30.5, 30.5, 30.5, -999.0, 30.2, 30.2, 30.2, 30.53, 30.14, 30.14, 30.16, 30.15, 30.15], [30.5, 30.5, 30.5, 30.5, 30.5, 30.5, 30.5, 30.3, 30.3, 30.3, 30.3, 30.26, 30.2, 30.2, 30.2, 30.15, 30.15, 30.16, 30.16, 30.16], [30.5, 30.5, 30.37, 30.37, 30.37, 30.3, 30.3, 30.3, 30.3, 30.3, 30.24, 30.24, 30.23, 30.23, 30.24, 29.98, 29.95, 30.01, 30.01, 30.0], [30.37, 30.37, 30.43, 30.43, 30.3, 30.3, 30.3, 30.3, 30.3, 30.3, 30.26, 30.24, 30.23, 30.22, 30.14, 30.01, 29.94, 29.89, 29.85, 29.82], [30.43, 30.43, 30.42, 30.42, 30.3, 30.3, 30.3, 30.3, 30.3, 30.27, 30.26, 30.25, 30.23, 30.15, 30.19, 30.03, 29.93, 29.87, 29.83, 29.8], [30.42, 30.42, 30.42, 30.3, 30.3, 30.3, 30.3, 30.3, 30.29, 30.28, 30.25, 30.24, 30.12, 30.13, 30.04, 29.97, 29.89, 29.84, 29.8, 29.78], [30.42, 30.42, 30.24, 30.25, 30.25, 30.25, 30.26, 30.28, 30.28, 30.27, 30.25, 30.24, 30.1, 30.08, 29.92, 29.88, 29.83, 29.79, 29.76, 29.75], [30.24, 30.24, 30.24, 30.26, 30.26, 30.26, 30.27, 30.27, 30.26, 30.25, 30.25, 30.24, 30.07, 29.84, 29.82, 29.79, 29.76, 29.73, 29.72, 29.72], [30.25, 30.25, 30.25, 30.26, 30.26, 30.26, 30.26, 30.32, 30.25, 30.24, 30.24, 30.23, 30.01, 29.78, 29.75, 29.72, 29.69, 29.68, 29.68, 29.69], [30.25, 30.25, 30.25, 30.34, 30.33, 30.33, 30.32, 30.32, 30.31, 30.31, 30.31, 30.07, 29.79, 29.73, 29.7, 29.66, 29.63, 29.63, 29.64, 29.66], [30.35, 30.35, 30.35, 30.34, 30.34, 30.33, 30.32, 30.31, 30.29, 30.29, 30.3, 30.15, 29.81, 29.74, 29.68, 29.63, 29.6, 29.58, 29.61, 29.64], [30.35, 30.35, 30.35, 30.35, 30.34, 30.34, 30.33, 30.31, 30.27, 30.24, 30.29, 30.18, 30.13, 29.74, 29.68, 29.63, 29.58, 29.56, 29.6, 29.63], [30.36, 30.36, 30.36, 30.35, 30.35, 30.35, 30.34, 30.32, 30.29, 30.26, 30.23, 30.21, 30.17, 29.75, 29.69, 29.71, 29.65, 29.64, 29.62, 29.64], [30.36, 30.36, 30.36, 30.36, 30.36, 30.36, 30.35, 30.35, 30.34, 30.35, 30.28, 30.26, 30.22, 29.92, 29.84, 29.76, 29.72, 29.7, 29.7, 29.71], [30.37, 30.37, 30.37, 30.37, 30.37, 30.37, 30.38, 30.38, 30.4, 30.36, 30.38, 30.32, 30.24, 30.16, 29.89, 29.82, 29.77, 29.75, 29.74, 29.74], [30.37, 30.37, 30.37, 30.37, 30.38, 30.38, 30.39, 30.41, 30.44, 30.45, 30.52, 30.39, 30.28, 30.2, 29.94, 29.87, 29.82, 29.79, 29.78, 29.77], [30.37, 30.37, 30.38, 30.38, 30.39, 30.39, 30.41, 30.42, 30.36, 30.44, 30.48, 30.39, 30.3, 30.22, 29.98, 29.91, 29.87, 29.83, 29.81, 29.8], [30.38, 30.38, 30.38, 30.39, 30.39, 30.4, 30.41, 30.43, 30.34, 30.38, 30.39, 30.35, 30.28, 30.22, 30.0, 29.94, 29.9, 29.86, 29.84, 29.83], [30.38, 30.38, 30.38, 30.39, 30.39, 30.4, 30.41, 30.29, 30.31, 30.33, 30.33, 30.3, 30.26, 30.22, 30.01, 29.96, 29.92, 29.89, 29.87, 29.85]]}]